"Real NN 0 Correlation for T 1, Spin Coating 0: MAE","Predicted NN 0 Correlation for T 1, Spin Coating 0: MAE","Real NN 1 Correlation for T 1, Spin Coating 0: MAE","Predicted NN 1 Correlation for T 1, Spin Coating 0: MAE","Real NN 2 Correlation for T 1, Spin Coating 0: MAE","Predicted NN 2 Correlation for T 1, Spin Coating 0: MAE","Real NN 3 Correlation for T 1, Spin Coating 0: MAE","Predicted NN 3 Correlation for T 1, Spin Coating 0: MAE","Real NN 0 Correlation for T 1, Spin Coating 1: MAE","Predicted NN 0 Correlation for T 1, Spin Coating 1: MAE","Real NN 1 Correlation for T 1, Spin Coating 1: MAE","Predicted NN 1 Correlation for T 1, Spin Coating 1: MAE","Real NN 2 Correlation for T 1, Spin Coating 1: MAE","Predicted NN 2 Correlation for T 1, Spin Coating 1: MAE","Real NN 3 Correlation for T 1, Spin Coating 1: MAE","Predicted NN 3 Correlation for T 1, Spin Coating 1: MAE","Real NN 0 Correlation for T 2, Spin Coating 0: MAE","Predicted NN 0 Correlation for T 2, Spin Coating 0: MAE","Real NN 1 Correlation for T 2, Spin Coating 0: MAE","Predicted NN 1 Correlation for T 2, Spin Coating 0: MAE","Real NN 2 Correlation for T 2, Spin Coating 0: MAE","Predicted NN 2 Correlation for T 2, Spin Coating 0: MAE","Real NN 3 Correlation for T 2, Spin Coating 0: MAE","Predicted NN 3 Correlation for T 2, Spin Coating 0: MAE","Real NN 0 Correlation for T 2, Spin Coating 1: MAE","Predicted NN 0 Correlation for T 2, Spin Coating 1: MAE","Real NN 1 Correlation for T 2, Spin Coating 1: MAE","Predicted NN 1 Correlation for T 2, Spin Coating 1: MAE","Real NN 2 Correlation for T 2, Spin Coating 1: MAE","Predicted NN 2 Correlation for T 2, Spin Coating 1: MAE","Real NN 3 Correlation for T 2, Spin Coating 1: MAE","Predicted NN 3 Correlation for T 2, Spin Coating 1: MAE","Real NN 0 Correlation for T 3, Spin Coating 0: MAE","Predicted NN 0 Correlation for T 3, Spin Coating 0: MAE","Real NN 1 Correlation for T 3, Spin Coating 0: MAE","Predicted NN 1 Correlation for T 3, Spin Coating 0: MAE","Real NN 2 Correlation for T 3, Spin Coating 0: MAE","Predicted NN 2 Correlation for T 3, Spin Coating 0: MAE","Real NN 3 Correlation for T 3, Spin Coating 0: MAE","Predicted NN 3 Correlation for T 3, Spin Coating 0: MAE","Real NN 0 Correlation for T 3, Spin Coating 1: MAE","Predicted NN 0 Correlation for T 3, Spin Coating 1: MAE","Real NN 1 Correlation for T 3, Spin Coating 1: MAE","Predicted NN 1 Correlation for T 3, Spin Coating 1: MAE","Real NN 2 Correlation for T 3, Spin Coating 1: MAE","Predicted NN 2 Correlation for T 3, Spin Coating 1: MAE","Real NN 3 Correlation for T 3, Spin Coating 1: MAE","Predicted NN 3 Correlation for T 3, Spin Coating 1: MAE","Real NN 0 Correlation for T 4, Spin Coating 0: MAE","Predicted NN 0 Correlation for T 4, Spin Coating 0: MAE","Real NN 1 Correlation for T 4, Spin Coating 0: MAE","Predicted NN 1 Correlation for T 4, Spin Coating 0: MAE","Real NN 2 Correlation for T 4, Spin Coating 0: MAE","Predicted NN 2 Correlation for T 4, Spin Coating 0: MAE","Real NN 3 Correlation for T 4, Spin Coating 0: MAE","Predicted NN 3 Correlation for T 4, Spin Coating 0: MAE","Real NN 0 Correlation for T 4, Spin Coating 1: MAE","Predicted NN 0 Correlation for T 4, Spin Coating 1: MAE","Real NN 1 Correlation for T 4, Spin Coating 1: MAE","Predicted NN 1 Correlation for T 4, Spin Coating 1: MAE","Real NN 2 Correlation for T 4, Spin Coating 1: MAE","Predicted NN 2 Correlation for T 4, Spin Coating 1: MAE","Real NN 3 Correlation for T 4, Spin Coating 1: MAE","Predicted NN 3 Correlation for T 4, Spin Coating 1: MAE","Real NN 0 Correlation for T 5, Spin Coating 0: MAE","Predicted NN 0 Correlation for T 5, Spin Coating 0: MAE","Real NN 1 Correlation for T 5, Spin Coating 0: MAE","Predicted NN 1 Correlation for T 5, Spin Coating 0: MAE","Real NN 2 Correlation for T 5, Spin Coating 0: MAE","Predicted NN 2 Correlation for T 5, Spin Coating 0: MAE","Real NN 3 Correlation for T 5, Spin Coating 0: MAE","Predicted NN 3 Correlation for T 5, Spin Coating 0: MAE","Real NN 0 Correlation for T 5, Spin Coating 1: MAE","Predicted NN 0 Correlation for T 5, Spin Coating 1: MAE","Real NN 1 Correlation for T 5, Spin Coating 1: MAE","Predicted NN 1 Correlation for T 5, Spin Coating 1: MAE","Real NN 2 Correlation for T 5, Spin Coating 1: MAE","Predicted NN 2 Correlation for T 5, Spin Coating 1: MAE","Real NN 3 Correlation for T 5, Spin Coating 1: MAE","Predicted NN 3 Correlation for T 5, Spin Coating 1: MAE","Real NN 0 Correlation for T 6, Spin Coating 0: MAE","Predicted NN 0 Correlation for T 6, Spin Coating 0: MAE","Real NN 1 Correlation for T 6, Spin Coating 0: MAE","Predicted NN 1 Correlation for T 6, Spin Coating 0: MAE","Real NN 2 Correlation for T 6, Spin Coating 0: MAE","Predicted NN 2 Correlation for T 6, Spin Coating 0: MAE","Real NN 3 Correlation for T 6, Spin Coating 0: MAE","Predicted NN 3 Correlation for T 6, Spin Coating 0: MAE","Real NN 0 Correlation for T 6, Spin Coating 1: MAE","Predicted NN 0 Correlation for T 6, Spin Coating 1: MAE","Real NN 1 Correlation for T 6, Spin Coating 1: MAE","Predicted NN 1 Correlation for T 6, Spin Coating 1: MAE","Real NN 2 Correlation for T 6, Spin Coating 1: MAE","Predicted NN 2 Correlation for T 6, Spin Coating 1: MAE","Real NN 3 Correlation for T 6, Spin Coating 1: MAE","Predicted NN 3 Correlation for T 6, Spin Coating 1: MAE","Real NN 0 Correlation for T 7, Spin Coating 0: MAE","Predicted NN 0 Correlation for T 7, Spin Coating 0: MAE","Real NN 1 Correlation for T 7, Spin Coating 0: MAE","Predicted NN 1 Correlation for T 7, Spin Coating 0: MAE","Real NN 2 Correlation for T 7, Spin Coating 0: MAE","Predicted NN 2 Correlation for T 7, Spin Coating 0: MAE","Real NN 3 Correlation for T 7, Spin Coating 0: MAE","Predicted NN 3 Correlation for T 7, Spin Coating 0: MAE","Real NN 0 Correlation for T 7, Spin Coating 1: MAE","Predicted NN 0 Correlation for T 7, Spin Coating 1: MAE","Real NN 1 Correlation for T 7, Spin Coating 1: MAE","Predicted NN 1 Correlation for T 7, Spin Coating 1: MAE","Real NN 2 Correlation for T 7, Spin Coating 1: MAE","Predicted NN 2 Correlation for T 7, Spin Coating 1: MAE","Real NN 3 Correlation for T 7, Spin Coating 1: MAE","Predicted NN 3 Correlation for T 7, Spin Coating 1: MAE","Real NN 0 Correlation for T 8, Spin Coating 0: MAE","Predicted NN 0 Correlation for T 8, Spin Coating 0: MAE","Real NN 1 Correlation for T 8, Spin Coating 0: MAE","Predicted NN 1 Correlation for T 8, Spin Coating 0: MAE","Real NN 2 Correlation for T 8, Spin Coating 0: MAE","Predicted NN 2 Correlation for T 8, Spin Coating 0: MAE","Real NN 3 Correlation for T 8, Spin Coating 0: MAE","Predicted NN 3 Correlation for T 8, Spin Coating 0: MAE","Real NN 0 Correlation for T 8, Spin Coating 1: MAE","Predicted NN 0 Correlation for T 8, Spin Coating 1: MAE","Real NN 1 Correlation for T 8, Spin Coating 1: MAE","Predicted NN 1 Correlation for T 8, Spin Coating 1: MAE","Real NN 2 Correlation for T 8, Spin Coating 1: MAE","Predicted NN 2 Correlation for T 8, Spin Coating 1: MAE","Real NN 3 Correlation for T 8, Spin Coating 1: MAE","Predicted NN 3 Correlation for T 8, Spin Coating 1: MAE","Real NN 0 Correlation for T 9, Spin Coating 0: MAE","Predicted NN 0 Correlation for T 9, Spin Coating 0: MAE","Real NN 1 Correlation for T 9, Spin Coating 0: MAE","Predicted NN 1 Correlation for T 9, Spin Coating 0: MAE","Real NN 2 Correlation for T 9, Spin Coating 0: MAE","Predicted NN 2 Correlation for T 9, Spin Coating 0: MAE","Real NN 3 Correlation for T 9, Spin Coating 0: MAE","Predicted NN 3 Correlation for T 9, Spin Coating 0: MAE","Real NN 0 Correlation for T 9, Spin Coating 1: MAE","Predicted NN 0 Correlation for T 9, Spin Coating 1: MAE","Real NN 1 Correlation for T 9, Spin Coating 1: MAE","Predicted NN 1 Correlation for T 9, Spin Coating 1: MAE","Real NN 2 Correlation for T 9, Spin Coating 1: MAE","Predicted NN 2 Correlation for T 9, Spin Coating 1: MAE","Real NN 3 Correlation for T 9, Spin Coating 1: MAE","Predicted NN 3 Correlation for T 9, Spin Coating 1: MAE","Real NN 0 Correlation for T 10, Spin Coating 0: MAE","Predicted NN 0 Correlation for T 10, Spin Coating 0: MAE","Real NN 1 Correlation for T 10, Spin Coating 0: MAE","Predicted NN 1 Correlation for T 10, Spin Coating 0: MAE","Real NN 2 Correlation for T 10, Spin Coating 0: MAE","Predicted NN 2 Correlation for T 10, Spin Coating 0: MAE","Real NN 3 Correlation for T 10, Spin Coating 0: MAE","Predicted NN 3 Correlation for T 10, Spin Coating 0: MAE","Real NN 0 Correlation for T 10, Spin Coating 1: MAE","Predicted NN 0 Correlation for T 10, Spin Coating 1: MAE","Real NN 1 Correlation for T 10, Spin Coating 1: MAE","Predicted NN 1 Correlation for T 10, Spin Coating 1: MAE","Real NN 2 Correlation for T 10, Spin Coating 1: MAE","Predicted NN 2 Correlation for T 10, Spin Coating 1: MAE","Real NN 3 Correlation for T 10, Spin Coating 1: MAE","Predicted NN 3 Correlation for T 10, Spin Coating 1: MAE","Real NN 0 Correlation for T 11, Spin Coating 0: MAE","Predicted NN 0 Correlation for T 11, Spin Coating 0: MAE","Real NN 1 Correlation for T 11, Spin Coating 0: MAE","Predicted NN 1 Correlation for T 11, Spin Coating 0: MAE","Real NN 2 Correlation for T 11, Spin Coating 0: MAE","Predicted NN 2 Correlation for T 11, Spin Coating 0: MAE","Real NN 3 Correlation for T 11, Spin Coating 0: MAE","Predicted NN 3 Correlation for T 11, Spin Coating 0: MAE","Real NN 0 Correlation for T 11, Spin Coating 1: MAE","Predicted NN 0 Correlation for T 11, Spin Coating 1: MAE","Real NN 1 Correlation for T 11, Spin Coating 1: MAE","Predicted NN 1 Correlation for T 11, Spin Coating 1: MAE","Real NN 2 Correlation for T 11, Spin Coating 1: MAE","Predicted NN 2 Correlation for T 11, Spin Coating 1: MAE","Real NN 3 Correlation for T 11, Spin Coating 1: MAE","Predicted NN 3 Correlation for T 11, Spin Coating 1: MAE","Real NN 0 Correlation for T 12, Spin Coating 0: MAE","Predicted NN 0 Correlation for T 12, Spin Coating 0: MAE","Real NN 1 Correlation for T 12, Spin Coating 0: MAE","Predicted NN 1 Correlation for T 12, Spin Coating 0: MAE","Real NN 2 Correlation for T 12, Spin Coating 0: MAE","Predicted NN 2 Correlation for T 12, Spin Coating 0: MAE","Real NN 3 Correlation for T 12, Spin Coating 0: MAE","Predicted NN 3 Correlation for T 12, Spin Coating 0: MAE","Real NN 0 Correlation for T 12, Spin Coating 1: MAE","Predicted NN 0 Correlation for T 12, Spin Coating 1: MAE","Real NN 1 Correlation for T 12, Spin Coating 1: MAE","Predicted NN 1 Correlation for T 12, Spin Coating 1: MAE","Real NN 2 Correlation for T 12, Spin Coating 1: MAE","Predicted NN 2 Correlation for T 12, Spin Coating 1: MAE","Real NN 3 Correlation for T 12, Spin Coating 1: MAE","Predicted NN 3 Correlation for T 12, Spin Coating 1: MAE","Real NN 0 Correlation for T 13, Spin Coating 0: MAE","Predicted NN 0 Correlation for T 13, Spin Coating 0: MAE","Real NN 1 Correlation for T 13, Spin Coating 0: MAE","Predicted NN 1 Correlation for T 13, Spin Coating 0: MAE","Real NN 2 Correlation for T 13, Spin Coating 0: MAE","Predicted NN 2 Correlation for T 13, Spin Coating 0: MAE","Real NN 3 Correlation for T 13, Spin Coating 0: MAE","Predicted NN 3 Correlation for T 13, Spin Coating 0: MAE","Real NN 0 Correlation for T 13, Spin Coating 1: MAE","Predicted NN 0 Correlation for T 13, Spin Coating 1: MAE","Real NN 1 Correlation for T 13, Spin Coating 1: MAE","Predicted NN 1 Correlation for T 13, Spin Coating 1: MAE","Real NN 2 Correlation for T 13, Spin Coating 1: MAE","Predicted NN 2 Correlation for T 13, Spin Coating 1: MAE","Real NN 3 Correlation for T 13, Spin Coating 1: MAE","Predicted NN 3 Correlation for T 13, Spin Coating 1: MAE","Real NN 0 Correlation for T 14, Spin Coating 0: MAE","Predicted NN 0 Correlation for T 14, Spin Coating 0: MAE","Real NN 1 Correlation for T 14, Spin Coating 0: MAE","Predicted NN 1 Correlation for T 14, Spin Coating 0: MAE","Real NN 2 Correlation for T 14, Spin Coating 0: MAE","Predicted NN 2 Correlation for T 14, Spin Coating 0: MAE","Real NN 3 Correlation for T 14, Spin Coating 0: MAE","Predicted NN 3 Correlation for T 14, Spin Coating 0: MAE","Real NN 0 Correlation for T 14, Spin Coating 1: MAE","Predicted NN 0 Correlation for T 14, Spin Coating 1: MAE","Real NN 1 Correlation for T 14, Spin Coating 1: MAE","Predicted NN 1 Correlation for T 14, Spin Coating 1: MAE","Real NN 2 Correlation for T 14, Spin Coating 1: MAE","Predicted NN 2 Correlation for T 14, Spin Coating 1: MAE","Real NN 3 Correlation for T 14, Spin Coating 1: MAE","Predicted NN 3 Correlation for T 14, Spin Coating 1: MAE","Real NN 0 Correlation for T 15, Spin Coating 0: MAE","Predicted NN 0 Correlation for T 15, Spin Coating 0: MAE","Real NN 1 Correlation for T 15, Spin Coating 0: MAE","Predicted NN 1 Correlation for T 15, Spin Coating 0: MAE","Real NN 2 Correlation for T 15, Spin Coating 0: MAE","Predicted NN 2 Correlation for T 15, Spin Coating 0: MAE","Real NN 3 Correlation for T 15, Spin Coating 0: MAE","Predicted NN 3 Correlation for T 15, Spin Coating 0: MAE","Real NN 0 Correlation for T 15, Spin Coating 1: MAE","Predicted NN 0 Correlation for T 15, Spin Coating 1: MAE","Real NN 1 Correlation for T 15, Spin Coating 1: MAE","Predicted NN 1 Correlation for T 15, Spin Coating 1: MAE","Real NN 2 Correlation for T 15, Spin Coating 1: MAE","Predicted NN 2 Correlation for T 15, Spin Coating 1: MAE","Real NN 3 Correlation for T 15, Spin Coating 1: MAE","Predicted NN 3 Correlation for T 15, Spin Coating 1: MAE","Real NN 0 Correlation for T 16, Spin Coating 0: MAE","Predicted NN 0 Correlation for T 16, Spin Coating 0: MAE","Real NN 1 Correlation for T 16, Spin Coating 0: MAE","Predicted NN 1 Correlation for T 16, Spin Coating 0: MAE","Real NN 2 Correlation for T 16, Spin Coating 0: MAE","Predicted NN 2 Correlation for T 16, Spin Coating 0: MAE","Real NN 3 Correlation for T 16, Spin Coating 0: MAE","Predicted NN 3 Correlation for T 16, Spin Coating 0: MAE","Real NN 0 Correlation for T 16, Spin Coating 1: MAE","Predicted NN 0 Correlation for T 16, Spin Coating 1: MAE","Real NN 1 Correlation for T 16, Spin Coating 1: MAE","Predicted NN 1 Correlation for T 16, Spin Coating 1: MAE","Real NN 2 Correlation for T 16, Spin Coating 1: MAE","Predicted NN 2 Correlation for T 16, Spin Coating 1: MAE","Real NN 3 Correlation for T 16, Spin Coating 1: MAE","Predicted NN 3 Correlation for T 16, Spin Coating 1: MAE","Real NN 0 Correlation for T 17, Spin Coating 0: MAE","Predicted NN 0 Correlation for T 17, Spin Coating 0: MAE","Real NN 1 Correlation for T 17, Spin Coating 0: MAE","Predicted NN 1 Correlation for T 17, Spin Coating 0: MAE","Real NN 2 Correlation for T 17, Spin Coating 0: MAE","Predicted NN 2 Correlation for T 17, Spin Coating 0: MAE","Real NN 3 Correlation for T 17, Spin Coating 0: MAE","Predicted NN 3 Correlation for T 17, Spin Coating 0: MAE","Real NN 0 Correlation for T 17, Spin Coating 1: MAE","Predicted NN 0 Correlation for T 17, Spin Coating 1: MAE","Real NN 1 Correlation for T 17, Spin Coating 1: MAE","Predicted NN 1 Correlation for T 17, Spin Coating 1: MAE","Real NN 2 Correlation for T 17, Spin Coating 1: MAE","Predicted NN 2 Correlation for T 17, Spin Coating 1: MAE","Real NN 3 Correlation for T 17, Spin Coating 1: MAE","Predicted NN 3 Correlation for T 17, Spin Coating 1: MAE","Real NN 0 Correlation for T 18, Spin Coating 0: MAE","Predicted NN 0 Correlation for T 18, Spin Coating 0: MAE","Real NN 1 Correlation for T 18, Spin Coating 0: MAE","Predicted NN 1 Correlation for T 18, Spin Coating 0: MAE","Real NN 2 Correlation for T 18, Spin Coating 0: MAE","Predicted NN 2 Correlation for T 18, Spin Coating 0: MAE","Real NN 3 Correlation for T 18, Spin Coating 0: MAE","Predicted NN 3 Correlation for T 18, Spin Coating 0: MAE","Real NN 0 Correlation for T 18, Spin Coating 1: MAE","Predicted NN 0 Correlation for T 18, Spin Coating 1: MAE","Real NN 1 Correlation for T 18, Spin Coating 1: MAE","Predicted NN 1 Correlation for T 18, Spin Coating 1: MAE","Real NN 2 Correlation for T 18, Spin Coating 1: MAE","Predicted NN 2 Correlation for T 18, Spin Coating 1: MAE","Real NN 3 Correlation for T 18, Spin Coating 1: MAE","Predicted NN 3 Correlation for T 18, Spin Coating 1: MAE","Real NN 0 Correlation for T 19, Spin Coating 0: MAE","Predicted NN 0 Correlation for T 19, Spin Coating 0: MAE","Real NN 1 Correlation for T 19, Spin Coating 0: MAE","Predicted NN 1 Correlation for T 19, Spin Coating 0: MAE","Real NN 2 Correlation for T 19, Spin Coating 0: MAE","Predicted NN 2 Correlation for T 19, Spin Coating 0: MAE","Real NN 3 Correlation for T 19, Spin Coating 0: MAE","Predicted NN 3 Correlation for T 19, Spin Coating 0: MAE","Real NN 0 Correlation for T 19, Spin Coating 1: MAE","Predicted NN 0 Correlation for T 19, Spin Coating 1: MAE","Real NN 1 Correlation for T 19, Spin Coating 1: MAE","Predicted NN 1 Correlation for T 19, Spin Coating 1: MAE","Real NN 2 Correlation for T 19, Spin Coating 1: MAE","Predicted NN 2 Correlation for T 19, Spin Coating 1: MAE","Real NN 3 Correlation for T 19, Spin Coating 1: MAE","Predicted NN 3 Correlation for T 19, Spin Coating 1: MAE","Real NN 0 Correlation for T 20, Spin Coating 0: MAE","Predicted NN 0 Correlation for T 20, Spin Coating 0: MAE","Real NN 1 Correlation for T 20, Spin Coating 0: MAE","Predicted NN 1 Correlation for T 20, Spin Coating 0: MAE","Real NN 2 Correlation for T 20, Spin Coating 0: MAE","Predicted NN 2 Correlation for T 20, Spin Coating 0: MAE","Real NN 3 Correlation for T 20, Spin Coating 0: MAE","Predicted NN 3 Correlation for T 20, Spin Coating 0: MAE","Real NN 0 Correlation for T 20, Spin Coating 1: MAE","Predicted NN 0 Correlation for T 20, Spin Coating 1: MAE","Real NN 1 Correlation for T 20, Spin Coating 1: MAE","Predicted NN 1 Correlation for T 20, Spin Coating 1: MAE","Real NN 2 Correlation for T 20, Spin Coating 1: MAE","Predicted NN 2 Correlation for T 20, Spin Coating 1: MAE","Real NN 3 Correlation for T 20, Spin Coating 1: MAE","Predicted NN 3 Correlation for T 20, Spin Coating 1: MAE","Real NN 0 Correlation for T 21, Spin Coating 0: MAE","Predicted NN 0 Correlation for T 21, Spin Coating 0: MAE","Real NN 1 Correlation for T 21, Spin Coating 0: MAE","Predicted NN 1 Correlation for T 21, Spin Coating 0: MAE","Real NN 2 Correlation for T 21, Spin Coating 0: MAE","Predicted NN 2 Correlation for T 21, Spin Coating 0: MAE","Real NN 3 Correlation for T 21, Spin Coating 0: MAE","Predicted NN 3 Correlation for T 21, Spin Coating 0: MAE","Real NN 0 Correlation for T 21, Spin Coating 1: MAE","Predicted NN 0 Correlation for T 21, Spin Coating 1: MAE","Real NN 1 Correlation for T 21, Spin Coating 1: MAE","Predicted NN 1 Correlation for T 21, Spin Coating 1: MAE","Real NN 2 Correlation for T 21, Spin Coating 1: MAE","Predicted NN 2 Correlation for T 21, Spin Coating 1: MAE","Real NN 3 Correlation for T 21, Spin Coating 1: MAE","Predicted NN 3 Correlation for T 21, Spin Coating 1: MAE","Real NN 0 Correlation for T 22, Spin Coating 0: MAE","Predicted NN 0 Correlation for T 22, Spin Coating 0: MAE","Real NN 1 Correlation for T 22, Spin Coating 0: MAE","Predicted NN 1 Correlation for T 22, Spin Coating 0: MAE","Real NN 2 Correlation for T 22, Spin Coating 0: MAE","Predicted NN 2 Correlation for T 22, Spin Coating 0: MAE","Real NN 3 Correlation for T 22, Spin Coating 0: MAE","Predicted NN 3 Correlation for T 22, Spin Coating 0: MAE","Real NN 0 Correlation for T 22, Spin Coating 1: MAE","Predicted NN 0 Correlation for T 22, Spin Coating 1: MAE","Real NN 1 Correlation for T 22, Spin Coating 1: MAE","Predicted NN 1 Correlation for T 22, Spin Coating 1: MAE","Real NN 2 Correlation for T 22, Spin Coating 1: MAE","Predicted NN 2 Correlation for T 22, Spin Coating 1: MAE","Real NN 3 Correlation for T 22, Spin Coating 1: MAE","Predicted NN 3 Correlation for T 22, Spin Coating 1: MAE","Real NN 0 Correlation for T 23, Spin Coating 0: MAE","Predicted NN 0 Correlation for T 23, Spin Coating 0: MAE","Real NN 1 Correlation for T 23, Spin Coating 0: MAE","Predicted NN 1 Correlation for T 23, Spin Coating 0: MAE","Real NN 2 Correlation for T 23, Spin Coating 0: MAE","Predicted NN 2 Correlation for T 23, Spin Coating 0: MAE","Real NN 3 Correlation for T 23, Spin Coating 0: MAE","Predicted NN 3 Correlation for T 23, Spin Coating 0: MAE","Real NN 0 Correlation for T 23, Spin Coating 1: MAE","Predicted NN 0 Correlation for T 23, Spin Coating 1: MAE","Real NN 1 Correlation for T 23, Spin Coating 1: MAE","Predicted NN 1 Correlation for T 23, Spin Coating 1: MAE","Real NN 2 Correlation for T 23, Spin Coating 1: MAE","Predicted NN 2 Correlation for T 23, Spin Coating 1: MAE","Real NN 3 Correlation for T 23, Spin Coating 1: MAE","Predicted NN 3 Correlation for T 23, Spin Coating 1: MAE","Real NN 0 Correlation for T 24, Spin Coating 0: MAE","Predicted NN 0 Correlation for T 24, Spin Coating 0: MAE","Real NN 1 Correlation for T 24, Spin Coating 0: MAE","Predicted NN 1 Correlation for T 24, Spin Coating 0: MAE","Real NN 2 Correlation for T 24, Spin Coating 0: MAE","Predicted NN 2 Correlation for T 24, Spin Coating 0: MAE","Real NN 3 Correlation for T 24, Spin Coating 0: MAE","Predicted NN 3 Correlation for T 24, Spin Coating 0: MAE","Real NN 0 Correlation for T 24, Spin Coating 1: MAE","Predicted NN 0 Correlation for T 24, Spin Coating 1: MAE","Real NN 1 Correlation for T 24, Spin Coating 1: MAE","Predicted NN 1 Correlation for T 24, Spin Coating 1: MAE","Real NN 2 Correlation for T 24, Spin Coating 1: MAE","Predicted NN 2 Correlation for T 24, Spin Coating 1: MAE","Real NN 3 Correlation for T 24, Spin Coating 1: MAE","Predicted NN 3 Correlation for T 24, Spin Coating 1: MAE","Real NN 0 Correlation for T 25, Spin Coating 0: MAE","Predicted NN 0 Correlation for T 25, Spin Coating 0: MAE","Real NN 1 Correlation for T 25, Spin Coating 0: MAE","Predicted NN 1 Correlation for T 25, Spin Coating 0: MAE","Real NN 2 Correlation for T 25, Spin Coating 0: MAE","Predicted NN 2 Correlation for T 25, Spin Coating 0: MAE","Real NN 3 Correlation for T 25, Spin Coating 0: MAE","Predicted NN 3 Correlation for T 25, Spin Coating 0: MAE","Real NN 0 Correlation for T 25, Spin Coating 1: MAE","Predicted NN 0 Correlation for T 25, Spin Coating 1: MAE","Real NN 1 Correlation for T 25, Spin Coating 1: MAE","Predicted NN 1 Correlation for T 25, Spin Coating 1: MAE","Real NN 2 Correlation for T 25, Spin Coating 1: MAE","Predicted NN 2 Correlation for T 25, Spin Coating 1: MAE","Real NN 3 Correlation for T 25, Spin Coating 1: MAE","Predicted NN 3 Correlation for T 25, Spin Coating 1: MAE","Real NN 0 Correlation for T 26, Spin Coating 0: MAE","Predicted NN 0 Correlation for T 26, Spin Coating 0: MAE","Real NN 1 Correlation for T 26, Spin Coating 0: MAE","Predicted NN 1 Correlation for T 26, Spin Coating 0: MAE","Real NN 2 Correlation for T 26, Spin Coating 0: MAE","Predicted NN 2 Correlation for T 26, Spin Coating 0: MAE","Real NN 3 Correlation for T 26, Spin Coating 0: MAE","Predicted NN 3 Correlation for T 26, Spin Coating 0: MAE","Real NN 0 Correlation for T 26, Spin Coating 1: MAE","Predicted NN 0 Correlation for T 26, Spin Coating 1: MAE","Real NN 1 Correlation for T 26, Spin Coating 1: MAE","Predicted NN 1 Correlation for T 26, Spin Coating 1: MAE","Real NN 2 Correlation for T 26, Spin Coating 1: MAE","Predicted NN 2 Correlation for T 26, Spin Coating 1: MAE","Real NN 3 Correlation for T 26, Spin Coating 1: MAE","Predicted NN 3 Correlation for T 26, Spin Coating 1: MAE","Real NN 0 Correlation for T 27, Spin Coating 0: MAE","Predicted NN 0 Correlation for T 27, Spin Coating 0: MAE","Real NN 1 Correlation for T 27, Spin Coating 0: MAE","Predicted NN 1 Correlation for T 27, Spin Coating 0: MAE","Real NN 2 Correlation for T 27, Spin Coating 0: MAE","Predicted NN 2 Correlation for T 27, Spin Coating 0: MAE","Real NN 3 Correlation for T 27, Spin Coating 0: MAE","Predicted NN 3 Correlation for T 27, Spin Coating 0: MAE","Real NN 0 Correlation for T 27, Spin Coating 1: MAE","Predicted NN 0 Correlation for T 27, Spin Coating 1: MAE","Real NN 1 Correlation for T 27, Spin Coating 1: MAE","Predicted NN 1 Correlation for T 27, Spin Coating 1: MAE","Real NN 2 Correlation for T 27, Spin Coating 1: MAE","Predicted NN 2 Correlation for T 27, Spin Coating 1: MAE","Real NN 3 Correlation for T 27, Spin Coating 1: MAE","Predicted NN 3 Correlation for T 27, Spin Coating 1: MAE","Real NN 0 Correlation for T 28, Spin Coating 0: MAE","Predicted NN 0 Correlation for T 28, Spin Coating 0: MAE","Real NN 1 Correlation for T 28, Spin Coating 0: MAE","Predicted NN 1 Correlation for T 28, Spin Coating 0: MAE","Real NN 2 Correlation for T 28, Spin Coating 0: MAE","Predicted NN 2 Correlation for T 28, Spin Coating 0: MAE","Real NN 3 Correlation for T 28, Spin Coating 0: MAE","Predicted NN 3 Correlation for T 28, Spin Coating 0: MAE","Real NN 0 Correlation for T 28, Spin Coating 1: MAE","Predicted NN 0 Correlation for T 28, Spin Coating 1: MAE","Real NN 1 Correlation for T 28, Spin Coating 1: MAE","Predicted NN 1 Correlation for T 28, Spin Coating 1: MAE","Real NN 2 Correlation for T 28, Spin Coating 1: MAE","Predicted NN 2 Correlation for T 28, Spin Coating 1: MAE","Real NN 3 Correlation for T 28, Spin Coating 1: MAE","Predicted NN 3 Correlation for T 28, Spin Coating 1: MAE","Real NN 0 Correlation for T 29, Spin Coating 0: MAE","Predicted NN 0 Correlation for T 29, Spin Coating 0: MAE","Real NN 1 Correlation for T 29, Spin Coating 0: MAE","Predicted NN 1 Correlation for T 29, Spin Coating 0: MAE","Real NN 2 Correlation for T 29, Spin Coating 0: MAE","Predicted NN 2 Correlation for T 29, Spin Coating 0: MAE","Real NN 3 Correlation for T 29, Spin Coating 0: MAE","Predicted NN 3 Correlation for T 29, Spin Coating 0: MAE","Real NN 0 Correlation for T 29, Spin Coating 1: MAE","Predicted NN 0 Correlation for T 29, Spin Coating 1: MAE","Real NN 1 Correlation for T 29, Spin Coating 1: MAE","Predicted NN 1 Correlation for T 29, Spin Coating 1: MAE","Real NN 2 Correlation for T 29, Spin Coating 1: MAE","Predicted NN 2 Correlation for T 29, Spin Coating 1: MAE","Real NN 3 Correlation for T 29, Spin Coating 1: MAE","Predicted NN 3 Correlation for T 29, Spin Coating 1: MAE","Real NN 0 Correlation for T 30, Spin Coating 0: MAE","Predicted NN 0 Correlation for T 30, Spin Coating 0: MAE","Real NN 1 Correlation for T 30, Spin Coating 0: MAE","Predicted NN 1 Correlation for T 30, Spin Coating 0: MAE","Real NN 2 Correlation for T 30, Spin Coating 0: MAE","Predicted NN 2 Correlation for T 30, Spin Coating 0: MAE","Real NN 3 Correlation for T 30, Spin Coating 0: MAE","Predicted NN 3 Correlation for T 30, Spin Coating 0: MAE","Real NN 0 Correlation for T 30, Spin Coating 1: MAE","Predicted NN 0 Correlation for T 30, Spin Coating 1: MAE","Real NN 1 Correlation for T 30, Spin Coating 1: MAE","Predicted NN 1 Correlation for T 30, Spin Coating 1: MAE","Real NN 2 Correlation for T 30, Spin Coating 1: MAE","Predicted NN 2 Correlation for T 30, Spin Coating 1: MAE","Real NN 3 Correlation for T 30, Spin Coating 1: MAE","Predicted NN 3 Correlation for T 30, Spin Coating 1: MAE","Real NN 0 Correlation for T 31, Spin Coating 0: MAE","Predicted NN 0 Correlation for T 31, Spin Coating 0: MAE","Real NN 1 Correlation for T 31, Spin Coating 0: MAE","Predicted NN 1 Correlation for T 31, Spin Coating 0: MAE","Real NN 2 Correlation for T 31, Spin Coating 0: MAE","Predicted NN 2 Correlation for T 31, Spin Coating 0: MAE","Real NN 3 Correlation for T 31, Spin Coating 0: MAE","Predicted NN 3 Correlation for T 31, Spin Coating 0: MAE","Real NN 0 Correlation for T 31, Spin Coating 1: MAE","Predicted NN 0 Correlation for T 31, Spin Coating 1: MAE","Real NN 1 Correlation for T 31, Spin Coating 1: MAE","Predicted NN 1 Correlation for T 31, Spin Coating 1: MAE","Real NN 2 Correlation for T 31, Spin Coating 1: MAE","Predicted NN 2 Correlation for T 31, Spin Coating 1: MAE","Real NN 3 Correlation for T 31, Spin Coating 1: MAE","Predicted NN 3 Correlation for T 31, Spin Coating 1: MAE","Real NN 0 Correlation for T 32, Spin Coating 0: MAE","Predicted NN 0 Correlation for T 32, Spin Coating 0: MAE","Real NN 1 Correlation for T 32, Spin Coating 0: MAE","Predicted NN 1 Correlation for T 32, Spin Coating 0: MAE","Real NN 2 Correlation for T 32, Spin Coating 0: MAE","Predicted NN 2 Correlation for T 32, Spin Coating 0: MAE","Real NN 3 Correlation for T 32, Spin Coating 0: MAE","Predicted NN 3 Correlation for T 32, Spin Coating 0: MAE","Real NN 0 Correlation for T 32, Spin Coating 1: MAE","Predicted NN 0 Correlation for T 32, Spin Coating 1: MAE","Real NN 1 Correlation for T 32, Spin Coating 1: MAE","Predicted NN 1 Correlation for T 32, Spin Coating 1: MAE","Real NN 2 Correlation for T 32, Spin Coating 1: MAE","Predicted NN 2 Correlation for T 32, Spin Coating 1: MAE","Real NN 3 Correlation for T 32, Spin Coating 1: MAE","Predicted NN 3 Correlation for T 32, Spin Coating 1: MAE","Real NN 0 Correlation for T 33, Spin Coating 0: MAE","Predicted NN 0 Correlation for T 33, Spin Coating 0: MAE","Real NN 1 Correlation for T 33, Spin Coating 0: MAE","Predicted NN 1 Correlation for T 33, Spin Coating 0: MAE","Real NN 2 Correlation for T 33, Spin Coating 0: MAE","Predicted NN 2 Correlation for T 33, Spin Coating 0: MAE","Real NN 3 Correlation for T 33, Spin Coating 0: MAE","Predicted NN 3 Correlation for T 33, Spin Coating 0: MAE","Real NN 0 Correlation for T 33, Spin Coating 1: MAE","Predicted NN 0 Correlation for T 33, Spin Coating 1: MAE","Real NN 1 Correlation for T 33, Spin Coating 1: MAE","Predicted NN 1 Correlation for T 33, Spin Coating 1: MAE","Real NN 2 Correlation for T 33, Spin Coating 1: MAE","Predicted NN 2 Correlation for T 33, Spin Coating 1: MAE","Real NN 3 Correlation for T 33, Spin Coating 1: MAE","Predicted NN 3 Correlation for T 33, Spin Coating 1: MAE","Real NN 0 Correlation for T 34, Spin Coating 0: MAE","Predicted NN 0 Correlation for T 34, Spin Coating 0: MAE","Real NN 1 Correlation for T 34, Spin Coating 0: MAE","Predicted NN 1 Correlation for T 34, Spin Coating 0: MAE","Real NN 2 Correlation for T 34, Spin Coating 0: MAE","Predicted NN 2 Correlation for T 34, Spin Coating 0: MAE","Real NN 3 Correlation for T 34, Spin Coating 0: MAE","Predicted NN 3 Correlation for T 34, Spin Coating 0: MAE","Real NN 0 Correlation for T 34, Spin Coating 1: MAE","Predicted NN 0 Correlation for T 34, Spin Coating 1: MAE","Real NN 1 Correlation for T 34, Spin Coating 1: MAE","Predicted NN 1 Correlation for T 34, Spin Coating 1: MAE","Real NN 2 Correlation for T 34, Spin Coating 1: MAE","Predicted NN 2 Correlation for T 34, Spin Coating 1: MAE","Real NN 3 Correlation for T 34, Spin Coating 1: MAE","Predicted NN 3 Correlation for T 34, Spin Coating 1: MAE","Real NN 0 Correlation for T 35, Spin Coating 0: MAE","Predicted NN 0 Correlation for T 35, Spin Coating 0: MAE","Real NN 1 Correlation for T 35, Spin Coating 0: MAE","Predicted NN 1 Correlation for T 35, Spin Coating 0: MAE","Real NN 2 Correlation for T 35, Spin Coating 0: MAE","Predicted NN 2 Correlation for T 35, Spin Coating 0: MAE","Real NN 3 Correlation for T 35, Spin Coating 0: MAE","Predicted NN 3 Correlation for T 35, Spin Coating 0: MAE","Real NN 0 Correlation for T 35, Spin Coating 1: MAE","Predicted NN 0 Correlation for T 35, Spin Coating 1: MAE","Real NN 1 Correlation for T 35, Spin Coating 1: MAE","Predicted NN 1 Correlation for T 35, Spin Coating 1: MAE","Real NN 2 Correlation for T 35, Spin Coating 1: MAE","Predicted NN 2 Correlation for T 35, Spin Coating 1: MAE","Real NN 3 Correlation for T 35, Spin Coating 1: MAE","Predicted NN 3 Correlation for T 35, Spin Coating 1: MAE","Real NN 0 Correlation for T 36, Spin Coating 0: MAE","Predicted NN 0 Correlation for T 36, Spin Coating 0: MAE","Real NN 1 Correlation for T 36, Spin Coating 0: MAE","Predicted NN 1 Correlation for T 36, Spin Coating 0: MAE","Real NN 2 Correlation for T 36, Spin Coating 0: MAE","Predicted NN 2 Correlation for T 36, Spin Coating 0: MAE","Real NN 3 Correlation for T 36, Spin Coating 0: MAE","Predicted NN 3 Correlation for T 36, Spin Coating 0: MAE","Real NN 0 Correlation for T 36, Spin Coating 1: MAE","Predicted NN 0 Correlation for T 36, Spin Coating 1: MAE","Real NN 1 Correlation for T 36, Spin Coating 1: MAE","Predicted NN 1 Correlation for T 36, Spin Coating 1: MAE","Real NN 2 Correlation for T 36, Spin Coating 1: MAE","Predicted NN 2 Correlation for T 36, Spin Coating 1: MAE","Real NN 3 Correlation for T 36, Spin Coating 1: MAE","Predicted NN 3 Correlation for T 36, Spin Coating 1: MAE","Real NN 0 Correlation for T 37, Spin Coating 0: MAE","Predicted NN 0 Correlation for T 37, Spin Coating 0: MAE","Real NN 1 Correlation for T 37, Spin Coating 0: MAE","Predicted NN 1 Correlation for T 37, Spin Coating 0: MAE","Real NN 2 Correlation for T 37, Spin Coating 0: MAE","Predicted NN 2 Correlation for T 37, Spin Coating 0: MAE","Real NN 3 Correlation for T 37, Spin Coating 0: MAE","Predicted NN 3 Correlation for T 37, Spin Coating 0: MAE","Real NN 0 Correlation for T 37, Spin Coating 1: MAE","Predicted NN 0 Correlation for T 37, Spin Coating 1: MAE","Real NN 1 Correlation for T 37, Spin Coating 1: MAE","Predicted NN 1 Correlation for T 37, Spin Coating 1: MAE","Real NN 2 Correlation for T 37, Spin Coating 1: MAE","Predicted NN 2 Correlation for T 37, Spin Coating 1: MAE","Real NN 3 Correlation for T 37, Spin Coating 1: MAE","Predicted NN 3 Correlation for T 37, Spin Coating 1: MAE","Real NN 0 Correlation for T 38, Spin Coating 0: MAE","Predicted NN 0 Correlation for T 38, Spin Coating 0: MAE","Real NN 1 Correlation for T 38, Spin Coating 0: MAE","Predicted NN 1 Correlation for T 38, Spin Coating 0: MAE","Real NN 2 Correlation for T 38, Spin Coating 0: MAE","Predicted NN 2 Correlation for T 38, Spin Coating 0: MAE","Real NN 3 Correlation for T 38, Spin Coating 0: MAE","Predicted NN 3 Correlation for T 38, Spin Coating 0: MAE","Real NN 0 Correlation for T 38, Spin Coating 1: MAE","Predicted NN 0 Correlation for T 38, Spin Coating 1: MAE","Real NN 1 Correlation for T 38, Spin Coating 1: MAE","Predicted NN 1 Correlation for T 38, Spin Coating 1: MAE","Real NN 2 Correlation for T 38, Spin Coating 1: MAE","Predicted NN 2 Correlation for T 38, Spin Coating 1: MAE","Real NN 3 Correlation for T 38, Spin Coating 1: MAE","Predicted NN 3 Correlation for T 38, Spin Coating 1: MAE","Real NN 0 Correlation for T 39, Spin Coating 0: MAE","Predicted NN 0 Correlation for T 39, Spin Coating 0: MAE","Real NN 1 Correlation for T 39, Spin Coating 0: MAE","Predicted NN 1 Correlation for T 39, Spin Coating 0: MAE","Real NN 2 Correlation for T 39, Spin Coating 0: MAE","Predicted NN 2 Correlation for T 39, Spin Coating 0: MAE","Real NN 3 Correlation for T 39, Spin Coating 0: MAE","Predicted NN 3 Correlation for T 39, Spin Coating 0: MAE","Real NN 0 Correlation for T 39, Spin Coating 1: MAE","Predicted NN 0 Correlation for T 39, Spin Coating 1: MAE","Real NN 1 Correlation for T 39, Spin Coating 1: MAE","Predicted NN 1 Correlation for T 39, Spin Coating 1: MAE","Real NN 2 Correlation for T 39, Spin Coating 1: MAE","Predicted NN 2 Correlation for T 39, Spin Coating 1: MAE","Real NN 3 Correlation for T 39, Spin Coating 1: MAE","Predicted NN 3 Correlation for T 39, Spin Coating 1: MAE","Real NN 0 Correlation for T 40, Spin Coating 0: MAE","Predicted NN 0 Correlation for T 40, Spin Coating 0: MAE","Real NN 1 Correlation for T 40, Spin Coating 0: MAE","Predicted NN 1 Correlation for T 40, Spin Coating 0: MAE","Real NN 2 Correlation for T 40, Spin Coating 0: MAE","Predicted NN 2 Correlation for T 40, Spin Coating 0: MAE","Real NN 3 Correlation for T 40, Spin Coating 0: MAE","Predicted NN 3 Correlation for T 40, Spin Coating 0: MAE","Real NN 0 Correlation for T 40, Spin Coating 1: MAE","Predicted NN 0 Correlation for T 40, Spin Coating 1: MAE","Real NN 1 Correlation for T 40, Spin Coating 1: MAE","Predicted NN 1 Correlation for T 40, Spin Coating 1: MAE","Real NN 2 Correlation for T 40, Spin Coating 1: MAE","Predicted NN 2 Correlation for T 40, Spin Coating 1: MAE","Real NN 3 Correlation for T 40, Spin Coating 1: MAE","Predicted NN 3 Correlation for T 40, Spin Coating 1: MAE","Real NN 0 Correlation for T 41, Spin Coating 0: MAE","Predicted NN 0 Correlation for T 41, Spin Coating 0: MAE","Real NN 1 Correlation for T 41, Spin Coating 0: MAE","Predicted NN 1 Correlation for T 41, Spin Coating 0: MAE","Real NN 2 Correlation for T 41, Spin Coating 0: MAE","Predicted NN 2 Correlation for T 41, Spin Coating 0: MAE","Real NN 3 Correlation for T 41, Spin Coating 0: MAE","Predicted NN 3 Correlation for T 41, Spin Coating 0: MAE","Real NN 0 Correlation for T 41, Spin Coating 1: MAE","Predicted NN 0 Correlation for T 41, Spin Coating 1: MAE","Real NN 1 Correlation for T 41, Spin Coating 1: MAE","Predicted NN 1 Correlation for T 41, Spin Coating 1: MAE","Real NN 2 Correlation for T 41, Spin Coating 1: MAE","Predicted NN 2 Correlation for T 41, Spin Coating 1: MAE","Real NN 3 Correlation for T 41, Spin Coating 1: MAE","Predicted NN 3 Correlation for T 41, Spin Coating 1: MAE","Real NN 0 Correlation for T 42, Spin Coating 0: MAE","Predicted NN 0 Correlation for T 42, Spin Coating 0: MAE","Real NN 1 Correlation for T 42, Spin Coating 0: MAE","Predicted NN 1 Correlation for T 42, Spin Coating 0: MAE","Real NN 2 Correlation for T 42, Spin Coating 0: MAE","Predicted NN 2 Correlation for T 42, Spin Coating 0: MAE","Real NN 3 Correlation for T 42, Spin Coating 0: MAE","Predicted NN 3 Correlation for T 42, Spin Coating 0: MAE","Real NN 0 Correlation for T 42, Spin Coating 1: MAE","Predicted NN 0 Correlation for T 42, Spin Coating 1: MAE","Real NN 1 Correlation for T 42, Spin Coating 1: MAE","Predicted NN 1 Correlation for T 42, Spin Coating 1: MAE","Real NN 2 Correlation for T 42, Spin Coating 1: MAE","Predicted NN 2 Correlation for T 42, Spin Coating 1: MAE","Real NN 3 Correlation for T 42, Spin Coating 1: MAE","Predicted NN 3 Correlation for T 42, Spin Coating 1: MAE","Real NN 0 Correlation for T 43, Spin Coating 0: MAE","Predicted NN 0 Correlation for T 43, Spin Coating 0: MAE","Real NN 1 Correlation for T 43, Spin Coating 0: MAE","Predicted NN 1 Correlation for T 43, Spin Coating 0: MAE","Real NN 2 Correlation for T 43, Spin Coating 0: MAE","Predicted NN 2 Correlation for T 43, Spin Coating 0: MAE","Real NN 3 Correlation for T 43, Spin Coating 0: MAE","Predicted NN 3 Correlation for T 43, Spin Coating 0: MAE","Real NN 0 Correlation for T 43, Spin Coating 1: MAE","Predicted NN 0 Correlation for T 43, Spin Coating 1: MAE","Real NN 1 Correlation for T 43, Spin Coating 1: MAE","Predicted NN 1 Correlation for T 43, Spin Coating 1: MAE","Real NN 2 Correlation for T 43, Spin Coating 1: MAE","Predicted NN 2 Correlation for T 43, Spin Coating 1: MAE","Real NN 3 Correlation for T 43, Spin Coating 1: MAE","Predicted NN 3 Correlation for T 43, Spin Coating 1: MAE","Real NN 0 Correlation for T 44, Spin Coating 0: MAE","Predicted NN 0 Correlation for T 44, Spin Coating 0: MAE","Real NN 1 Correlation for T 44, Spin Coating 0: MAE","Predicted NN 1 Correlation for T 44, Spin Coating 0: MAE","Real NN 2 Correlation for T 44, Spin Coating 0: MAE","Predicted NN 2 Correlation for T 44, Spin Coating 0: MAE","Real NN 3 Correlation for T 44, Spin Coating 0: MAE","Predicted NN 3 Correlation for T 44, Spin Coating 0: MAE","Real NN 0 Correlation for T 44, Spin Coating 1: MAE","Predicted NN 0 Correlation for T 44, Spin Coating 1: MAE","Real NN 1 Correlation for T 44, Spin Coating 1: MAE","Predicted NN 1 Correlation for T 44, Spin Coating 1: MAE","Real NN 2 Correlation for T 44, Spin Coating 1: MAE","Predicted NN 2 Correlation for T 44, Spin Coating 1: MAE","Real NN 3 Correlation for T 44, Spin Coating 1: MAE","Predicted NN 3 Correlation for T 44, Spin Coating 1: MAE","Real NN 0 Correlation for T 45, Spin Coating 0: MAE","Predicted NN 0 Correlation for T 45, Spin Coating 0: MAE","Real NN 1 Correlation for T 45, Spin Coating 0: MAE","Predicted NN 1 Correlation for T 45, Spin Coating 0: MAE","Real NN 2 Correlation for T 45, Spin Coating 0: MAE","Predicted NN 2 Correlation for T 45, Spin Coating 0: MAE","Real NN 3 Correlation for T 45, Spin Coating 0: MAE","Predicted NN 3 Correlation for T 45, Spin Coating 0: MAE","Real NN 0 Correlation for T 45, Spin Coating 1: MAE","Predicted NN 0 Correlation for T 45, Spin Coating 1: MAE","Real NN 1 Correlation for T 45, Spin Coating 1: MAE","Predicted NN 1 Correlation for T 45, Spin Coating 1: MAE","Real NN 2 Correlation for T 45, Spin Coating 1: MAE","Predicted NN 2 Correlation for T 45, Spin Coating 1: MAE","Real NN 3 Correlation for T 45, Spin Coating 1: MAE","Predicted NN 3 Correlation for T 45, Spin Coating 1: MAE","Real NN 0 Correlation for T 46, Spin Coating 0: MAE","Predicted NN 0 Correlation for T 46, Spin Coating 0: MAE","Real NN 1 Correlation for T 46, Spin Coating 0: MAE","Predicted NN 1 Correlation for T 46, Spin Coating 0: MAE","Real NN 2 Correlation for T 46, Spin Coating 0: MAE","Predicted NN 2 Correlation for T 46, Spin Coating 0: MAE","Real NN 3 Correlation for T 46, Spin Coating 0: MAE","Predicted NN 3 Correlation for T 46, Spin Coating 0: MAE","Real NN 0 Correlation for T 46, Spin Coating 1: MAE","Predicted NN 0 Correlation for T 46, Spin Coating 1: MAE","Real NN 1 Correlation for T 46, Spin Coating 1: MAE","Predicted NN 1 Correlation for T 46, Spin Coating 1: MAE","Real NN 2 Correlation for T 46, Spin Coating 1: MAE","Predicted NN 2 Correlation for T 46, Spin Coating 1: MAE","Real NN 3 Correlation for T 46, Spin Coating 1: MAE","Predicted NN 3 Correlation for T 46, Spin Coating 1: MAE","Real NN 0 Correlation for T 47, Spin Coating 0: MAE","Predicted NN 0 Correlation for T 47, Spin Coating 0: MAE","Real NN 1 Correlation for T 47, Spin Coating 0: MAE","Predicted NN 1 Correlation for T 47, Spin Coating 0: MAE","Real NN 2 Correlation for T 47, Spin Coating 0: MAE","Predicted NN 2 Correlation for T 47, Spin Coating 0: MAE","Real NN 3 Correlation for T 47, Spin Coating 0: MAE","Predicted NN 3 Correlation for T 47, Spin Coating 0: MAE","Real NN 0 Correlation for T 47, Spin Coating 1: MAE","Predicted NN 0 Correlation for T 47, Spin Coating 1: MAE","Real NN 1 Correlation for T 47, Spin Coating 1: MAE","Predicted NN 1 Correlation for T 47, Spin Coating 1: MAE","Real NN 2 Correlation for T 47, Spin Coating 1: MAE","Predicted NN 2 Correlation for T 47, Spin Coating 1: MAE","Real NN 3 Correlation for T 47, Spin Coating 1: MAE","Predicted NN 3 Correlation for T 47, Spin Coating 1: MAE","Real NN 0 Correlation for T 48, Spin Coating 0: MAE","Predicted NN 0 Correlation for T 48, Spin Coating 0: MAE","Real NN 1 Correlation for T 48, Spin Coating 0: MAE","Predicted NN 1 Correlation for T 48, Spin Coating 0: MAE","Real NN 2 Correlation for T 48, Spin Coating 0: MAE","Predicted NN 2 Correlation for T 48, Spin Coating 0: MAE","Real NN 3 Correlation for T 48, Spin Coating 0: MAE","Predicted NN 3 Correlation for T 48, Spin Coating 0: MAE","Real NN 0 Correlation for T 48, Spin Coating 1: MAE","Predicted NN 0 Correlation for T 48, Spin Coating 1: MAE","Real NN 1 Correlation for T 48, Spin Coating 1: MAE","Predicted NN 1 Correlation for T 48, Spin Coating 1: MAE","Real NN 2 Correlation for T 48, Spin Coating 1: MAE","Predicted NN 2 Correlation for T 48, Spin Coating 1: MAE","Real NN 3 Correlation for T 48, Spin Coating 1: MAE","Predicted NN 3 Correlation for T 48, Spin Coating 1: MAE","Real NN 0 Correlation for T 49, Spin Coating 0: MAE","Predicted NN 0 Correlation for T 49, Spin Coating 0: MAE","Real NN 1 Correlation for T 49, Spin Coating 0: MAE","Predicted NN 1 Correlation for T 49, Spin Coating 0: MAE","Real NN 2 Correlation for T 49, Spin Coating 0: MAE","Predicted NN 2 Correlation for T 49, Spin Coating 0: MAE","Real NN 3 Correlation for T 49, Spin Coating 0: MAE","Predicted NN 3 Correlation for T 49, Spin Coating 0: MAE","Real NN 0 Correlation for T 49, Spin Coating 1: MAE","Predicted NN 0 Correlation for T 49, Spin Coating 1: MAE","Real NN 1 Correlation for T 49, Spin Coating 1: MAE","Predicted NN 1 Correlation for T 49, Spin Coating 1: MAE","Real NN 2 Correlation for T 49, Spin Coating 1: MAE","Predicted NN 2 Correlation for T 49, Spin Coating 1: MAE","Real NN 3 Correlation for T 49, Spin Coating 1: MAE","Predicted NN 3 Correlation for T 49, Spin Coating 1: MAE","Real NN 0 Correlation for T 50, Spin Coating 0: MAE","Predicted NN 0 Correlation for T 50, Spin Coating 0: MAE","Real NN 1 Correlation for T 50, Spin Coating 0: MAE","Predicted NN 1 Correlation for T 50, Spin Coating 0: MAE","Real NN 2 Correlation for T 50, Spin Coating 0: MAE","Predicted NN 2 Correlation for T 50, Spin Coating 0: MAE","Real NN 3 Correlation for T 50, Spin Coating 0: MAE","Predicted NN 3 Correlation for T 50, Spin Coating 0: MAE","Real NN 0 Correlation for T 50, Spin Coating 1: MAE","Predicted NN 0 Correlation for T 50, Spin Coating 1: MAE","Real NN 1 Correlation for T 50, Spin Coating 1: MAE","Predicted NN 1 Correlation for T 50, Spin Coating 1: MAE","Real NN 2 Correlation for T 50, Spin Coating 1: MAE","Predicted NN 2 Correlation for T 50, Spin Coating 1: MAE","Real NN 3 Correlation for T 50, Spin Coating 1: MAE","Predicted NN 3 Correlation for T 50, Spin Coating 1: MAE"
4.36,4.545422554,4.36,5.034983635,4.36,5.742150307,4.36,5.628638744,0.95,0.859073162,0.95,0.856392741,0.95,0.896563709,0.95,0.962197125,0.67,0.309138805,0.67,0.67370832,0.67,0.949514985,0.67,0.62127924,3.64,3.888139009,3.64,3.268520832,3.64,3.727370262,3.64,3.450304031,0.93,1.213380575,0.93,1.351977825,0.93,1.148620129,0.93,0.792142093,8.02,6.397437572,8.02,6.576459408,8.02,7.963602066,8.02,7.112843513,0.69,0.639742732,0.69,0.652659297,0.69,0.726470232,0.69,0.754296184,1.88,1.808556795,1.88,1.661695838,1.88,1.595742226,1.88,1.753625154,0.84,0.93196106,0.84,0.9450773,0.84,0.919603825,0.84,0.962400794,0.95,0.931489706,0.95,1.006866932,0.95,0.960022211,0.95,0.90127027,4.36,4.933609962,4.36,4.953779697,4.36,5.409920692,4.36,4.724376678,0.95,0.956555128,0.95,0.916210055,0.95,1.024723053,0.95,0.933645964,0.56,0.480551928,0.56,0.475969046,0.56,0.783962607,0.56,0.534398735,0.95,1.024790525,0.95,0.820040584,0.95,0.943439066,0.95,1.015168071,1.42,1.491590738,1.42,1.275412917,1.42,1.594507456,1.42,1.184461832,7.1,5.382369995,7.1,5.200931549,7.1,5.298624039,7.1,5.618672848,0.6,0.689301014,0.6,0.515526414,0.6,0.788204074,0.6,0.477461338,0.95,1.067447543,0.95,1.093073726,0.95,0.941910088,0.95,0.924632192,4.5,4.476718426,4.5,4.380749702,4.5,4.470913887,4.5,4.583193302,3.18,4.17771244,3.18,4.716384888,3.18,4.3667202,3.18,3.373864412,3.37,3.806442738,3.37,3.393981695,3.37,3.747188091,3.37,3.677370548,5,6.422875404,5,6.521956921,5,6.260120392,5,6.515967369,0.7,0.60082531,0.7,0.620391548,0.7,0.821217835,0.7,0.839530587,4.68,5.00613451,4.68,4.670814991,4.68,5.127482414,4.68,5.455156326,7.62,7.874204636,7.62,7.029895306,7.62,8.143021584,7.62,8.674793243,6.6,7.457178116,6.6,7.469368458,6.6,7.467336655,6.6,7.585931778,0.77,0.826135397,0.77,0.717104197,0.77,0.677785277,0.77,0.868346691,0.95,1.051252961,0.95,0.865407586,0.95,1.071762323,0.95,0.956302941,3.64,3.632064104,3.64,3.842932701,3.64,4.002407551,3.64,3.995940924,1.63,1.668849707,1.63,1.662709355,1.63,1.860393763,1.63,1.874584675,5.73,6.420114517,5.73,6.280614376,5.73,6.573493958,5.73,6.498238564,3.12,2.994451761,3.12,2.83051753,3.12,3.040877104,3.12,3.446076632,1.49,1.592458963,1.49,1.789755464,1.49,1.703913808,1.49,1.526709795,1.1,1.307519197,1.1,1.279536366,1.1,1.436618447,1.1,0.892931342,0.84,0.936850309,0.84,0.791987777,0.84,0.914389372,0.84,0.950358272,0.76,0.658151388,0.76,0.457255453,0.76,0.711091042,0.76,0.736090362,6.47,6.625735283,6.47,6.711690903,6.47,6.442914009,6.47,6.96309948,8,7.689792633,8,7.595567703,8,8.11421299,8,7.645702839,7.62,6.74495554,7.62,6.960042953,7.62,6.478107452,7.62,6.881371498,3.12,2.369843245,3.12,2.575270176,3.12,2.715452671,3.12,2.671197414,0.81,0.842903376,0.81,0.83797729,0.81,0.817211866,0.81,0.807033718,3.2,4.394543171,3.2,4.177680016,3.2,4.457865715,3.2,4.480955124,6.64,6.434210777,6.64,6.448860168,6.64,6.310032845,6.64,6.328963757,7.44,8.077971458,7.44,8.406480789,7.44,7.813139915,7.44,7.934954643,4.1,4.172738552,4.1,3.695189714,4.1,4.330787659,4.1,4.274652481,0.95,0.983835697,0.95,0.91093874,0.95,1.014352322,0.95,0.930803001,6.48,6.337405205,6.48,6.184947968,6.48,6.215099335,6.48,6.174971581,7.94,5.489226341,7.94,5.428082466,7.94,5.688113213,7.94,5.91503334,4.1,4.194828987,4.1,3.684545279,4.1,4.199182987,4.1,4.267695904,8.02,8.160375595,8.02,7.98650074,8.02,8.325686455,8.02,8.56435585,3.37,3.302375078,3.37,3.234902382,3.37,3.349445105,3.37,3.128420115,0.88,0.947557449,0.88,1.012328029,0.88,1.12643075,0.88,0.908037007,3.75,3.75888586,3.75,3.677610159,3.75,3.810701132,3.75,3.710903168,0.95,0.956401348,0.95,0.832035899,0.95,0.957438827,0.95,1.012274265,9.45,9.119263649,9.45,9.251708984,9.45,9.210587502,9.45,8.875437737,0.95,1.005366683,0.95,0.932998538,0.95,1.00854528,0.95,0.930317581,4.5,4.565840721,4.5,4.530885696,4.5,4.479930878,4.5,4.545473099,0.7,0.976920128,0.7,0.879963517,0.7,0.996116996,0.7,0.834308505,0.69,0.523392439,0.69,0.587055087,0.69,0.72446847,0.69,0.486300558,0.95,0.94520998,0.95,0.980072021,0.95,0.934200525,0.95,1.077684164,4.4,4.473912239,4.4,4.491825581,4.4,4.479171753,4.4,4.510543823,0.95,0.926491737,0.95,0.891427815,0.95,0.972207546,0.95,1.016090393,2.79,2.852021694,2.79,2.749812603,2.79,3.028104544,2.79,2.816548347,6.8,6.909034729,6.8,7.146636963,6.8,7.014706612,6.8,6.852903843,0.87,1.096133709,0.87,0.989319682,0.87,0.864172459,0.87,0.869700313,0.95,0.914154768,0.95,0.90634191,0.95,0.942910194,0.95,0.956885338,1.49,1.897725582,1.49,1.714821935,1.49,1.93165803,1.49,1.694855452,0.88,1.126731277,0.88,1.043071151,0.88,1.220634818,0.88,1.013795376,4.02,3.812018633,4.02,3.807144403,4.02,4.004425526,4.02,4.26893425,4.35,4.125679016,4.35,4.231035709,4.35,4.397392273,4.35,4.401156425,0.64,0.496302098,0.64,0.453340381,0.64,0.617103577,0.64,0.497570097,0.7,0.991458893,0.7,0.861116767,0.7,1.026086807,0.7,0.86887747,0.6,0.624303699,0.6,0.709343195,0.6,0.616587818,0.6,0.518979728,0.95,0.982473493,0.95,0.906859398,0.95,0.96292901,0.95,0.921916842,3.95,4.346857548,3.95,4.036708832,3.95,4.430343628,3.95,4.097663879,8.6,8.691606522,8.6,9.005002022,8.6,8.759805679,8.6,8.947320938,1.05,1.037623286,1.05,1.126187205,1.05,1.130954504,1.05,1.061147213,5.1,4.351853371,5.1,4.158259392,5.1,4.875799179,5.1,4.697780609,0.84,0.953803539,0.84,0.870275378,0.84,1.040082097,0.84,0.864724338,5.1,4.34309864,5.1,4.105495453,5.1,4.907972336,5.1,4.686071873,6.48,6.164211273,6.48,5.999876022,6.48,6.188374519,6.48,6.638160706,3.18,2.995961189,3.18,2.794788837,3.18,2.984668255,3.18,2.838097095,2.79,2.949711084,2.79,2.660473108,2.79,2.972385883,2.79,2.846840143,0.95,0.916944623,0.95,0.723902345,0.95,1.037438631,0.95,1.053756952,0.75,0.553515196,0.75,0.469627231,0.75,0.648106813,0.75,0.70368129,8.39,8.26456356,8.39,8.148880959,8.39,8.311702728,8.39,8.364458084,6.15,6.197733402,6.15,5.938812256,6.15,5.934257507,6.15,6.059557915,4.8,5.276242256,4.8,5.114473343,4.8,5.742818832,4.8,5.652490139,0.59,0.760597229,0.59,0.82711637,0.59,0.525415778,0.59,0.633074701,0.56,1.058251977,0.56,1.200098157,0.56,0.954105556,0.56,1.005791426,0.94,0.834907413,0.94,1.085544467,0.94,0.920560598,0.94,0.775057256,0.95,1.048126698,0.95,1.073830009,0.95,0.924023867,0.95,0.974073112,3.95,4.43915844,3.95,4.320265293,3.95,4.147115707,3.95,3.996992588,0.95,1.386623621,0.95,0.821689725,0.95,1.053334713,0.95,0.941918194,0.94,0.815457344,0.94,1.108370662,0.94,1.040684462,0.94,0.786614835,9.7,9.036251068,9.7,9.131756783,9.7,9.397501945,9.7,9.583613396,3.6,3.528800249,3.6,3.28425622,3.6,3.470764399,3.6,3.956532717,0.95,0.834888697,0.95,0.692693591,0.95,1.141175508,0.95,0.849453092,4.85,5.121249676,4.85,5.01050806,4.85,4.9028759,4.85,4.735183716,3.12,2.86352849,3.12,2.926713228,3.12,2.865458965,3.12,2.948455095
1.88,1.824083805,1.88,2.382586241,1.88,1.689777374,1.88,2.325562716,0.95,1.003040671,0.95,1.294487834,0.95,0.979430735,0.95,1.019513249,7.62,5.085398674,7.62,5.438157558,7.62,6.73412323,7.62,6.225871563,1.04,1.164721251,1.04,1.321858048,1.04,0.853570759,1.04,0.955117285,4.85,4.543438911,4.85,4.454910755,4.85,4.378136635,4.85,4.365028381,7.1,5.512331963,7.1,5.928430557,7.1,6.127711296,7.1,6.981362343,1.42,0.98969233,1.42,1.515866399,1.42,1.285479307,1.42,1.115664482,5.9,4.307876587,5.9,4.623702049,5.9,3.250424385,5.9,3.647437811,6.06,5.796051502,6.06,6.528949261,6.06,6.748595238,6.06,7.45140028,0.95,0.981378555,0.95,0.900744319,0.95,1.078483343,0.95,0.937508047,0.84,0.949372292,0.84,0.759021401,0.84,0.911042929,0.84,0.690017819,6.15,5.95395565,6.15,5.485216618,6.15,6.214123726,6.15,6.909170151,6.48,5.986120224,6.48,5.663507462,6.48,6.35266304,6.48,6.163187504,8.39,7.37501049,8.39,7.387913227,8.39,7.482385635,8.39,6.896906853,0.6,0.615363836,0.6,0.443443626,0.6,0.770927906,0.6,0.438795447,9.7,7.848181725,9.7,7.996899605,9.7,8.823782921,9.7,8.812705994,6.64,6.448560715,6.64,5.46833086,6.64,6.284398079,6.64,6.519387722,0.82,2.532011747,0.82,1.765493512,0.82,1.893970251,0.82,2.003698587,0.84,0.902598441,0.84,0.725469947,0.84,0.764733315,0.84,0.676371098,3.62,3.180811644,3.62,3.196445942,3.62,3.865815639,3.62,4.026450634,1.93,1.923221588,1.93,2.132944822,1.93,2.437904835,1.93,2.18767643,2.8,3.469293833,2.8,3.994331121,2.8,3.696824312,2.8,4.08038044,4.36,4.333539963,4.36,4.335548878,4.36,4.460391998,4.36,4.621582985,1.63,1.875717163,1.63,1.630729437,1.63,1.849084258,1.63,1.613664627,0.7,0.616759062,0.7,0.552368522,0.7,0.958525538,0.7,0.896656573,0.56,0.903440833,0.56,0.717794478,0.56,1.003253222,0.56,0.91500926,0.59,0.491665334,0.59,0.623550892,0.59,0.714529514,0.59,0.896553695,4.35,4.356378555,4.35,4.632048607,4.35,4.857236862,4.35,4.148114204,0.8,0.843981385,0.8,0.43389973,0.8,0.850702465,0.8,0.940158904,0.95,0.958580136,0.95,0.867970347,0.95,0.940272093,0.95,1.017052889,4.85,4.309479713,4.85,4.710375309,4.85,4.418773651,4.85,4.617667198,5.1,5.158201218,5.1,4.718605995,5.1,5.521777153,5.1,5.464546204,0.85,0.848119736,0.85,0.478535026,0.85,1.069537163,0.85,0.83511579,8.39,8.345593452,8.39,8.390672684,8.39,8.571858406,8.39,8.819785118,0.68,0.880363941,0.68,0.362001508,0.68,0.686420083,0.68,0.841479182,7.89,7.398842335,7.89,7.656212807,7.89,8.147540092,7.89,8.460292816,4.43,4.490240097,4.43,4.437356949,4.43,4.463673592,4.43,4.564198971,0.95,0.948710203,0.95,0.872416377,0.95,0.943753362,0.95,1.016558886,6.47,6.692191124,6.47,6.920361042,6.47,6.408578873,6.47,6.81517458,2.12,1.957062364,2.12,2.174838305,2.12,2.339671373,2.12,2.266376972,2.72,2.152673721,2.72,2.208747625,2.72,2.272003889,2.72,2.096638441,8,7.792078972,8,7.568928719,8,7.879904747,8,7.574525356,0.84,1.020008802,0.84,0.817427039,0.84,0.978107452,0.84,0.937222183,5,6.086350441,5,5.856870651,5,6.277033806,5,6.178835869,1.05,1.106601,1.05,0.888602138,1.05,1.092456341,1.05,0.937447011,4.7,5.003349304,4.7,5.293745995,4.7,4.951973915,4.7,4.902111053,5.73,6.508663177,5.73,6.76255703,5.73,6.34076786,5.73,6.289674759,6.5,6.211101532,6.5,6.485532761,6.5,6.43198967,6.5,6.760408401,6.15,6.10562849,6.15,6.097410679,6.15,6.449063301,6.15,5.925135612,5.27,5.677992821,5.27,5.756833076,5.27,5.929901123,5.27,5.698701382,0.75,0.737466812,0.75,0.603292823,0.75,0.930892229,0.75,0.766037464,3.18,2.907046318,3.18,2.730522871,3.18,3.183975935,3.18,3.068146706,1.42,1.653533578,1.42,1.66847527,1.42,1.575904369,1.42,1.720863819,0.6,0.800151706,0.6,0.834525585,0.6,0.851592958,0.6,1.036683321,3.6,3.678874254,3.6,3.297517538,3.6,3.518012285,3.6,3.744034767,0.95,0.882696867,0.95,0.914673209,0.95,0.959887743,0.95,0.976283133,0.69,0.744590044,0.69,0.854323268,0.69,0.712571859,0.69,0.719168603,0.9,0.901916623,0.9,0.944970727,0.9,1.25852561,0.9,0.995094121,9.45,9.177732468,9.45,9.282296181,9.45,9.237922668,9.45,8.976774216,4.35,4.188042164,4.35,4.448013783,4.35,4.390505791,4.35,4.378455639,0.81,0.951485634,0.81,0.876695514,0.81,0.922836065,0.81,0.866030455,6.26,6.561325073,6.26,6.53519249,6.26,6.544960976,6.26,6.465047836,5.73,6.333940506,5.73,6.307573318,5.73,6.30792141,5.73,6.364025116,0.95,0.910062432,0.95,0.917373538,0.95,0.953964233,0.95,1.014651537,3.64,3.938030005,3.64,3.61963439,3.64,3.822950602,3.64,4.272889614,0.95,0.996490002,0.95,0.995333076,0.95,1.086535931,0.95,1.038280964,4.88,5.137539387,4.88,4.77042675,4.88,5.000699997,4.88,4.859204292,0.95,0.925580502,0.95,0.865723848,0.95,0.971423149,0.95,0.991211057,1.42,1.695480108,1.42,1.706253529,1.42,1.81891036,1.42,1.726554394,0.95,0.778649092,0.95,0.857327342,0.95,1.011427879,0.95,0.883590996,0.86,0.909377813,0.86,0.400022835,0.86,0.982031107,0.86,0.655604303,0.95,1.095240474,0.95,0.698370934,0.95,1.003267407,0.95,0.879524112,7.62,6.166050434,7.62,6.32298851,7.62,6.523909569,7.62,6.713040352,1.1,1.442394495,1.1,1.295441031,1.1,1.402688146,1.1,1.436687946,4.02,4.095594406,4.02,3.792496681,4.02,3.963257551,4.02,4.198741436,0.95,0.989361286,0.95,0.908210516,0.95,0.947099924,0.95,0.925913751,1.63,1.80320549,1.63,1.819986463,1.63,1.997822165,1.63,1.757530451,3.62,3.145148039,3.62,2.655655622,3.62,3.199320555,3.62,3.258780241,4.36,4.438560486,4.36,4.431673527,4.36,4.4917593,4.36,4.518702984,3.12,2.924659729,3.12,2.38685298,3.12,2.77731061,3.12,2.725819111,3.6,3.477443933,3.6,3.254903316,3.6,3.429781675,3.6,3.772662401,0.88,1.306025505,0.88,0.98220861,0.88,1.260198593,0.88,1.139604568,4.38,4.537133217,4.38,4.476168633,4.38,4.498308182,4.38,4.572895527,0.95,0.991125584,0.95,0.969088435,0.95,0.939595103,0.95,0.945798874,0.56,0.685302615,0.56,0.891300321,0.56,0.880087972,0.56,0.728121221,4.8,5.256140709,4.8,5.110722542,4.8,5.694424629,4.8,5.649833679,4.1,4.032764912,4.1,3.712787151,4.1,3.948571682,4.1,4.338506699,0.95,0.986980677,0.95,0.806592584,0.95,0.849649191,0.95,0.984271228,0.81,0.845640182,0.81,1.049992442,0.81,0.939814329,0.81,0.780022323,7.44,7.587368011,7.44,7.627082825,7.44,7.791818619,7.44,7.910405636,2.79,2.964424849,2.79,2.792866468,2.79,2.917330503,2.79,2.929250002,0.95,0.987078905,0.95,0.777865052,0.95,0.833835125,0.95,1.015242815,4.36,4.467489243,4.36,4.410819054,4.36,4.463499069,4.36,4.564919472,0.95,0.919356346,0.95,0.844506502,0.95,0.989618301,0.95,1.006750107,7.62,6.426603317,7.62,6.417451382,7.62,6.538681984,7.62,6.685002327,0.95,0.592845201,0.95,0.800356507,0.95,1.114492893,0.95,1.141121149,0.56,0.896269917,0.56,0.991260767,0.56,0.964438975,0.56,0.775367916,3.62,4.238699913,3.62,3.601617575,3.62,3.854196548,3.62,4.663471699,0.85,1.076997042,0.85,0.940994859,0.85,1.179795384,0.85,1.535827875,0.95,1.497147083,0.95,1.294083238,0.95,1.14530921,0.95,0.987175763
3.37,3.77098918,3.37,5.3721838,3.37,4.527594566,3.37,4.744033337,2.93,2.843539476,2.93,3.195606947,2.93,3.666875124,2.93,3.237473249,0.8,1.19524157,0.8,0.529800773,0.8,1.226161361,0.8,0.582061172,0.95,0.788817048,0.95,0.902207255,0.95,0.795539379,0.95,0.93908596,0.64,0.263259739,0.64,0.610206962,0.64,0.584770441,0.64,0.652353644,0.95,0.279556245,0.95,0.871908784,0.95,1.058295608,0.95,1.017532349,9.45,6.016014576,9.45,6.306275845,9.45,6.720861435,9.45,6.866153717,7.1,5.127892017,7.1,5.916584969,7.1,5.804231644,7.1,5.712036133,4.4,4.220743656,4.4,4.277247429,4.4,4.466190338,4.4,4.121145248,0.95,0.945301533,0.95,0.855603099,0.95,1.018618584,0.95,0.933190286,0.67,0.695652425,0.67,0.420413345,0.67,0.361773491,0.67,0.636831999,0.95,0.493140936,0.95,1.248408198,0.95,0.928397119,0.95,0.895065904,6.06,6.451969147,6.06,6.657987595,6.06,6.906327248,6.06,6.906890869,0.82,0.956524611,0.82,0.953197122,0.82,0.994696796,0.82,1.156641006,1.63,2.150655746,1.63,1.825800657,1.63,1.607045054,1.63,1.743639469,0.95,0.83321476,0.95,1.083675146,0.95,0.930577934,0.95,1.022836685,1.05,1.21584034,1.05,0.844124675,1.05,1.112369537,1.05,0.863074303,0.95,0.894903362,0.95,0.891365886,0.95,0.910526097,0.95,0.921868563,4.32,4.59776783,4.32,4.456086159,4.32,4.478481293,4.32,4.599339008,1.63,1.778258085,1.63,1.738318443,1.63,1.795496464,1.63,1.571034193,0.6,0.783729553,0.6,0.669134378,0.6,0.809578896,0.6,0.602006078,0.95,0.95881933,0.95,1.028504252,0.95,0.859987915,0.95,0.906030893,0.85,0.609744549,0.85,0.636913419,0.85,0.830532968,0.85,0.846176863,0.95,1.261223435,0.95,1.121567011,0.95,1.151984572,0.95,0.932531536,1.88,1.885163665,1.88,2.143987894,1.88,2.022316456,1.88,1.723110199,7.39,7.477590561,7.39,7.528729916,7.39,7.389653206,7.39,7.614115715,4.88,4.985742569,4.88,5.181206226,4.88,5.404227257,4.88,5.117701054,5.27,4.157702446,5.27,4.154973984,5.27,4.457948685,5.27,4.767451286,0.64,0.565779805,0.64,0.764696002,0.64,0.8354038,0.64,0.278552949,6.47,5.451660156,6.47,5.364443779,6.47,5.817498207,6.47,5.947167873,0.94,0.91489327,0.94,0.890390277,0.94,0.894590139,0.94,0.875674009,8.71,7.523044109,8.71,7.582048416,8.71,7.847686768,8.71,7.898312569,1.42,1.582727313,1.42,1.454251289,1.42,1.427385211,1.42,1.592888117,2.71,2.826801777,2.71,2.72264266,2.71,3.100775003,2.71,3.024191618,4.85,4.485647678,4.85,4.911232471,4.85,4.43082428,4.85,4.536621094,6.26,6.669476986,6.26,7.085740089,6.26,6.766978264,6.26,6.56970787,3.64,3.831551313,3.64,3.473271847,3.64,3.786127806,3.64,4.022125244,0.95,1.007897615,0.95,0.895589948,0.95,1.001815796,0.95,0.985449314,1.63,1.632186174,1.63,1.723975301,1.63,1.817387462,1.63,1.750184298,0.95,0.987183809,0.95,0.919400692,0.95,1.000136137,0.95,0.930769503,0.86,0.930930853,0.86,0.468085378,0.86,0.953073621,0.86,0.617673457,0.9,0.846220255,0.9,1.052786469,0.9,1.13378644,0.9,0.788405836,5.73,6.692633629,5.73,7.061684608,5.73,6.23561573,5.73,6.420031071,0.95,0.964668274,0.95,0.782173753,0.95,1.1128335,0.95,1.029705048,1.88,1.75944066,1.88,1.739363551,1.88,1.920582533,1.88,1.748926878,5.1,5.404649734,5.1,5.493701935,5.1,5.286601067,5.1,5.002783298,0.94,0.899954796,0.94,0.882151484,0.94,0.888971567,0.94,0.821778417,0.95,0.915470481,0.95,0.905361295,0.95,1.020528793,0.95,0.986150265,0.7,0.719581008,0.7,0.747291565,0.7,0.648159385,0.7,0.717561185,6.8,7.163754463,6.8,7.105316162,6.8,7.115387917,6.8,7.039579391,6.06,6.600840569,6.06,6.619573116,6.06,6.988568306,6.06,6.439155579,0.95,1.024202704,0.95,1.059674144,0.95,0.95647347,0.95,0.922505438,0.87,0.950620413,0.87,0.932416797,0.87,0.898187399,0.87,0.835497677,3.12,2.535660028,3.12,2.381672859,3.12,2.818274021,3.12,2.631442785,0.85,0.81139636,0.85,0.830623746,0.85,0.965411544,0.85,1.091004133,0.82,0.645326853,0.82,0.4852148,0.82,0.79420507,0.82,0.598699093,0.67,0.691937447,0.67,0.836459041,0.67,1.043895245,0.67,0.769304395,0.9,0.901916623,0.9,0.944970727,0.9,1.25852561,0.9,0.995094121,4.85,4.98698616,4.85,4.68515873,4.85,4.835012436,4.85,4.602837086,2.93,2.644488573,2.93,2.861627102,2.93,3.096208334,2.93,3.277449608,0.75,0.688939452,0.75,0.747280002,0.75,0.832926989,0.75,0.751752496,0.95,0.895974517,0.95,0.91620326,0.95,0.958804488,0.95,0.986836195,0.86,0.912740231,0.86,0.319594711,0.86,0.965802312,0.86,0.637962639,0.95,1.071455479,0.95,0.663897395,0.95,0.884696722,0.95,0.919425786,4.43,4.382499695,4.43,4.45566082,4.43,4.478638649,4.43,4.47796011,9.7,9.284557343,9.7,9.557373047,9.7,9.012461662,9.7,9.250839233,6.47,6.499276638,6.47,6.688490391,6.47,6.696760178,6.47,6.763246059,0.95,0.776863337,0.95,0.886287332,0.95,0.975487053,0.95,0.892965436,0.6,0.832341194,0.6,0.598011851,0.6,0.899568737,0.6,1.241490602,0.7,1.000055313,0.7,0.861102223,0.7,1.020462513,0.7,0.854309499,4.38,4.497747421,4.38,4.505319595,4.38,4.4888134,4.38,4.54243803,4.7,4.705299377,4.7,4.885623932,4.7,5.081144333,4.7,4.680587292,0.6,0.860296011,0.6,0.651441693,0.6,0.925161719,0.6,1.17013073,0.95,0.979903936,0.95,0.893737555,0.95,0.960873604,0.95,0.925301194,0.59,0.632455111,0.59,0.873750567,0.59,0.675380409,0.59,0.590681612,0.9,1.316853642,0.9,0.899547219,0.9,1.179229259,0.9,1.314318419,0.67,0.670624256,0.67,0.648971438,0.67,0.79404664,0.67,0.691677094,5.1,5.317831993,5.1,5.125187874,5.1,5.666319847,5.1,5.395377159,3.37,3.411777258,3.37,3.040242434,3.37,3.431499481,3.37,3.326309204,0.97,0.779398084,0.97,0.728198171,0.97,1.419308543,0.97,1.392041445,1.42,1.447673678,1.42,1.764790773,1.42,1.721951962,1.42,1.729649067,0.95,1.013990402,0.95,0.95127809,0.95,0.973960876,0.95,0.922035813,4.88,4.906178474,4.88,4.762582302,4.88,4.947976112,4.88,4.587669849,0.95,0.980982304,0.95,0.905356407,0.95,0.902277231,0.95,0.924984157,4.51,4.396068096,4.51,4.377645016,4.51,4.483778,4.51,4.501879692,0.95,0.935630322,0.95,0.713329554,0.95,0.955339909,0.95,0.894687653,6.64,6.389995098,6.64,6.184428215,6.64,6.468927383,6.64,6.817451477,1.1,1.403599501,1.1,1.314391017,1.1,1.480792522,1.1,1.513044834,0.6,1.093795538,0.6,0.928171039,0.6,1.242236972,0.6,1.099535108,0.95,0.930948734,0.95,0.810962081,0.95,0.992928028,0.95,1.010320544,0.75,0.499115199,0.75,0.489745945,0.75,0.623883724,0.75,0.722908199,0.95,1.126402378,0.95,0.981466651,0.95,0.984429836,0.95,0.989082634,4.88,5.005882263,4.88,4.886323929,4.88,4.811841965,4.88,4.657180786,0.76,0.780885816,0.76,0.660256267,0.76,0.825801849,0.76,0.813715935,0.67,0.682881594,0.67,0.667387843,0.67,0.732333422,0.67,0.654192805,0.95,0.926055908,0.95,0.931417346,0.95,0.990971804,0.95,0.999950945,0.87,0.829907894,0.87,1.170048594,0.87,1.15453434,0.87,0.782836258,1.1,1.170069456,1.1,1.126092792,1.1,0.862852097,1.1,1.269745111,0.94,0.792496681,0.94,1.129794955,0.94,1.155934334,0.94,0.798228085,4.68,5.236641884,4.68,4.802184105,4.68,5.39240551,4.68,5.488990784
0.7,0.612798929,0.7,0.040248446,0.7,1.145758748,0.7,0.714987099,7.44,6.906077385,7.44,6.645714283,7.44,7.536132813,7.44,8.388393402,4.88,5.21831274,4.88,5.385231018,4.88,6.232264519,4.88,5.933729172,0.95,0.8325212,0.95,0.846983135,0.95,0.931114435,0.95,0.932729185,0.59,0.638030767,0.59,0.888596535,0.59,0.860597312,0.59,0.77159977,0.86,1.519326925,0.86,1.548191309,0.86,1.800378323,0.86,1.938543797,0.56,-0.304171115,0.56,0.605645776,0.56,0.695782542,0.56,0.808698833,7.44,8.018992424,7.44,6.801611423,7.44,6.724593163,7.44,7.512052536,4.75,4.219957829,4.75,4.444390297,4.75,4.760810852,4.75,4.701968193,0.9,1.458176017,0.9,1.117994666,0.9,0.901532769,0.9,1.40149498,0.75,0.488940567,0.75,0.569095492,0.75,0.652256727,0.75,0.656280398,7.94,6.066108227,7.94,5.543065071,7.94,5.168970108,7.94,4.932971001,0.77,0.501696229,0.77,0.781303167,0.77,1.05532968,0.77,0.593611002,0.95,0.901176572,0.95,0.922688723,0.95,0.956240654,0.95,0.869243979,0.94,1.020509005,0.94,0.908670306,0.94,0.8899405,0.94,0.939397037,0.95,0.937525988,0.95,0.793268561,0.95,0.919961274,0.95,0.824762702,7.62,7.973093987,7.62,6.686671734,7.62,7.645664215,7.62,7.885982037,0.95,0.946567595,0.95,0.990129232,0.95,0.841583014,0.95,0.902032256,4.01,4.871839523,4.01,4.423198223,4.01,4.64820385,4.01,4.480154037,0.86,1.678120852,0.86,1.180358052,0.86,1.300417781,0.86,0.904462993,3.95,3.561828852,3.95,3.696249485,3.95,3.721593618,3.95,4.054300308,3.37,3.177963972,3.37,3.352061749,3.37,3.574470043,3.37,3.246780634,4.1,4.431252003,4.1,4.375338078,4.1,4.523076057,4.1,4.28548193,6.26,6.829661846,6.26,6.547023773,6.26,6.791523933,6.26,6.731710434,7.62,7.033315182,7.62,6.827679634,7.62,7.442526817,7.62,7.164088249,8.6,8.457433701,8.6,8.050459862,8.6,9.055719376,8.6,8.970622063,6.06,6.195448875,6.06,6.798395634,6.06,7.116808891,6.06,7.142320156,7.44,8.150157928,7.44,7.889339447,7.44,8.676773071,7.44,8.512241364,0.73,1.559806347,0.73,1.335857034,0.73,1.315980315,0.73,1.301674366,1.04,0.66654551,1.04,1.192373395,1.04,1.035843849,1.04,1.0556283,4.39,4.664534569,4.39,4.603800774,4.39,4.47794342,4.39,4.717327118,6.47,5.563838482,6.47,5.467437267,6.47,5.790438652,6.47,6.192152023,3.04,2.821053267,3.04,2.822377205,3.04,3.036123991,3.04,2.983825445,3.2,3.66215539,3.2,4.089126587,3.2,3.702339172,3.2,3.615129471,0.94,0.901847363,0.94,0.948049426,0.94,0.909627199,0.94,0.80940038,0.95,1.245050669,0.95,0.824007034,0.95,0.952545404,0.95,0.867128015,1.05,1.210466146,1.05,0.854678035,1.05,1.086143017,1.05,0.950698733,2.12,1.98261404,2.12,2.204736948,2.12,2.3451159,2.12,2.246278524,0.75,0.784673452,0.75,0.55676353,0.75,0.744844437,0.75,0.772224069,3.2,3.63360858,3.2,3.826296806,3.2,3.63530159,3.2,3.518942356,2.16,2.110034227,2.16,2.161535501,2.16,2.212964773,2.16,2.059658527,0.95,0.980800629,0.95,0.9005059,0.95,1.010901213,0.95,1.003138542,3.75,3.891104698,3.75,3.790169954,3.75,3.927618265,3.75,4.019971371,4.7,5.098489285,4.7,5.224509239,4.7,4.941663742,4.7,4.975272179,6.47,6.791136742,6.47,7.155456543,6.47,6.47939682,6.47,6.536893845,8.6,9.002516747,8.6,8.678851128,8.6,9.559481621,8.6,8.905408859,3.95,4.188167095,3.95,4.282688141,3.95,4.365535736,3.95,3.998180389,5.9,5.215642929,5.9,5.53250885,5.9,4.807538986,5.9,5.07410574,1.88,1.799777627,1.88,1.745613337,1.88,1.931097269,1.88,1.736421108,0.95,0.924779892,0.95,0.821014285,0.95,1.143609524,0.95,1.032002211,0.81,0.866156578,0.81,0.834608912,0.81,0.913950682,0.81,0.834395885,5,5.898295403,5,5.915500164,5,6.08038044,5,6.329176426,5.73,6.388557911,5.73,6.493532181,5.73,6.351220131,5.73,6.243083,0.56,0.941026568,0.56,0.924895048,0.56,0.975564241,0.56,1.121971369,4.31,4.555107117,4.31,4.502856255,4.31,4.478381157,4.31,4.543002605,1.63,1.888692498,1.63,1.522033334,1.63,1.793098569,1.63,1.668135166,0.84,0.902140021,0.84,0.86317718,0.84,1.045411825,0.84,0.880913138,5,5.823754311,5,5.891429901,5,6.084386826,5,6.504353523,6.47,6.298054695,6.47,6.20378685,6.47,6.538430214,6.47,6.172141075,0.95,1.015665531,0.95,0.905443549,0.95,0.958198547,0.95,0.926343739,6.48,6.297725677,6.48,6.028453827,6.48,6.205391884,6.48,6.513462067,0.95,0.917410254,0.95,0.944270492,0.95,1.051546097,0.95,1.016997457,0.6,0.748337507,0.6,0.795888305,0.6,0.541867614,0.6,0.485739172,1.49,1.858509302,1.49,1.459564328,1.49,1.709733248,1.49,1.506172657,0.84,0.979232788,0.84,0.712764621,0.84,1.007797718,0.84,0.824703157,3.75,4.075349808,3.75,3.179116964,3.75,3.795796633,3.75,3.978048801,4.75,4.967766285,4.75,4.727841854,4.75,4.94185257,4.75,5.570596218,5.9,5.371154785,5.9,5.666916847,5.9,5.424585342,5.9,5.544130802,6.48,6.233632088,6.48,6.022816658,6.48,6.183256149,6.48,6.801529408,8.4,8.551083565,8.4,8.833104134,8.4,8.435364723,8.4,8.578712463,4.85,5.003956318,4.85,4.651514053,4.85,5.004272461,4.85,4.68779707,0.95,0.978863001,0.95,0.931734085,0.95,0.928430557,0.95,0.944465935,2.79,2.841531754,2.79,2.714102507,2.79,3.063598394,2.79,2.770844221,4.68,4.943108559,4.68,4.768731117,4.68,5.210617065,4.68,5.025828362,0.6,0.603186369,0.6,0.694878221,0.6,0.633360744,0.6,0.529306352,7.94,5.38133812,7.94,5.442563534,7.94,6.003529549,7.94,6.010924339,3.64,3.801710367,3.64,3.512215137,3.64,3.736747026,3.64,4.061809063,0.95,0.929895878,0.95,0.77420938,0.95,0.966561556,0.95,0.979550183,0.67,0.669297457,0.67,0.648688197,0.67,0.789229393,0.67,0.684086919,0.95,0.968801737,0.95,1.079166293,0.95,0.962598443,0.95,1.025049925,0.85,0.869823456,0.85,0.605062604,0.85,0.914754391,0.85,1.081428528,5.1,4.33434391,5.1,4.052731037,5.1,4.940144539,5.1,4.674361229,0.7,0.806091547,0.7,0.59863627,0.7,0.884702384,0.7,1.026936531,5,5.790342331,5,5.912287712,5,6.341276169,5,6.18295002,6.48,6.16741848,6.48,5.9377985,6.48,6.187614441,6.48,6.628393173,0.6,0.920295596,0.6,0.925912499,0.6,0.837342441,0.6,0.884728789,7.62,7.724429131,7.62,7.581206799,7.62,7.871544838,7.62,8.26321888,8,7.522465706,8,7.533477783,8,7.800096512,8,7.60302639,0.75,0.497987002,0.75,0.469060749,0.75,0.633051634,0.75,0.715238869,0.95,1.01670289,0.95,0.99203074,0.95,0.980057716,0.95,0.921041489,0.56,0.794450045,0.56,0.941282153,0.56,0.922264695,0.56,0.751746356,1.04,1.168182373,1.04,1.391366601,1.04,1.049557209,1.04,1.081977725,4.36,5.614760876,4.36,5.494493008,4.36,5.526010513,4.36,5.366474152,8,7.621366501,8,7.531091213,8,7.918086052,8,7.535573959,3.04,2.981673717,3.04,2.723197937,3.04,3.050314903,3.04,3.351547956,0.95,1.185957074,0.95,1.086105466,0.95,1.009559393,0.95,0.961270869,1.49,1.87054646,1.49,1.763062239,1.49,1.860184193,1.49,1.765504599,0.95,1.228604317,0.95,0.596675038,0.95,1.186982393,0.95,0.843333423,4.75,4.57692194,4.75,4.241304398,4.75,4.620485306,4.75,5.220229626,6.12,6.376329422,6.12,5.898330688,6.12,6.875665665,6.12,6.386884689
3.04,3.401998758,3.04,4.064694405,3.04,4.134215355,3.04,3.80516386,8.4,6.906873226,8.4,7.7393713,8.4,9.509669304,8.4,8.19847393,4.88,5.21831274,4.88,5.385231018,4.88,6.232264519,4.88,5.933729172,8.6,2.372685909,8.6,1.621891379,8.6,2.049359322,8.6,2.25273633,4.1,3.875746965,4.1,5.393028736,4.1,5.16033268,4.1,4.933845043,9.7,5.894088745,9.7,6.85926342,9.7,7.504402161,9.7,8.108622551,2.79,2.021239996,2.79,2.193189859,2.79,2.044157267,2.79,1.743177176,0.93,1.141900063,0.93,0.295581847,0.93,0.28679055,0.93,0.630562663,0.85,0.776444912,0.85,0.309223652,0.85,0.735023856,0.85,1.075832844,0.9,1.458176017,0.9,1.117994666,0.9,0.901532769,0.9,1.40149498,0.6,0.203998774,0.6,0.517591953,0.6,0.79963243,0.6,0.630019903,3.64,3.665290117,3.64,3.329685211,3.64,3.449692726,3.64,3.949687958,3.64,3.860226154,3.64,4.020519733,3.64,4.140652657,3.64,3.622288227,0.95,0.798643708,0.95,0.887896657,0.95,1.165906668,0.95,1.029427767,0.73,0.813864946,0.73,0.731531501,0.73,0.76074338,0.73,0.611973107,7.39,7.47424221,7.39,7.421304703,7.39,7.114721298,7.39,7.466901302,4.85,4.753057957,4.85,4.367918968,4.85,4.177280426,4.85,4.388379097,2.8,3.659927368,2.8,3.709509611,2.8,4.312427521,2.8,3.922298193,1.42,1.455763221,1.42,1.33290112,1.42,1.734082937,1.42,1.330415726,0.56,0.810554266,0.56,0.639053941,0.56,1.041314006,0.56,0.747171283,0.68,0.594506741,0.68,0.628555894,0.68,0.865517259,0.68,0.622513175,4.2,3.886591434,4.2,4.454370499,4.2,4.600870132,4.2,4.129959106,4.01,4.766418457,4.01,4.272888184,4.01,4.7064991,4.01,4.542756557,5.9,4.849217415,5.9,5.015343189,5.9,4.338349342,5.9,4.845510483,1.93,1.903880239,1.93,2.193393707,1.93,2.650389433,1.93,2.04249382,0.86,1.584955454,0.86,0.966864347,0.86,1.10119307,0.86,0.940853953,1.42,1.753356576,1.42,1.569473624,1.42,1.553005695,1.42,1.419282913,6.12,5.651529312,6.12,5.591379166,6.12,6.370440483,6.12,6.096977234,4.42,4.506130219,4.42,4.508822441,4.42,4.46882534,4.42,4.72078228,0.95,1.140177011,0.95,0.793143392,0.95,1.079201698,0.95,1.031553626,4.01,4.285648346,4.01,4.430211067,4.01,4.561635017,4.01,4.917737961,0.95,1.148825288,0.95,0.981975198,0.95,1.019223928,0.95,0.925434887,2.72,2.325913191,2.72,2.344219446,2.72,2.137428761,2.72,2.275566101,3.75,3.864508867,3.75,3.6310606,3.75,3.6517694,3.75,4.475055695,1.05,1.13389945,1.05,0.862443805,1.05,1.064327478,1.05,0.954037189,0.95,1.113548517,0.95,0.901661992,0.95,1.127889156,0.95,1.023229122,6.47,6.625735283,6.47,6.711690903,6.47,6.442914009,6.47,6.96309948,3.75,3.770202398,3.75,3.603997946,3.75,3.697459459,3.75,4.231188774,0.94,0.895186067,0.94,0.915678859,0.94,0.881873369,0.94,0.804161072,0.76,0.737598777,0.76,0.495543808,0.76,0.694999337,0.76,0.768361568,0.69,0.510738015,0.69,0.979139686,0.69,0.849164009,0.69,0.820698559,8.71,7.805876255,8.71,8.173491478,8.71,7.603001595,8.71,7.65810585,9.45,8.724618912,9.45,8.766228676,9.45,8.842953682,9.45,8.902423859,5.98,6.132884979,5.98,6.077391148,5.98,6.245326042,5.98,6.49756813,4.75,4.88391161,4.75,4.577407837,4.75,4.989038467,4.75,5.196466446,0.95,0.92139709,0.95,1.007586122,0.95,0.948061109,0.95,0.967578828,0.7,0.663879871,0.7,0.71132803,0.7,0.664686799,0.7,0.691998899,4.2,4.37485981,4.2,4.562400818,4.2,4.42646122,4.2,4.629733562,3.75,3.840781212,3.75,3.708769321,3.75,3.851742506,3.75,3.801593065,3.64,3.528743029,3.64,3.262261152,3.64,3.533117056,3.64,3.574763298,3.95,4.281267643,3.95,4.259477615,3.95,4.394022942,3.95,4.052994728,2.12,1.89699769,2.12,2.102523088,2.12,2.258821487,2.12,2.350071907,4.85,4.795381069,4.85,4.672768116,4.85,4.772689819,4.85,4.476593018,0.95,0.955379605,0.95,0.964369178,0.95,1.015605569,0.95,0.891197681,0.68,0.725317955,0.68,0.765592217,0.68,0.924436331,0.68,1.07357645,5,5.84474659,5,5.896165371,5,6.080994606,5,6.498054028,7.62,6.481659889,7.62,6.53286171,7.62,6.440042496,7.62,6.377516747,8,7.870839119,8,7.813529968,8,7.514316559,8,7.905310631,0.94,0.950253129,0.94,0.907619357,0.94,0.888875484,0.94,0.85478431,0.95,0.975970864,0.95,0.875496149,0.95,0.950986743,0.95,0.92569077,0.67,0.686538935,0.67,0.951898932,0.67,0.996840954,0.67,0.753549039,4.68,4.783073902,4.68,4.688053131,4.68,5.025938988,4.68,5.233704567,7.62,6.433579445,7.62,6.438783646,7.62,6.432977676,7.62,6.463321686,2.93,2.637195826,2.93,2.751145124,2.93,3.003249645,2.93,3.169354677,1.93,1.876143217,1.93,1.650572658,1.93,1.885431886,1.93,2.310374975,5.1,5.25349617,5.1,5.183702469,5.1,5.723148346,5.1,5.369810581,0.6,0.695034504,0.6,0.758430362,0.6,0.623683214,0.6,0.495355546,4.8,5.161184311,4.8,5.202407837,4.8,5.417702675,4.8,5.740110397,4.38,4.50837326,4.38,4.521084785,4.38,4.487868309,4.38,4.54622221,5.27,5.791778564,5.27,5.473598957,5.27,6.083150864,5.27,6.038798332,0.56,0.822504997,0.56,0.860204697,0.56,0.797724664,0.56,0.685264528,1.1,0.635371208,1.1,0.714771628,1.1,0.777930319,1.1,1.008375168,0.86,0.904661417,0.86,0.420486778,0.86,0.986308455,0.86,0.660209358,1.3,2.338120222,1.3,1.864715457,1.3,2.018635035,1.3,2.423678875,0.64,0.592466831,0.64,0.480269283,0.64,0.706139565,0.64,0.541053116,6.1,6.087599277,6.1,6.048828602,6.1,6.562153816,6.1,5.966981888,1.88,1.825340509,1.88,1.840692043,1.88,2.022251368,1.88,1.779607296,0.95,0.981414318,0.95,0.978002071,0.95,0.887452841,0.95,0.957952142,0.94,0.742310047,0.94,1.017073512,0.94,0.851127148,0.94,0.817725003,0.95,1.030397892,0.95,0.868118644,0.95,1.079441786,0.95,1.007140636,0.81,0.71565485,0.81,1.002948642,0.81,0.943546057,0.81,0.822502911,0.95,0.693326831,0.95,0.844550967,0.95,1.107156277,0.95,0.974544823,7.62,6.391157627,7.62,6.259602547,7.62,6.454316139,7.62,6.544645309,5.98,6.224017143,5.98,5.710103989,5.98,5.848270416,5.98,6.082134247,2.79,2.946747065,2.79,2.648449898,2.79,2.952514887,2.79,2.86007452,1.3,2.276681185,1.3,1.855127215,1.3,1.935657978,1.3,2.572925806,2.79,2.943781853,2.79,2.687231779,2.79,2.93264389,2.79,2.873308182,1.88,2.09828949,1.88,2.003111362,1.88,1.727806091,1.88,1.728311777,0.75,0.497987002,0.75,0.469060749,0.75,0.633051634,0.75,0.715238869,0.95,0.631726265,0.95,0.80808568,0.95,1.127950668,0.95,1.069865465,0.67,0.706245422,0.67,0.646987796,0.67,0.760321617,0.67,0.727552056,0.88,1.240333557,0.88,1.204275966,0.88,1.281154633,0.88,1.248889685,0.8,1.091418982,0.8,0.91152823,0.8,1.236596465,0.8,1.034056664,0.6,0.869359732,0.6,1.234600902,0.6,0.851094484,0.6,1.035283089,0.69,0.48594901,0.69,0.182268471,0.69,0.634721398,0.69,0.717935741,1.1,1.403455019,1.1,1.335201144,1.1,1.556921124,1.1,1.567713737,0.69,1.073459148,0.69,1.165596843,0.69,0.557240725,0.69,0.583109558,0.95,0.923076391,0.95,0.914041758,0.95,0.992217779,0.95,0.994172156,0.84,0.930556059,0.84,0.375671238,0.84,1.041892529,0.84,0.943951547,3.64,3.47586751,3.64,2.981543779,3.64,3.226707458,3.64,3.990173817
0.94,0.764137447,0.94,1.054449916,0.94,1.172528267,0.94,0.781873584,0.95,0.564635634,0.95,0.070564069,0.95,1.278122425,0.95,0.661552429,4.36,4.762844086,4.36,5.216676235,4.36,5.323867798,4.36,5.679090023,0.95,1.077617764,0.95,0.589996457,0.95,0.678842485,0.95,0.665763259,0.56,-0.540602207,0.56,0.579139709,0.56,0.622835517,0.56,0.884578824,3.2,4.238248348,3.2,4.494140148,3.2,4.79876709,3.2,4.807980061,4.38,4.315117836,4.38,4.356389523,4.38,4.488101959,4.38,4.398033142,7.89,5.460132122,7.89,5.396131516,7.89,6.670854568,7.89,6.820924759,4.36,5.012798309,4.36,4.978455544,4.36,5.289773941,4.36,4.652108669,0.95,0.929773688,0.95,0.88157928,0.95,0.962916911,0.95,1.018066645,4.52,4.507613182,4.52,4.377915382,4.52,4.477579117,4.52,4.419574738,9.7,7.755739689,9.7,7.435637474,9.7,8.478620529,9.7,8.443904877,0.8,0.945765018,0.8,0.823501468,0.8,0.866152227,0.8,0.72904098,0.93,0.985122681,0.93,0.490948826,0.93,0.441713274,0.93,0.734191239,0.67,0.675732374,0.67,0.497110218,0.67,0.465181708,0.67,0.671206951,4.68,5.081468582,4.68,5.258255959,4.68,4.892633438,4.68,5.335791111,2.79,2.428415537,2.79,2.022394419,2.79,2.116731167,2.79,2.385564804,0.6,0.744312763,0.6,0.618734479,0.6,1.018085718,0.6,0.692556143,0.59,0.541240454,0.59,0.812412262,0.59,0.757824361,0.59,0.897794068,0.95,1.083919525,0.95,0.78808701,0.95,1.022693396,0.95,0.926751196,0.69,0.826828718,0.69,0.601457953,0.69,0.779167891,0.69,0.868002117,0.95,1.159398317,0.95,1.012109637,0.95,1.055281162,0.95,0.93492204,3.75,4.272324562,3.75,3.875426054,3.75,4.246801376,3.75,4.132126331,6.8,6.309755802,6.8,7.241153717,6.8,6.752715111,6.8,6.985953331,6.06,6.33834362,6.06,6.849159241,6.06,7.121174812,6.06,7.242552757,1.04,0.614780188,1.04,1.282034755,1.04,0.992936015,1.04,1.242607117,0.68,0.709195971,0.68,0.293748826,0.68,0.784017861,0.68,0.835356474,3.37,3.355979204,3.37,3.179241657,3.37,3.343404055,3.37,3.768054008,1.49,1.740389943,1.49,1.927697539,1.49,1.708040953,1.49,1.459048748,8.02,7.746778488,8.02,8.551956177,8.02,9.290446281,8.02,8.760500908,0.7,0.530511856,0.7,0.625174165,0.7,0.750275195,0.7,0.60096997,6.06,6.2261343,6.06,5.888326168,6.06,6.345388412,6.06,6.846500874,0.77,0.763977528,0.77,0.607273936,0.77,0.574600995,0.77,0.826079071,2.8,3.293442249,2.8,3.356158257,2.8,3.476401329,2.8,3.550308228,3.75,4.175440311,3.75,4.196070671,3.75,4.046933174,3.75,4.072561741,3.62,3.154887915,3.62,2.91005826,3.62,2.897304535,3.62,2.821273327,0.7,0.802584767,0.7,0.507704258,0.7,1.085262537,0.7,0.816342771,3.2,3.621227026,3.2,3.882424355,3.2,3.67093873,3.2,3.568121433,4.01,4.225094795,4.01,4.134053707,4.01,4.402116776,4.01,4.804328918,0.95,0.947540283,0.95,0.874228358,0.95,0.944855928,0.95,1.01646471,9.45,8.605397224,9.45,8.517879486,9.45,8.731152534,9.45,8.984150887,5,6.124484062,5,5.821905613,5,6.33725071,5,6.175764561,0.56,0.623541594,0.56,0.705077291,0.56,0.781420708,0.56,0.751446784,0.95,0.918291688,0.95,0.860815883,0.95,0.942318082,0.95,1.015517712,3.6,3.403949022,3.6,2.964272261,3.6,3.555908442,3.6,3.633604527,0.95,0.966153502,0.95,0.810039639,0.95,1.145084262,0.95,1.037154317,6.64,6.555609226,6.64,6.360446453,6.64,6.430717468,6.64,6.353007793,0.6,0.748758674,0.6,0.833886743,0.6,0.889197767,0.6,0.967821419,4.32,4.64285326,4.32,4.345652103,4.32,4.476000786,4.32,4.559045315,0.95,0.989846468,0.95,0.880668461,0.95,0.946692467,0.95,0.926811576,4.88,5.077856064,4.88,4.983374119,4.88,5.027215004,4.88,4.732208252,0.95,0.972805858,0.95,0.845203042,0.95,1.027836561,0.95,0.951020837,0.81,0.8750633,0.81,0.8375386,0.81,0.920071363,0.81,0.840552211,0.95,0.982847452,0.95,0.836797953,0.95,1.042927861,0.95,0.954781711,3.75,3.732151985,3.75,3.673587322,3.75,3.803945303,3.75,3.733774185,4.8,5.212498188,4.8,5.430049896,4.8,5.402181625,4.8,5.870574474,0.6,0.70855546,0.6,0.813219547,0.6,0.917053103,0.6,1.140971661,0.95,0.874829531,0.95,0.96651566,0.95,1.0367589,0.95,0.873790145,4.88,5.16015625,4.88,4.842533588,4.88,4.972662926,4.88,4.749574661,0.95,0.985732198,0.95,0.888071835,0.95,0.952515125,0.95,0.926378608,0.6,0.684230328,0.6,0.862518668,0.6,0.906063378,0.6,1.333007574,3.37,3.440402508,3.37,2.684209347,3.37,3.283763647,3.37,3.254055023,0.87,1.071751833,0.87,0.97860992,0.87,0.868760347,0.87,0.863886118,0.95,1.015058279,0.95,0.909244418,0.95,0.960713744,0.95,0.926193893,4.85,5.07147789,4.85,4.64276123,4.85,4.897335052,4.85,4.7290802,3.62,3.129858017,3.62,2.768494606,3.62,3.239049911,3.62,3.133923292,4.36,4.412827015,4.36,4.469486713,4.36,4.481625557,4.36,4.495283127,3.2,4.110287189,3.2,4.040059566,3.2,4.391716957,3.2,4.390485764,0.64,0.488117427,0.64,0.483532757,0.64,0.608083248,0.64,0.506244123,7.44,7.84305954,7.44,7.906252384,7.44,7.865338326,7.44,7.84499836,0.84,0.911085963,0.84,1.119905353,0.84,1.051978827,0.84,0.913349271,1.04,1.296661496,1.04,0.875501275,1.04,1.158358216,1.04,1.193742514,6.15,6.027535439,6.15,5.904554367,6.15,6.055418968,6.15,6.238937855,0.95,0.979424834,0.95,0.934338808,0.95,0.914632082,0.95,0.948954463,0.73,1.166811585,0.73,1.383418202,0.73,1.388605952,0.73,1.352797747,3.75,4.083864689,3.75,3.249132156,3.75,3.73796916,3.75,3.931578398,4.42,4.561425209,4.42,4.518651009,4.42,4.496415138,4.42,4.580337048,0.76,0.700105906,0.76,0.580780864,0.76,0.676428974,0.76,0.774994075,0.56,0.668511748,0.56,0.844771504,0.56,0.841983616,0.56,0.708176553,0.9,1.261729002,0.9,0.890853524,0.9,1.171767831,0.9,1.401402473,1.63,1.872546673,1.63,1.840647936,1.63,2.011009693,1.63,1.759788513,8.6,8.549919128,8.6,8.825112343,8.6,8.751933098,8.6,8.838006973,0.85,0.839216232,0.85,0.63397491,0.85,0.911148608,0.85,1.062840462,0.7,1.087464809,0.7,0.884468913,0.7,1.103978634,0.7,1.000947475,0.8,0.936420918,0.8,0.773162723,0.8,1.078058958,0.8,1.001575708,4.8,5.256140709,4.8,5.110722542,4.8,5.694424629,4.8,5.649833679,0.69,0.97836566,0.69,0.983296275,0.69,0.596250296,0.69,0.740860522,3.37,3.274682283,3.37,3.066349268,3.37,3.236929655,3.37,3.225250721,6.47,6.668683052,6.47,6.419921875,6.47,6.457401276,6.47,6.368173122,4.35,3.946410894,4.35,4.280005455,4.35,4.436180115,4.35,4.215945244,6.47,6.668206215,6.47,6.583150864,6.47,6.702975273,6.47,6.873957634,1.63,2.03403759,1.63,2.134466648,1.63,1.802131891,1.63,1.754175901,0.68,1.171411991,0.68,0.997352958,0.68,1.321505189,0.68,1.146830797,0.88,1.21787405,0.88,1.25030601,0.88,1.285202503,0.88,1.272601366,0.75,0.461943835,0.75,0.49966225,0.75,0.567945957,0.75,0.61994487,0.95,1.137506723,0.95,1.00836122,0.95,0.97753644,0.95,0.950888395,0.84,0.806477785,0.84,1.02746141,0.84,0.952537656,0.84,0.953325212,5.27,5.946275711,5.27,5.613711357,5.27,6.047073364,5.27,5.725811481,0.94,0.792496681,0.94,1.129794955,0.94,1.155934334,0.94,0.798228085,7.1,7.115484715,7.1,6.902301311,7.1,7.261041641,7.1,6.429108143
4.02,3.966785669,4.02,5.425443649,4.02,4.706834793,4.02,4.798737049,5.27,4.393915653,5.27,4.976137161,5.27,4.794770241,5.27,5.155498028,3.75,4.34251833,3.75,5.764838219,3.75,5.14774704,3.75,5.337711811,5.1,4.489971161,5.1,4.57217741,5.1,5.217970848,5.1,4.582710743,7.62,6.1783638,7.62,4.86435318,7.62,6.954730034,7.62,7.228409767,0.95,1.03580749,0.95,0.838923335,0.95,1.050819635,0.95,1.045368195,0.75,0.276982576,0.75,0.681893706,0.75,0.919072032,0.75,0.646692693,3.18,3.713113308,3.18,4.663949966,3.18,4.530100822,3.18,3.016343117,0.7,0.700942278,0.7,0.239651561,0.7,0.71618557,0.7,1.06791234,2.8,4.366820812,2.8,5.089301586,2.8,4.593800545,2.8,4.376373291,0.84,0.949372292,0.84,0.759021401,0.84,0.911042929,0.84,0.690017819,4.68,5.353301048,4.68,4.937314034,4.68,5.812882423,4.68,5.409534454,6.15,6.318888664,6.15,6.466635227,6.15,6.644652367,6.15,6.466608047,0.6,0.56231916,0.6,0.635502875,0.6,0.930273175,0.6,0.608100235,9.45,7.020395279,9.45,6.535643101,9.45,7.668571472,9.45,6.991386414,8.4,7.698474884,8.4,7.887369633,8.4,8.679884911,8.4,8.539885521,3.37,4.130459309,3.37,3.630099058,3.37,3.683266878,3.37,3.635585308,6.8,6.579611778,6.8,6.817524433,6.8,6.616678238,6.8,7.057981968,2.72,2.466483831,2.72,2.209221125,2.72,2.203494072,2.72,2.443172932,6.06,6.336828709,6.06,6.343529701,6.06,6.749980927,6.06,7.097073555,0.64,0.556942344,0.64,0.530041099,0.64,0.590694904,0.64,0.293941081,0.95,1.13058722,0.95,0.50171119,0.95,0.858985484,0.95,0.839988589,0.64,0.554569721,0.64,0.623787761,0.64,0.679213524,0.64,0.265472531,0.95,0.971004725,0.95,1.002516985,0.95,0.872260571,0.95,0.90825963,0.85,0.623894453,0.85,0.565587819,0.85,0.965978026,0.85,0.902002931,0.95,1.101320267,0.95,0.919005275,0.95,0.951224029,0.95,0.92941916,3.37,3.473062515,3.37,3.411634684,3.37,3.905470371,3.37,3.708400249,2.8,3.503254652,2.8,3.567806005,2.8,3.722516298,2.8,3.620147705,6.47,6.62018919,6.47,6.372462749,6.47,6.756819725,6.47,6.664745331,4.8,5.105234623,4.8,5.149403095,4.8,5.748081207,4.8,5.716315746,1.49,1.656797647,1.49,1.848271251,1.49,1.697113514,1.49,1.483262539,4.8,5.27832365,4.8,5.149832249,4.8,5.649954796,4.8,5.79069519,0.86,0.871596813,0.86,0.447226852,0.86,0.976446867,0.86,0.635070145,6.6,7.30277729,6.6,7.297384739,6.6,7.609761238,6.6,7.456809044,7.62,7.966530323,7.62,7.776798725,7.62,7.919492722,7.62,8.366446495,5.98,5.935466766,5.98,6.282686234,5.98,6.380332947,5.98,6.216711521,3.04,3.04364109,3.04,2.607025862,3.04,2.976110697,3.04,2.881054401,0.95,1.141685605,0.95,1.144494414,0.95,0.88894999,0.95,0.972165287,4.36,5.373082638,4.36,5.619540215,4.36,5.000761032,4.36,5.258340359,0.95,1.097411036,0.95,0.93469274,0.95,1.061701298,0.95,0.931848526,7.62,6.811411381,7.62,7.168710709,7.62,6.443772316,7.62,6.733447075,7.94,5.552201271,7.94,5.436682701,7.94,5.809679985,7.94,5.810259819,4.36,5.341897488,4.36,5.438961029,4.36,5.09714222,4.36,5.086802006,7.1,5.556091309,7.1,5.613031387,7.1,5.668476105,7.1,6.101961136,6.47,6.395799637,6.47,6.4371171,6.47,6.731593132,6.47,6.180911064,0.95,1.15211606,0.95,0.732144237,0.95,0.931715488,0.95,0.920879126,1.88,1.783872962,1.88,1.746430397,1.88,1.929516673,1.88,1.746696234,1.04,0.847185135,1.04,0.970486999,1.04,1.178165317,1.04,0.847077966,3.64,3.88032341,3.64,3.369492531,3.64,3.868238926,3.64,4.027429104,0.95,1.103189707,0.95,0.908919811,0.95,1.024689436,0.95,1.036813974,4.85,4.766147614,4.85,4.700111389,4.85,4.779444695,4.85,4.463860035,0.95,0.975842118,0.95,0.907792687,0.95,1.003503919,0.95,0.93010658,0.77,0.826879859,0.77,0.792007983,0.77,0.720519125,0.77,0.885421336,0.95,1.089481592,0.95,0.727698684,0.95,0.903450966,0.95,0.919968843,0.64,0.464037389,0.64,0.42547974,0.64,0.621872902,0.64,0.471195161,0.95,1.09091568,0.95,0.670291305,0.95,0.86405468,0.95,0.920292377,0.8,0.669350863,0.8,0.766961217,0.8,0.864161551,0.8,1.099250793,7.1,6.844332695,7.1,7.096535683,7.1,6.988928795,7.1,7.06344986,4.36,4.423780441,4.36,4.450122833,4.36,4.47474575,4.36,4.478365421,0.95,0.916461229,0.95,0.815312266,0.95,0.954300642,0.95,1.011019707,0.7,0.843083143,0.7,0.701187968,0.7,0.931924999,0.7,1.249689341,3.12,3.488313437,3.12,2.730439663,3.12,3.338969469,3.12,3.316738129,4.75,5.001377106,4.75,4.814386368,4.75,4.954649925,4.75,5.565115929,3.12,2.671000242,3.12,2.304502487,3.12,2.761027575,3.12,2.641466379,0.93,1.051051855,0.93,1.256846786,0.93,1.119069338,0.93,1.089731693,0.95,0.777738094,0.95,0.896740675,0.95,1.02992034,0.95,0.878370047,4.01,4.35787487,4.01,4.071533203,4.01,4.292544365,4.01,4.846061707,0.56,1.077235222,0.56,0.936832309,0.56,0.950047135,0.56,0.931091905,6.64,6.426987171,6.64,6.226351261,6.64,6.390593529,6.64,7.012890816,4.8,5.164093494,4.8,5.176837921,4.8,5.431341171,4.8,5.719931126,4.02,3.875885725,4.02,3.771063566,4.02,3.972912312,4.02,4.231216431,0.95,0.979342222,0.95,0.891133606,0.95,0.959460974,0.95,0.925356746,0.84,0.91101253,0.84,1.111162543,0.84,1.049947739,0.84,0.934249341,3.12,2.819651365,3.12,2.256699324,3.12,2.757719278,3.12,2.685646772,4.02,4.095594406,4.02,3.792496681,4.02,3.963257551,4.02,4.198741436,0.95,1.008042932,0.95,0.916433692,0.95,0.967329264,0.95,0.925627649,0.81,0.805167913,0.81,0.978721499,0.81,0.942975998,0.81,0.843742907,0.7,1.02998209,0.7,0.858000636,0.7,1.044027805,0.7,0.911187112,6.64,6.399745941,6.64,6.257727623,6.64,6.410437584,6.64,6.872250557,0.95,0.977236152,0.95,0.903992832,0.95,0.965927601,0.95,0.921595097,0.56,0.64003253,0.56,0.860277295,0.56,0.854685187,0.56,0.714826047,7.89,7.910691261,7.89,7.655679703,7.89,7.942507744,7.89,7.806738377,0.94,0.843973517,0.94,1.039432406,0.94,0.845201731,0.94,0.796484888,4.68,5.074753761,4.68,4.625244617,4.68,5.429286003,4.68,5.163194656,0.87,0.854161263,0.87,1.104842067,0.87,0.847534418,0.87,0.770458639,0.9,1.184329033,0.9,0.881588578,0.9,1.163844824,0.9,1.535891294,0.87,0.860298753,0.87,1.115553737,0.87,0.863163233,0.87,0.759839356,0.95,0.939116955,0.95,0.686869979,0.95,1.076575518,0.95,1.066399574,0.64,0.5701828,0.64,0.674898028,0.64,0.851741552,0.64,0.629726708,3.18,2.948561907,3.18,2.971909046,3.18,2.988702059,3.18,2.872585773,4.42,4.563562393,4.42,4.477584362,4.42,4.475215912,4.42,4.610137939,3.2,4.037181854,3.2,3.749677896,3.2,4.521164894,3.2,4.347521305,4.88,5.005882263,4.88,4.886323929,4.88,4.811841965,4.88,4.657180786,9.7,9.052373886,9.7,9.157328606,9.7,9.374991417,9.7,9.5511446,0.75,0.461943835,0.75,0.49966225,0.75,0.567945957,0.75,0.61994487,0.95,0.929172516,0.95,0.815962255,0.95,1.028065443,0.95,1.008657694,3.95,4.502457142,3.95,4.393155575,3.95,4.15534544,3.95,4.022614002,1.49,1.769606709,1.49,2.206602097,1.49,1.744673014,1.49,1.682737112,0.84,0.787485361,0.84,1.037243247,0.84,0.941576719,0.84,0.952408075,0.95,1.608732939,0.95,0.687316477,0.95,1.057863235,0.95,0.938969791
0.68,0.789966106,0.68,0.110518552,0.68,1.035477281,0.68,0.556409299,0.95,0.700632095,0.95,0.579712987,0.95,1.126248598,0.95,0.668259919,4.36,4.762844086,4.36,5.216676235,4.36,5.323867798,4.36,5.679090023,2.71,4.79626894,2.71,5.174501896,2.71,4.841907501,2.71,4.657234669,4.36,4.104955196,4.36,4.275941372,4.36,4.485795021,4.36,4.309233665,5.27,4.064368725,5.27,4.206921577,5.27,5.286309242,5.27,5.271644115,1.88,2.026895046,1.88,2.263119459,1.88,2.168228149,1.88,1.845822573,6.06,5.121864319,6.06,5.063609123,6.06,6.043943405,6.06,6.447394371,0.87,0.89394331,0.87,0.973101974,0.87,1.03140378,0.87,0.892900169,2.62,2.787505388,2.62,2.948412657,2.62,3.303206205,2.62,2.88743639,7.62,7.095482826,7.62,6.781725407,7.62,7.667354584,7.62,6.856778145,6.6,7.480515003,6.6,6.359100342,6.6,7.860819817,6.6,7.836598396,4.31,4.869439125,4.31,4.379126549,4.31,4.498049736,4.31,4.549825668,0.95,0.803219676,0.95,0.569761992,0.95,0.800432801,0.95,0.835029006,0.93,0.98730731,0.93,0.968326211,0.93,1.042443871,0.93,1.012328625,3.18,4.619631767,3.18,4.633016109,3.18,4.278438568,3.18,3.509551525,0.93,1.062922359,0.93,1.025565624,0.93,1.039119482,0.93,1.088995934,5.27,4.247028828,5.27,4.485583782,5.27,4.879600525,5.27,3.993625879,3.6,3.436487913,3.6,3.128316402,3.6,2.950122118,3.6,2.943830967,6.6,7.545568466,6.6,7.373158932,6.6,7.377100945,6.6,7.349999905,6.06,6.856728077,6.06,6.694061279,6.06,7.593864441,6.06,7.218402863,0.95,1.276484847,0.95,1.120373011,0.95,1.029182553,0.95,0.919621289,4.75,4.77869606,4.75,4.289363861,4.75,4.725575447,4.75,4.568623543,8.6,8.481316566,8.6,7.990008354,8.6,8.810296059,8.6,8.746084213,0.94,0.940731287,0.94,0.851691127,0.94,0.892987251,0.94,0.983362615,0.7,1.454497099,0.7,1.256447196,0.7,1.129324675,0.7,0.951740146,4.75,4.725989342,4.75,4.359930515,4.75,5.027452469,4.75,4.750777721,0.95,0.899763942,0.95,1.155825973,0.95,0.92960465,0.95,1.031128287,2.79,2.554124355,2.79,2.897832394,2.79,2.619229078,2.79,2.422969341,0.95,1.393423557,0.95,1.214619756,0.95,1.067849278,0.95,0.941440821,3.64,3.643345118,3.64,3.886598587,3.64,3.981234789,3.64,4.091365814,8,7.566947937,8,7.750244141,8,7.825966835,8,7.795190334,4.02,4.164046764,4.02,4.129659176,4.02,4.196522713,4.02,4.096500397,7.1,5.640299797,7.1,5.392697334,7.1,5.87360096,7.1,5.968746662,0.6,0.437931985,0.6,0.5473423,0.6,0.585589886,0.6,0.521827996,6.12,5.729667664,6.12,5.492086411,6.12,5.987938881,6.12,5.862877846,3.04,3.04364109,3.04,2.607025862,3.04,2.976110697,3.04,2.881054401,1.04,0.834500253,1.04,1.050853848,1.04,1.11770153,1.04,0.866066635,4.42,4.65333271,4.42,4.482893467,4.42,4.472034454,4.42,4.588017941,8,7.745997429,8,7.560301304,8,7.971470833,8,7.592541218,0.84,0.97866416,0.84,0.804832578,0.84,0.96116519,0.84,0.791244209,1.04,1.027988791,1.04,1.045341134,1.04,1.172600389,1.04,1.127500057,4.38,4.629273415,4.38,4.415426254,4.38,4.469837189,4.38,4.535999298,3.12,2.392505884,3.12,2.503537655,3.12,2.734280825,3.12,2.673399448,0.6,0.793070793,0.6,0.543970942,0.6,0.884960532,0.6,0.862259388,0.95,0.911222696,0.95,0.926077962,0.95,1.030668378,0.95,0.996781409,0.73,1.304962516,0.73,1.276922464,0.73,1.130197883,0.73,1.294929028,0.95,0.960454702,0.95,0.929512858,0.95,0.941934824,0.95,0.922311306,4.02,4.011338711,4.02,3.84743762,4.02,4.016922474,4.02,4.038099766,7.94,5.468234539,7.94,5.397133827,7.94,5.647590637,7.94,5.971020699,0.68,0.760308743,0.68,0.676943064,0.68,0.946761012,0.68,0.944744587,9.7,9.481801033,9.7,9.033135414,9.7,9.239783287,9.7,9.486359596,6.15,5.97892189,6.15,5.955423832,6.15,6.292629242,6.15,5.854106903,5.1,5.286645889,5.1,5.318573475,5.1,5.397732735,5.1,5.338569164,0.67,0.700013757,0.67,0.830699801,0.67,1.080534458,0.67,0.763975859,2.8,3.23532176,2.8,2.914616346,2.8,3.495783806,2.8,3.3262043,0.84,0.902140021,0.84,0.86317718,0.84,1.045411825,0.84,0.880913138,0.95,0.921306252,0.95,0.821521044,0.95,0.946239233,0.95,0.890084863,3.95,4.502106667,3.95,4.244527817,3.95,4.449591637,3.95,4.191972256,7.1,5.269896507,7.1,5.434593201,7.1,5.479190826,7.1,5.883701801,9.45,9.157420158,9.45,9.32470417,9.45,9.286793709,9.45,9.060539246,0.95,0.910366654,0.95,0.937790036,0.95,0.952707052,0.95,1.01472652,0.94,1.018217206,0.94,0.928578258,0.94,0.878077745,0.94,0.866242647,7.1,6.824359417,7.1,6.999084473,7.1,7.060943604,7.1,7.100791931,0.77,0.851600528,0.77,0.889555693,0.77,0.889476895,0.77,0.875817478,7.39,7.609363556,7.39,7.555422306,7.39,7.256584167,7.39,7.475621223,0.94,1.020620346,0.94,0.949535251,0.94,0.867280245,0.94,0.87770021,0.95,0.982518792,0.95,0.910526395,0.95,0.959001541,0.95,0.922122598,3.75,3.658715248,3.75,3.639290094,3.75,3.866775513,3.75,4.026413918,0.95,0.976956964,0.95,0.889088988,0.95,0.975434661,0.95,0.965475917,0.67,0.68012774,0.67,0.681269526,0.67,0.830854177,0.67,0.714663506,0.95,1.0683285,0.95,0.851030946,0.95,1.060710907,0.95,1.085030556,0.6,0.860296011,0.6,0.651441693,0.6,0.925161719,0.6,1.17013073,7.39,7.490596771,7.39,7.444212914,7.39,7.401145935,7.39,7.502157688,0.81,0.849036872,0.81,0.966143489,0.81,0.941066742,0.81,0.854363501,2.62,2.151362181,2.62,2.425980806,2.62,2.673013449,2.62,2.894580603,1.93,1.855075955,1.93,1.66974628,1.93,1.94343102,1.93,2.116127729,0.97,0.767663479,0.97,0.67527163,0.97,1.405471563,0.97,1.367035389,4.01,4.204705238,4.01,3.910539389,4.01,4.165739059,4.01,4.612109661,1.49,2.029426813,1.49,1.634073615,1.49,1.618083954,1.49,1.557943583,4.36,5.485749245,4.36,5.336641312,4.36,5.628951073,4.36,5.27215004,1.88,2.160202026,1.88,1.817136526,1.88,1.708240271,1.88,1.697748423,6.06,6.627264977,6.06,6.439785004,6.06,6.497828484,6.06,6.444861889,8.6,8.516630173,8.6,8.726329803,8.6,8.728331566,8.6,8.773509026,2.72,2.195534468,2.72,2.296353102,2.72,2.271733284,2.72,2.276464701,1.88,2.134067059,1.88,1.942223191,1.88,1.718708277,1.88,1.719495296,6.48,6.148932457,6.48,5.88151741,6.48,6.153364182,6.48,6.605875969,6.8,6.840791702,6.8,6.728466511,6.8,7.181006432,6.8,7.16831398,4.5,4.494544983,4.5,4.431760311,4.5,4.476963043,4.5,4.563888073,5.1,5.473440647,5.1,5.057406902,5.1,5.430685043,5.1,5.348176003,4.85,5.018725872,4.85,4.894322395,4.85,4.877523422,4.85,4.681472778,0.95,0.992990255,0.95,0.928351998,0.95,0.834286451,0.95,0.944772303,3.04,2.974592686,3.04,2.718898296,3.04,3.024691343,3.04,3.358387947,5.1,4.319857121,5.1,4.081885815,5.1,4.978728294,5.1,4.652880669,1.88,2.024079323,1.88,1.883339405,1.88,2.018487692,1.88,1.919279575,8.6,8.548792839,8.6,8.391566277,8.6,8.806983948,8.6,8.681145668,1.88,2.043260098,1.88,1.945512891,1.88,2.018975735,1.88,1.957076311,1.04,1.09738183,1.04,1.629676938,1.04,1.065243602,1.04,1.199893713,2.72,2.616138697,2.72,2.513879061,2.72,2.169835091,2.72,2.046312571,4.2,4.110668182,4.2,4.609156609,4.2,4.613801003,4.2,4.614803314
0.67,0.46300897,0.67,0.519057155,0.67,0.503968716,0.67,0.678283572,0.95,0.802284122,0.95,0.690962672,0.95,0.827783048,0.95,0.941218615,4.01,4.949126244,4.01,4.283226013,4.01,5.605557442,4.01,6.298105717,6.5,5.517994881,6.5,5.686265945,6.5,5.329815865,6.5,5.851063251,3.37,3.429202795,3.37,4.024521351,3.37,3.760812759,3.37,3.917023182,0.88,0.677312493,0.88,0.993743896,0.88,0.696914315,0.88,0.801159978,4.85,4.348929405,4.85,4.238388062,4.85,4.430980682,4.85,4.192420959,4.7,5.75424242,4.7,6.122662544,4.7,6.794492722,4.7,6.582331657,4.1,4.71800375,4.1,5.207747936,4.1,5.203408241,4.1,4.756664276,0.95,0.92695117,0.95,0.745758891,0.95,0.943285823,0.95,1.031161785,0.69,0.589561939,0.69,0.566387415,0.69,0.76742661,0.69,0.738701403,0.95,1.181849599,0.95,0.871472239,0.95,1.197546005,0.95,0.942046702,0.56,0.480551928,0.56,0.475969046,0.56,0.783962607,0.56,0.534398735,2.62,3.235598803,2.62,2.560519457,2.62,3.23926425,2.62,3.375708103,3.37,3.770064592,3.37,3.740866661,3.37,3.804009199,3.37,3.579593658,0.95,0.982076764,0.95,0.799507976,0.95,0.93710804,0.95,1.014144659,4.75,4.802913189,4.75,4.280123234,4.75,4.441875458,4.75,4.127444267,0.95,1.186417341,0.95,1.129970431,0.95,1.148522258,0.95,0.922699153,3.6,3.436487913,3.6,3.128316402,3.6,2.950122118,3.6,2.943830967,1.88,1.873824596,1.88,1.889976501,1.88,1.869584799,1.88,1.735880613,4.75,4.686843872,4.75,4.32828474,4.75,4.570412636,4.75,4.504271507,5.9,4.700582981,5.9,4.860339642,5.9,4.202615738,5.9,4.58962965,5.73,6.665990353,5.73,6.473453045,5.73,6.717949867,5.73,6.359561443,8.4,7.935734749,8.4,8.951053619,8.4,8.388271332,8.4,8.778706551,0.7,0.673627496,0.7,0.690954447,0.7,0.828903377,0.7,0.628423452,0.95,0.997577667,0.95,0.867064357,0.95,0.932550967,0.95,0.927333832,0.67,0.650797486,0.67,0.659202933,0.67,0.669162035,0.67,0.735595822,0.56,0.901233196,0.56,0.796699703,0.56,0.998516381,0.56,0.972943425,4.1,4.44402504,4.1,4.374661446,4.1,4.892149925,4.1,4.617965221,0.95,1.077343225,0.95,0.910989642,0.95,0.949557781,0.95,0.928746641,3.04,2.732054234,3.04,2.963096619,3.04,3.090214491,3.04,3.07839942,4.68,4.992398739,4.68,4.645924568,4.68,5.041567802,4.68,5.169260979,4.5,4.520316124,4.5,4.509467125,4.5,4.468141556,4.5,4.648287773,2.93,3.500927925,2.93,3.224552393,2.93,3.228793383,2.93,3.904930592,3.64,3.754114389,3.64,3.594206095,3.64,3.859233856,3.64,4.032115459,0.95,0.98562026,0.95,0.877439678,0.95,0.950332344,0.95,0.920452654,4.31,4.640275478,4.31,4.507292271,4.31,4.472755432,4.31,4.614304543,0.95,1.022322893,0.95,0.926053166,0.95,1.01292181,0.95,1.003777862,1.88,1.711679101,1.88,1.802380443,1.88,1.883867621,1.88,1.824144363,7.89,7.94139719,7.89,7.781637192,7.89,7.748836517,7.89,8.075005531,3.75,3.956696033,3.75,3.863531113,3.75,3.955616474,3.75,4.171600819,0.95,1.043897152,0.95,1.074047923,0.95,0.95343864,0.95,0.923286915,0.73,1.244727015,0.73,1.205711484,0.73,1.103065491,0.73,1.261985064,0.95,0.986766458,0.95,0.788588881,0.95,1.135301471,0.95,1.036403894,0.94,0.896367669,0.94,0.881513476,0.94,0.869590044,0.94,0.816476464,0.95,0.960759759,0.95,0.930014491,0.95,0.940676928,0.95,0.922386289,0.81,0.851533771,0.81,0.830123782,0.81,0.86793685,0.81,0.822596371,7.1,6.949733257,7.1,6.84086132,7.1,6.80769825,7.1,6.899944305,7.62,6.60716486,7.62,6.847826481,7.62,6.584547997,7.62,6.40653801,6.12,5.944139004,6.12,5.751866341,6.12,5.755316734,6.12,6.02212429,3.37,3.302375078,3.37,3.234902382,3.37,3.349445105,3.37,3.128420115,5.9,5.26943779,5.9,5.537376881,5.9,4.942948341,5.9,5.11315012,0.86,0.921019554,0.86,0.318773836,0.86,0.953216553,0.86,0.622723401,0.95,0.987508059,0.95,0.883070946,0.95,0.948897243,0.95,0.926622987,6.47,6.625597,6.47,6.753742218,6.47,6.596247673,6.47,6.492342472,4.68,4.764462471,4.68,4.695803642,4.68,4.954612732,4.68,5.42734623,0.7,0.817198038,0.7,0.864876866,0.7,0.950471401,0.7,1.140683651,5.98,5.767757416,5.98,5.802924633,5.98,6.086615562,5.98,6.370628357,7.62,8.142566681,7.62,7.52426672,7.62,8.059173584,7.62,8.124925613,5.1,4.529410362,5.1,4.467447758,5.1,4.737080574,5.1,4.973900795,4.01,4.497567654,4.01,4.118302345,4.01,4.443354607,4.01,4.800578117,8.6,9.045600891,8.6,9.037962914,8.6,8.925013542,8.6,9.057915688,0.86,0.912740231,0.86,0.319594711,0.86,0.965802312,0.86,0.637962639,7.89,7.900705338,7.89,7.870083332,7.89,7.60371685,7.89,7.737550735,1.88,2.06641221,1.88,1.833934426,1.88,2.045219421,1.88,1.83170557,0.95,0.985993147,0.95,0.934176803,0.95,0.976606369,0.95,0.935020924,0.68,0.802823544,0.68,0.650241733,0.68,0.902665019,0.68,1.283792257,8.02,7.929429531,8.02,8.46685791,8.02,8.106176376,8.02,8.211685181,0.7,0.814109445,0.7,0.851937056,0.7,0.781748295,0.7,0.645502746,0.95,0.995452762,0.95,0.939979792,0.95,0.947994947,0.95,0.936573744,1.05,1.033114314,1.05,1.184874415,1.05,1.131165266,1.05,1.014168859,2.8,3.39613986,2.8,3.108416796,2.8,3.585295916,2.8,3.347459316,0.56,0.801386833,0.56,0.845735431,0.56,0.812022805,0.56,0.695591867,8.71,8.17780304,8.71,8.172001839,8.71,8.160898209,8.71,8.16668129,2.79,2.813602686,2.79,2.698543787,2.79,3.039655447,2.79,2.779167891,0.95,1.091425776,0.95,0.875228226,0.95,1.079800606,0.95,1.071188927,7.62,6.183802605,7.62,6.250849247,7.62,6.479821205,7.62,6.577196121,0.95,1.055534601,0.95,0.952277303,0.95,0.953824282,0.95,0.944357216,0.73,0.931907654,0.73,1.004346728,0.73,0.997552156,0.73,0.885517538,3.75,3.943886518,3.75,3.298271418,3.75,3.748965979,3.75,3.853116035,0.6,0.46277222,0.6,0.708395243,0.6,0.675536394,0.6,0.552930295,6.1,6.120372772,6.1,5.985030651,6.1,6.643890381,6.1,6.060119629,3.37,3.388134956,3.37,3.072805166,3.37,3.375470161,3.37,3.333130836,0.95,0.968625665,0.95,0.923622251,0.95,1.117978454,0.95,0.931006372,0.69,0.941566229,0.69,0.910548091,0.69,0.61094141,0.69,0.740880191,0.95,0.924578667,0.95,0.664892435,0.95,0.948562622,0.95,0.89525485,3.75,3.869341612,3.75,3.664973974,3.75,3.783600807,3.75,3.899920225,0.95,0.983257234,0.95,0.937571168,0.95,0.968915105,0.95,0.952163994,3.75,3.857521772,3.75,3.694402933,3.75,3.755586147,3.75,3.910909176,6.8,6.860894203,6.8,6.721458435,6.8,7.219029427,6.8,7.218658447,4.36,5.585453033,4.36,5.460385323,4.36,5.542251587,4.36,5.341660976,0.95,1.021516085,0.95,0.645548701,0.95,1.096849442,0.95,0.975737631,3.64,3.768459082,3.64,3.51798439,3.64,3.696895123,3.64,4.161571503,0.9,1.070549846,0.9,0.861681342,0.9,1.146741509,0.9,1.707482815,0.73,0.948662043,0.73,0.437659115,0.73,0.998553276,0.73,0.889245987,0.82,0.78714633,0.82,0.676989913,0.82,0.625682592,0.82,1.218219995,0.75,0.464071244,0.75,0.520347476,0.75,0.550230265,0.75,0.569024384,0.95,0.982318878,0.95,0.921484351,0.95,0.803195715,0.95,0.952227712,0.59,0.755848169,0.59,0.953986049,0.59,0.507583022,0.59,0.77176553,0.95,0.88500464,0.95,0.831852317,0.95,0.94978416,0.95,0.983999848
4.38,4.381426811,4.38,4.313780785,4.38,4.556860924,4.38,4.248978615,0.95,-0.282289535,0.95,0.210312694,0.95,0.681164563,0.95,0.898970187,5.73,5.139291286,5.73,5.450350285,5.73,6.574327469,5.73,6.104146004,7.94,4.361262321,7.94,4.94710207,7.94,5.73760891,7.94,6.196679115,1.42,1.00182271,1.42,1.738129735,1.42,1.287506819,1.42,0.910116196,0.95,0.897906125,0.95,0.828883052,0.95,0.967977941,0.95,0.943968236,0.64,0.479028076,0.64,0.222930044,0.64,0.63490653,0.64,0.65910387,0.95,0.944718122,0.95,0.941731334,0.95,1.0263381,0.95,1.031852603,6.48,5.691653252,6.48,5.337216377,6.48,5.916416168,6.48,5.548511505,7.89,6.212803841,7.89,5.916604519,7.89,6.157660484,7.89,6.71487236,0.7,0.353257626,0.7,0.658587217,0.7,0.83644557,0.7,0.630283058,0.95,0.989840031,0.95,0.800368786,0.95,1.001262426,0.95,0.938443363,2.72,2.622111797,2.72,2.560285091,2.72,2.264229059,2.72,2.957962513,0.95,0.933314323,0.95,0.935541987,0.95,1.00643611,0.95,0.932622492,4.42,4.48674202,4.42,4.36158371,4.42,4.473111153,4.42,4.503538609,0.9,0.986896038,0.9,1.324305773,0.9,0.893389523,0.9,1.450019121,6.47,5.394752979,6.47,5.506577492,6.47,5.892054558,6.47,5.777030468,8.71,7.242970467,8.71,7.261136055,8.71,6.688008308,8.71,6.761637688,0.6,0.731171131,0.6,0.560318589,0.6,0.797573686,0.6,0.584474146,0.95,1.062362432,0.95,0.728532434,0.95,0.98872757,0.95,0.929030299,0.81,0.931373715,0.81,0.854541183,0.81,0.872821331,0.81,0.976137578,0.95,1.142784357,0.95,0.938048005,0.95,0.991711378,0.95,0.957763791,4.85,4.263758183,4.85,4.516623497,4.85,4.769166946,4.85,4.655368328,0.76,0.609037161,0.76,0.349307388,0.76,0.903780222,0.76,0.989194453,4.51,4.395105362,4.51,4.395817757,4.51,4.4634552,4.51,4.658538818,8.71,7.571060181,8.71,7.286915779,8.71,7.797875404,8.71,7.820885658,2.72,2.392971516,2.72,2.365617037,2.72,2.135518551,2.72,2.277437925,0.95,0.995544195,0.95,0.868409038,0.95,0.933498681,0.95,0.927220047,6.47,5.625799656,6.47,5.565225601,6.47,6.16868782,6.47,5.925124168,7.1,5.3130126,7.1,5.416086674,7.1,6.061730385,7.1,5.93405962,1.49,1.656797647,1.49,1.848271251,1.49,1.697113514,1.49,1.483262539,3.2,3.715465307,3.2,4.247670174,3.2,3.706780672,3.2,3.530328751,4.51,4.423477173,4.51,4.462842941,4.51,4.462086678,4.51,4.629736423,7.44,8.000704765,7.44,8.098555565,7.44,8.222313881,7.44,8.381440163,0.64,0.596030474,0.64,0.830837607,0.64,0.724487066,0.64,0.353898823,0.95,1.281243682,0.95,0.837019086,0.95,0.966784596,0.95,0.873766303,6.06,6.592646599,6.06,6.555457592,6.06,7.07544136,6.06,6.708017349,3.2,4.528550148,3.2,4.274017811,3.2,4.588713646,3.2,4.547997475,3.6,3.548542976,3.6,3.074459314,3.6,3.437963247,3.6,3.696161032,0.95,0.979819775,0.95,0.866528749,0.95,0.98243475,0.95,0.924294055,6.06,6.753203392,6.06,6.804947853,6.06,7.19290638,6.06,6.97191143,5.27,5.573683739,5.27,5.477920532,5.27,5.653542519,5.27,5.570865631,0.73,0.962542772,0.73,0.815404773,0.73,0.944543123,0.73,0.940254629,6.8,7.395726681,6.8,6.910080433,6.8,7.178689003,6.8,7.11850214,2.16,2.12194705,2.16,2.179243565,2.16,2.288566589,2.16,2.057758331,0.95,0.983646035,0.95,0.882134557,0.95,1.040661931,0.95,1.070010781,6.47,6.330207825,6.47,6.366122246,6.47,6.733187675,6.47,6.144724369,0.95,0.948057413,0.95,0.94928062,0.95,0.950196028,0.95,1.016203403,0.69,0.715989828,0.69,0.826291442,0.69,0.76761961,0.69,0.691112339,0.95,0.977011085,0.95,0.906591356,0.95,1.00260973,0.95,0.930201054,0.7,0.785511017,0.7,0.738670826,0.7,1.010519624,0.7,0.981997311,0.95,0.956704736,0.95,0.829756618,0.95,0.956181884,0.95,1.012349248,4.88,5.072455406,4.88,4.92455864,4.88,4.992929459,4.88,4.713125229,4.8,5.209589481,4.8,5.455617428,4.8,5.388544083,4.8,5.878602982,3.95,4.374369621,3.95,4.236264229,3.95,4.408042908,3.95,4.107809544,0.9,0.892408133,0.9,0.953097463,0.9,1.246658087,0.9,0.966850936,4.36,5.511898994,4.36,5.308258057,4.36,5.328659058,4.36,5.074850082,0.95,0.96586144,0.95,0.950766444,0.95,0.949461102,0.95,0.922091067,0.73,0.907413602,0.73,0.903592467,0.73,0.990648985,0.73,0.800767124,0.95,0.934380293,0.95,0.926175714,0.95,0.953243256,0.95,0.970654845,3.75,3.680375814,3.75,3.664723635,3.75,3.81120801,3.75,3.844061852,0.95,0.995512366,0.95,0.834512413,0.95,1.064094067,0.95,1.087337732,3.95,4.629842758,3.95,4.176234245,3.95,4.491140366,3.95,4.276134968,2.8,3.298538208,2.8,2.986017942,2.8,3.600069284,2.8,3.313992977,6.15,5.900115013,6.15,5.826043606,6.15,6.132189751,6.15,6.014318466,0.95,0.981931806,0.95,0.863034129,0.95,1.004496336,0.95,0.973522186,1.88,2.015779972,1.88,1.825282812,1.88,2.060048103,1.88,1.812597275,3.2,3.537462473,3.2,3.321086645,3.2,3.686710596,3.2,3.4830966,1.63,1.928257942,1.63,1.782107353,1.63,2.013121128,1.63,1.756694555,0.95,0.96851778,0.95,0.807124734,0.95,1.031123161,0.95,1.079122424,4.52,4.350623608,4.52,4.41197443,4.52,4.481472969,4.52,4.466607094,0.93,0.159989566,0.93,0.745460868,0.93,0.755725265,0.93,0.667114198,1.05,1.034617543,1.05,1.162216544,1.05,1.131095171,1.05,1.036990643,0.95,0.924669385,0.95,0.841346383,0.95,0.959358692,0.95,0.955269694,4.4,4.487113953,4.4,4.480526447,4.4,4.491232872,4.4,4.540343285,0.95,0.720638394,0.95,0.912089229,0.95,1.119585633,0.95,0.9140926,0.7,0.711192966,0.7,0.798192382,0.7,0.79263854,0.7,0.668414056,0.82,0.940074682,0.82,0.373735279,0.82,0.787779391,0.82,0.995877802,0.56,0.668511748,0.56,0.844771504,0.56,0.841983616,0.56,0.708176553,8,7.605233192,8,7.555616379,8,7.684731483,8,7.73177433,4.88,4.923708439,4.88,4.775256634,4.88,5.019151688,4.88,4.617417336,0.95,1.02984333,0.95,0.993115544,0.95,0.95745647,0.95,0.943563342,2.72,2.142808914,2.72,2.294649124,2.72,2.308763742,2.72,2.284533501,2.71,2.205432177,2.71,2.631242514,2.71,2.845829248,2.71,2.840778351,0.84,0.907723188,0.84,0.935944438,0.84,1.012323618,0.84,0.880875885,5.1,5.270527363,5.1,5.031097412,5.1,5.53323555,5.1,5.355353355,5.73,6.135714531,5.73,6.000336647,5.73,6.197045326,5.73,6.134852409,2.8,3.625730276,2.8,3.40420866,2.8,3.568746328,2.8,3.460064888,0.67,0.705299616,0.67,0.626303554,0.67,0.750237226,0.67,0.721004367,0.95,0.989266038,0.95,0.945404649,0.95,0.95268178,0.95,0.957336307,4.43,4.402703285,4.43,4.367880344,4.43,4.465500832,4.43,4.521016598,0.95,0.957945466,0.95,0.899583697,0.95,0.975554109,0.95,0.957804501,3.75,3.838310003,3.75,3.757932425,3.75,3.703629732,3.75,3.955080271,0.95,0.927226305,0.95,0.85244751,0.95,0.990577698,0.95,1.006844521,3.6,3.50585556,3.6,3.264810324,3.6,3.44896841,3.6,3.917123318,0.97,0.879851341,0.97,1.160020471,0.97,1.588347673,0.97,1.629074335,7.62,7.736722469,7.62,7.443696976,7.62,7.809832573,7.62,8.185907364,1.04,0.976634622,1.04,0.825280786,1.04,1.115306258,1.04,1.766227484,0.6,1.293123484,0.6,1.106177211,0.6,1.459343791,0.6,1.100633144,3.2,3.894351482,3.2,3.828559637,3.2,4.4248209,3.2,4.373850822
4.39,4.675999641,4.39,4.292728901,4.39,4.570272446,4.39,4.620014668,0.95,0.742157102,0.95,0.840939641,0.95,1.42772603,0.95,1.050578594,0.68,0.584053516,0.68,0.183746427,0.68,0.653628409,0.68,0.557210743,1.3,2.632846832,1.3,2.952531338,1.3,2.29887557,1.3,2.443205833,4.36,4.948019028,4.36,5.002925396,4.36,5.14011097,4.36,5.02311945,0.95,0.518644154,0.95,0.666968226,0.95,0.798771262,0.95,0.914518118,0.84,0.97848767,0.84,0.785907149,0.84,1.016637325,0.84,0.756701231,0.95,0.925380349,0.95,1.001339436,0.95,0.985963941,0.95,0.938298881,0.75,0.375287265,0.75,0.626224399,0.75,0.787089586,0.75,0.651581943,8.02,6.683991432,8.02,6.744430542,8.02,7.839705467,8.02,7.605083942,0.69,0.922360539,0.69,0.62704289,0.69,0.758503199,0.69,0.894008398,0.95,0.87688148,0.95,0.855838358,0.95,0.87203455,0.95,0.750483274,0.87,0.979614377,0.87,0.938851237,0.87,0.924117327,0.87,0.911195457,8,7.567254066,8,6.627754688,8,7.755688667,8,7.652525425,0.7,0.676017523,0.7,0.509405255,0.7,0.733983696,0.7,0.885706663,1.04,0.604285955,1.04,0.885985732,1.04,0.879814565,1.04,1.422352076,0.75,0.662642479,0.75,0.53764379,0.75,0.521157622,0.75,0.684484243,6.15,6.19813633,6.15,5.997246265,6.15,6.330461502,6.15,6.952488422,0.6,0.731171131,0.6,0.560318589,0.6,0.797573686,0.6,0.584474146,8.4,7.833157539,8.4,8.351601601,8.4,8.360143661,8.4,8.928467751,0.67,0.617150187,0.67,0.63462913,0.67,0.667283535,0.67,0.710741937,0.95,0.935737908,0.95,0.99518764,0.95,0.929921985,0.95,1.024251699,1.88,1.833153605,1.88,2.056598425,1.88,1.968816042,1.88,1.802230835,5.98,5.332632542,5.98,5.512127876,5.98,5.671901703,5.98,6.041702271,0.84,0.902653813,0.84,0.740072608,0.84,0.782601357,0.84,0.748012841,0.95,0.967841744,0.95,0.868073344,0.95,0.93930614,0.95,1.017396212,0.68,0.709195971,0.68,0.293748826,0.68,0.784017861,0.68,0.835356474,7.89,7.36106348,7.89,8.236357689,7.89,8.598828316,7.89,8.056472778,4.43,4.409290791,4.43,4.448553562,4.43,4.462770462,4.43,4.702232361,0.95,0.936594725,0.95,0.78956306,0.95,0.938224316,0.95,1.012493372,1.05,0.988037705,1.05,0.838655829,1.05,1.027183294,1.05,0.960740507,7.1,6.547848701,7.1,6.121158123,7.1,6.634226799,7.1,7.208482742,2.79,2.53343606,2.79,2.811621428,2.79,2.60084939,2.79,2.466592789,0.95,1.348289371,0.95,1.302836299,0.95,1.049962997,0.95,0.95097661,1.49,1.535340548,1.49,1.739083648,1.49,1.717362881,1.49,1.577365637,0.9,0.872664928,0.9,1.145305037,0.9,1.09105289,0.9,0.955497682,0.77,0.755021691,0.77,0.615689158,0.77,0.587092638,0.77,0.844531119,0.95,0.923265219,0.95,0.792143703,0.95,0.941086531,0.95,1.011922479,0.64,0.629357457,0.64,0.73817575,0.64,0.694417238,0.64,0.375329852,5.9,5.144517899,5.9,5.639837265,5.9,4.59083271,5.9,5.099068642,1.05,1.131048441,1.05,0.842306495,1.05,1.092580557,1.05,0.944057703,0.95,0.961351871,0.95,1.126173615,0.95,0.946824908,0.95,1.020616531,0.94,0.894909739,0.94,0.881794333,0.94,0.85227704,0.94,0.811516583,3.2,3.63986969,3.2,3.71404314,3.2,3.564027786,3.2,3.42058444,0.86,0.94275713,0.86,0.450077146,0.86,0.950188398,0.86,0.616761267,0.6,0.735461116,0.6,0.836133361,0.6,0.901027441,0.6,0.95734781,4.38,4.591041565,4.38,4.35436964,4.38,4.472180367,4.38,4.533121109,6.47,5.989589214,6.47,6.060115814,6.47,6.141147614,6.47,5.900268078,0.77,0.893690228,0.77,0.774452209,0.77,0.675756931,0.77,0.90095824,0.95,0.930609703,0.95,0.911369681,0.95,1.01289773,0.95,0.987960398,5.73,6.428592682,5.73,6.583208084,5.73,6.397997856,5.73,6.258613586,7.89,8.009243011,7.89,7.957303047,7.89,7.55821991,7.89,7.817810059,0.69,0.885165215,0.69,0.825997233,0.69,0.738057375,0.69,0.702672899,4.35,4.247154236,4.35,4.55783987,4.35,4.340992928,4.35,4.261459827,0.68,0.725317955,0.68,0.765592217,0.68,0.924436331,0.68,1.07357645,0.56,0.960074306,0.56,0.926335096,0.56,0.963427305,0.56,1.102712393,4.4,4.468252659,4.4,4.476882935,4.4,4.475692749,4.4,4.501693726,0.95,0.893272638,0.95,0.974617958,0.95,1.047118425,0.95,0.877966404,7.62,6.476259708,7.62,6.486924171,7.62,6.429739952,7.62,6.395084381,0.95,0.941048384,0.95,0.865887165,0.95,1.045589209,0.95,1.090543985,0.69,0.646163464,0.69,0.892589927,0.69,0.691162109,0.69,0.778176844,0.95,0.980136871,0.95,0.982885242,0.95,1.100956678,0.95,1.043282747,4.43,4.394239426,4.43,4.451563835,4.43,4.477164268,4.43,4.476270199,4.35,4.14863348,4.35,4.242593765,4.35,4.380109787,4.35,4.456451893,9.45,9.057051659,9.45,9.382407188,9.45,9.349333763,9.45,9.194972038,0.9,1.155043125,0.9,0.917507768,0.9,1.196441412,0.9,1.110334396,4.02,3.827581644,4.02,3.834486961,4.02,4.011180878,4.02,4.246062279,8.6,8.930408478,8.6,9.176481247,8.6,8.801768303,8.6,9.135163307,4.75,4.949279785,4.75,4.671562195,4.75,4.891582489,4.75,5.492769241,0.95,0.955702543,0.95,0.88580215,0.95,0.967808962,0.95,1.01171279,0.75,0.645154357,0.75,0.482091755,0.75,0.689283848,0.75,0.713297963,5.27,4.135431767,5.27,4.121481895,5.27,4.45033741,5.27,4.329483032,4.75,4.876181602,4.75,4.558996201,4.75,4.791042328,4.75,5.340630531,4.8,5.187105179,4.8,5.144262791,4.8,5.475194931,4.8,5.702405453,4.38,4.523516178,4.38,4.503621578,4.38,4.493048668,4.38,4.559105396,8.39,8.35792923,8.39,8.321282387,8.39,8.32324791,8.39,8.342868805,4.75,4.816310883,4.75,4.496914387,4.75,4.740450859,4.75,5.322350025,8.71,8.384992599,8.71,8.273674011,8.71,8.310743332,8.71,8.334908485,0.69,0.826365948,0.69,0.697769046,0.69,0.621314049,0.69,0.739096344,1.1,1.364660263,1.1,1.302315116,1.1,1.434864521,1.1,1.468033791,4.01,4.185347557,4.01,3.889596701,4.01,4.150431633,4.01,4.622170925,0.7,1.066904306,0.7,0.861187339,0.7,1.072661161,0.7,0.9417153,7.62,7.732278347,7.62,7.601179123,7.62,7.900414467,7.62,8.308250427,7.1,7.005605221,7.1,6.859324455,7.1,7.300331116,7.1,7.096550465,4.88,4.935487747,4.88,4.796684265,4.88,4.931736946,4.88,4.612484455,6.5,6.545104027,6.5,6.418626785,6.5,6.528563499,6.5,6.704639435,3.37,3.382205248,3.37,3.150371075,3.37,3.335728168,3.37,3.359598637,5.9,5.623770714,5.9,5.860462189,5.9,6.139904022,5.9,6.234362125,9.45,9.389802933,9.45,9.681212425,9.45,9.796250343,9.45,9.698212624,9.7,9.071527481,9.7,9.189897537,9.7,9.278233528,9.7,9.469063759,0.73,1.267807841,0.73,1.476430655,0.73,1.186145306,0.73,1.372867823,5.98,6.570141792,5.98,5.880199432,5.98,5.678373337,5.98,6.022573471,0.56,0.831343412,0.56,0.960244417,0.56,0.939037025,0.56,0.762073457,6.06,6.116785526,6.06,5.638541222,6.06,6.063991547,6.06,5.861384392,7.62,7.740645409,7.62,7.480879784,7.62,7.8285923,7.62,8.208420753,1.63,1.97344017,1.63,2.281843662,1.63,1.906570196,1.63,1.840541601,2.72,2.549361467,2.72,2.442346334,2.72,2.15790987,2.72,2.133209705,0.95,0.99208045,0.95,0.998312712,0.95,0.797575474,0.95,0.958176255,4.4,4.527796745,4.4,4.448205471,4.4,4.449397087,4.4,4.534703732,0.95,1.229783773,0.95,1.023410439,0.95,1.062904239,0.95,0.941860914
1.93,2.169101715,1.93,2.945973396,1.93,2.762507915,1.93,2.332529306,1.1,1.443651676,1.1,0.619876504,1.1,2.09296298,1.1,1.368811011,0.73,1.998734474,0.73,1.870048404,0.73,1.821768045,0.73,1.159669876,0.95,0.94515717,0.95,0.621791899,0.95,0.827690661,0.95,0.904114008,4.43,4.146762848,4.43,4.293117523,4.43,4.490335464,4.43,4.356050968,0.9,1.284484386,0.9,1.235266805,0.9,1.137779832,0.9,1.402407885,6.06,5.77927494,6.06,6.610821724,6.06,6.693628311,6.06,6.866005898,2.12,2.439093828,2.12,2.516769409,2.12,1.855110645,2.12,2.297478676,4.36,4.405668259,4.36,4.369927406,4.36,4.478299141,4.36,4.361983776,1.63,1.626581311,1.63,1.716704369,1.63,1.529764771,1.63,1.979484558,3.95,3.577005386,3.95,3.434371233,3.95,3.144389153,3.95,3.492178917,6.8,5.989024162,6.8,6.718495846,6.8,6.896914482,6.8,6.429764748,4.75,4.55596447,4.75,4.453204155,4.75,4.969280243,4.75,4.574784279,0.95,0.910192609,0.95,0.874846458,0.95,0.806832492,0.95,0.896339178,0.64,0.685438037,0.64,0.238732189,0.64,0.382463932,0.64,0.454123318,0.6,0.632434607,0.6,0.584382057,0.6,0.996611834,0.6,0.648135364,4.01,5.121967316,4.01,4.479948521,4.01,4.799098969,4.01,4.55158186,6.26,6.826711178,6.26,6.839005947,6.26,6.194117546,6.26,6.447015762,0.75,0.697542071,0.75,0.519985557,0.75,0.511632204,0.75,0.68918407,0.95,0.972734571,0.95,0.796801448,0.95,0.938132465,0.95,1.013642669,0.7,0.602729797,0.7,0.721460402,0.7,0.75568074,0.7,0.786591172,3.12,2.792172909,3.12,3.015892506,3.12,3.063863277,3.12,3.058282375,4.4,4.273016453,4.4,4.297881126,4.4,4.456607819,4.4,4.593437672,0.56,0.908615708,0.56,0.665966749,0.56,1.010063887,0.56,0.857593596,0.86,0.913607001,0.86,0.477040142,0.86,1.003252745,0.86,0.692955196,0.95,1.312300086,0.95,0.662188113,0.95,0.897652566,0.95,0.849869013,4.1,4.413980961,4.1,4.375448704,4.1,4.724112511,4.1,4.555440903,0.95,0.933384299,0.95,1.073228717,0.95,0.932455659,0.95,1.021940708,7.62,6.942470074,7.62,6.62458992,7.62,7.05959034,7.62,7.069285393,5.1,5.121422768,5.1,4.745885372,5.1,5.415984154,5.1,5.482563972,1.88,1.832479358,1.88,2.039056063,1.88,1.858881235,1.88,1.65874052,0.95,0.967213154,0.95,0.936362147,0.95,0.932648599,0.95,0.923008204,1.42,1.582727313,1.42,1.454251289,1.42,1.427385211,1.42,1.592888117,7.39,7.587386131,7.39,7.527787685,7.39,7.593310356,7.39,7.770103931,1.42,1.519608498,1.42,1.451966405,1.42,1.406898022,1.42,1.620016813,1.63,1.586578369,1.63,1.751055956,1.63,1.879152298,1.63,1.748572826,4.85,4.620690346,4.85,5.025232315,4.85,4.479664803,4.85,4.503454208,3.62,3.123021841,3.62,2.896331549,3.62,2.85746479,3.62,2.831084728,0.87,0.928707957,0.87,0.949283957,0.87,0.908766031,0.87,0.803371727,6.5,6.149404049,6.5,6.558260918,6.5,6.650738716,6.5,6.930934906,1.42,1.496027589,1.42,1.481698871,1.42,1.369496584,1.42,1.52714777,8,7.792078972,8,7.568928719,8,7.879904747,8,7.574525356,4.4,4.504078865,4.4,4.378033638,4.4,4.465295792,4.4,4.493161678,3.2,4.345108509,3.2,4.146731853,3.2,4.411493301,3.2,4.469151497,4.88,5.128691673,4.88,5.191299915,4.88,5.038946152,4.88,4.819652557,6.6,7.343955994,6.6,7.11211729,6.6,7.162258148,6.6,7.18955946,3.04,2.934065819,3.04,2.359427691,3.04,3.023094416,3.04,2.854583025,0.95,0.915953159,0.95,0.913000941,0.95,0.944523454,0.95,1.015328884,0.69,0.526807785,0.69,0.574612498,0.69,0.682141185,0.69,0.621974826,1.04,0.854297519,1.04,0.957325578,1.04,1.195104122,1.04,0.87305522,1.88,1.821368694,1.88,1.750051737,1.88,1.937580466,1.88,1.731508732,0.95,0.912733912,0.95,0.842917323,0.95,1.153538465,0.95,1.032798409,0.84,0.970278263,0.84,0.646111131,0.84,0.969381928,0.84,0.79862994,6.06,6.106955528,6.06,6.25780201,6.06,6.37343502,6.06,6.195277214,6.47,6.284368515,6.47,6.213964939,6.47,6.557591438,6.47,6.122245312,0.95,0.986882687,0.95,0.946282625,0.95,1.066378951,0.95,1.091962695,6.06,6.545893669,6.06,6.439546585,6.06,6.788235664,6.06,6.361163139,0.95,0.848948479,0.95,0.846299529,0.95,1.073869944,0.95,0.935245812,0.81,0.911324024,0.81,0.86365211,0.81,0.919301987,0.81,0.859361947,5.27,4.083590508,5.27,4.16144371,5.27,4.335351944,5.27,4.404892921,0.87,1.038331747,0.87,0.968363643,0.87,0.874970436,0.87,0.858242393,5.1,5.258551598,5.1,5.22228241,5.1,5.598198891,5.1,5.354772568,0.7,0.858407021,0.7,0.621123195,0.7,0.924541354,0.7,1.303130627,0.95,0.942166567,0.95,0.940895677,0.95,0.959636688,0.95,1.015525937,0.84,0.909730077,0.84,1.082448363,0.84,1.05611062,0.84,0.848726749,0.95,0.925883651,0.95,0.863820493,0.95,0.975444794,0.95,1.003191471,0.59,0.547429562,0.59,0.687663436,0.59,0.831595004,0.59,0.568629563,9.7,9.304659843,9.7,9.675297737,9.7,9.050484657,9.7,9.300450325,0.69,0.651979208,0.69,0.883669734,0.69,0.648342133,0.69,0.723504961,0.76,0.789767027,0.76,0.551234126,0.76,0.61233747,0.76,0.910039961,2.79,2.903232336,2.79,2.733113527,2.79,3.097375631,2.79,2.767433405,0.95,0.993417859,0.95,0.940472484,0.95,0.932941675,0.95,0.941000581,4.88,5.036804199,4.88,4.732400894,4.88,5.125890732,4.88,4.713755608,8.39,8.33086586,8.39,8.368886948,8.39,8.335753441,8.39,8.350827217,0.94,0.833599687,0.94,0.993783832,0.94,0.853803873,0.94,0.83896488,2.8,3.453537226,2.8,3.182364464,2.8,3.5811584,2.8,3.375611305,2.72,2.196803331,2.72,2.279189825,2.72,2.407621145,2.72,2.297703743,9.7,9.181665421,9.7,9.398983002,9.7,9.080881119,9.7,9.325669289,4.38,4.520467281,4.38,4.483639717,4.38,4.495845795,4.38,4.560917854,2.62,2.148554802,2.62,2.575769424,2.62,2.734291792,2.62,2.916767359,5.73,6.150997162,5.73,6.038368702,5.73,6.264951706,5.73,6.235892296,1.04,1.183034778,1.04,0.849987626,1.04,1.13643527,1.04,1.407588005,1.49,1.745153189,1.49,1.721528172,1.49,1.864919662,1.49,1.62293911,5.9,5.666975975,5.9,5.836078644,5.9,6.008426666,5.9,6.181214809,0.67,0.693647146,0.67,0.626872897,0.67,0.759873629,0.67,0.709446609,0.95,1.17562592,0.95,0.898343086,0.95,0.980135918,0.95,1.037543774,4.52,4.399093628,4.52,4.370541573,4.52,4.477344513,4.52,4.505130291,6.6,6.942993641,6.6,7.001501083,6.6,7.233717918,6.6,7.07910347,4.75,4.636702061,4.75,4.310680866,4.75,4.588670731,4.75,5.302096367,8.6,8.49406147,8.6,8.512494087,8.6,8.730949402,8.6,8.67822361,3.04,2.941072464,3.04,2.689353466,3.04,2.990051031,3.04,3.284359932,4.7,5.341010094,4.7,4.846808434,4.7,5.432951927,4.7,5.167572021,2.79,2.965890408,2.79,2.836329699,2.79,2.901532412,2.79,2.947395325,0.95,1.131697416,0.95,0.994764209,0.95,0.980757236,0.95,0.969897628,0.8,1.134119987,0.8,0.951166272,0.8,1.281226158,0.8,1.023078918,0.95,0.924791813,0.95,0.797343373,0.95,0.948605537,0.95,1.026793718,4.51,4.379758835,4.51,4.34849453,4.51,4.446371078,4.51,4.532336235,9.7,9.046307564,9.7,9.143309593,9.7,9.427996635,9.7,9.650365829,7.62,7.788079262,7.62,7.382094383,7.62,7.823156357,7.62,8.198653221,5.27,4.320514679,5.27,4.275369644,5.27,4.668590546,5.27,4.503706932
0.68,0.789966106,0.68,0.110518552,0.68,1.035477281,0.68,0.556409299,0.95,0.908151925,0.95,1.079745173,0.95,1.182364225,0.95,1.072333336,1.88,1.644247293,1.88,2.183517456,1.88,1.674186468,1.88,2.423895836,2.8,5.277069569,2.8,5.276190758,2.8,5.449643135,2.8,5.535664558,0.6,0.641372561,0.6,0.370510429,0.6,0.626577973,0.6,0.566214561,0.95,0.781184971,0.95,1.292076707,0.95,0.981775939,0.95,0.946581244,4.36,5.130878925,4.36,4.821672916,4.36,4.922410965,4.36,4.614126682,0.95,0.819423795,0.95,1.214104533,0.95,0.833618045,0.95,0.929072022,4.36,5.012798309,4.36,4.978455544,4.36,5.289773941,4.36,4.652108669,0.95,0.950150967,0.95,0.819477677,0.95,0.996291399,0.95,0.944857776,0.73,0.881086349,0.73,0.759428859,0.73,0.869582176,0.73,0.641694069,6.06,6.055821419,6.06,5.584168434,6.06,6.430130005,6.06,7.090582848,4.39,5.043568134,4.39,4.373803139,4.39,4.514698982,4.39,4.624889374,2.8,4.247394085,2.8,3.904442072,2.8,4.477728844,2.8,4.311855793,2.72,2.684098959,2.72,2.414275169,2.72,2.128925323,2.72,2.615813255,7.89,7.205836296,7.89,7.08900547,7.89,8.162571907,7.89,7.97770977,6.15,6.492507458,6.15,6.426791191,6.15,7.346666336,6.15,6.358716965,0.95,0.98302567,0.95,0.974306941,0.95,0.926439762,0.95,0.923526466,0.81,0.96637857,0.81,0.867900252,0.81,0.881020069,0.81,0.970555246,0.95,1.176270247,0.95,0.940656066,0.95,0.992324829,0.95,0.96432972,7.62,7.936582565,7.62,6.772799492,7.62,7.937909126,7.62,8.724089622,8.6,8.588681221,8.6,7.959821701,8.6,8.660390854,8.6,8.581738472,0.73,0.891887426,0.73,0.755269885,0.73,0.79826498,0.73,0.716283858,0.88,0.95160985,0.88,0.80480057,0.88,1.110582113,0.88,1.120900631,3.6,3.124355078,3.6,3.269665003,3.6,3.276979446,3.6,3.443368912,8.6,8.457433701,8.6,8.050459862,8.6,9.055719376,8.6,8.970622063,4.01,4.537024021,4.01,4.259332657,4.01,4.835582733,4.01,4.590952396,0.95,0.85748148,0.95,0.805487037,0.95,1.023269892,0.95,0.912269115,0.6,0.486554831,0.6,0.566081882,0.6,0.742864609,0.6,0.599313915,6.5,5.911973953,6.5,6.742023468,6.5,6.884108543,6.5,6.686717033,4.43,4.422436237,4.43,4.47868824,4.43,4.462807655,4.43,4.667142868,0.95,0.850164473,0.95,1.141760468,0.95,1.075394154,0.95,0.994021952,1.63,1.655030608,1.63,1.857706547,1.63,1.761530161,1.63,1.589207411,5.1,5.168776512,5.1,4.713667393,5.1,5.407953262,5.1,5.453560352,4.88,5.055496216,4.88,5.401875496,4.88,4.931083679,4.88,5.243252277,5.9,5.119754314,5.9,5.794819832,5.9,4.527569771,5.9,5.197426796,7.62,7.986675262,7.62,7.821870327,7.62,7.913751602,7.62,8.200431824,0.95,1.223984241,0.95,0.845225811,0.95,0.965698898,0.95,0.901316583,6.48,6.168061733,6.48,6.46412468,6.48,6.131848335,6.48,6.254053116,7.89,7.522927284,7.89,7.547971249,7.89,7.953421593,7.89,8.540393829,3.95,3.986165762,3.95,4.238818645,3.95,4.100546837,3.95,3.842588902,0.95,0.965535045,0.95,0.95922935,0.95,0.939053416,0.95,0.92231667,2.16,2.108883142,2.16,2.162519455,2.16,2.240926027,2.16,2.028627634,8,7.777514458,8,7.559999466,8,7.767866135,8,7.56253624,0.84,0.988236427,0.84,0.78791225,0.84,0.959159136,0.84,0.791110098,0.95,1.040161848,0.95,0.888594091,0.95,1.037491322,0.95,0.994608402,4.1,4.166310787,4.1,3.672363043,4.1,4.277927399,4.1,4.262237072,0.82,0.704676867,0.82,0.491473883,0.82,0.771888435,0.82,0.742230654,3.37,3.329108477,3.37,3.262246847,3.37,3.356201172,3.37,3.178912878,5.9,5.242539883,5.9,5.536070824,5.9,4.875243187,5.9,5.093626976,6.64,6.521456718,6.64,6.297105312,6.64,6.59179306,6.64,6.402484894,8.6,9.063719749,8.6,8.79854393,8.6,9.263277054,8.6,8.922643661,0.73,0.910788059,0.73,0.784629226,0.73,0.968567133,0.73,0.877563953,6.1,6.104480743,6.1,6.495093822,6.1,6.278647423,6.1,5.921587944,0.56,0.917955041,0.56,0.884084821,0.56,0.635395169,0.56,0.809460223,0.97,1.063944578,0.97,1.071431875,0.97,1.282989502,0.97,1.192012072,6.64,6.565633774,6.64,6.28027153,6.64,6.487914085,6.64,6.565720081,0.95,0.926232576,0.95,0.931574225,0.95,0.950853825,0.95,1.017573833,0.7,0.827760696,0.7,0.781254172,0.7,0.939309537,0.7,1.193577528,4.8,5.183932304,4.8,5.341796398,4.8,5.396304131,4.8,5.835061073,0.87,1.038331747,0.87,0.968363643,0.87,0.874970436,0.87,0.858242393,7.1,5.272805691,7.1,5.409026623,7.1,5.492829323,7.1,5.875674248,4.5,4.510159492,4.5,4.530639648,4.5,4.483369827,4.5,4.54037571,5.9,5.388260841,5.9,5.67834425,5.9,5.322071075,5.9,5.436385155,6.47,6.566066742,6.47,6.69899559,6.47,6.689923286,6.47,6.712579727,0.95,1.010280252,0.95,1.026389956,0.95,1.081634521,0.95,1.044845104,0.86,0.916983128,0.86,0.360521644,0.86,0.974357128,0.86,0.647172868,0.95,0.942690611,0.95,0.875760913,0.95,0.980663776,0.95,1.00851357,9.45,9.071604729,9.45,9.494353294,9.45,9.482283592,9.45,9.395602226,7.1,5.250057697,7.1,5.269639969,7.1,5.514227867,7.1,5.824103355,0.93,1.044587851,0.93,1.323943496,0.93,1.160656571,0.93,1.106661081,4.68,4.895967484,4.68,4.739253998,4.68,5.172834396,4.68,5.038609982,4.32,4.515940666,4.32,4.50783968,4.32,4.491195679,4.32,4.553508282,0.95,0.862318993,0.95,0.818388104,0.95,0.995953679,0.95,0.932569742,0.7,0.91906333,0.7,0.515423179,0.7,0.891571403,0.7,1.112257242,5.1,5.321774483,5.1,5.168434143,5.1,5.697875977,5.1,5.404266357,4.02,4.172019005,4.02,3.775140047,4.02,3.945392847,4.02,4.153030872,8.4,8.442371368,8.4,8.600914001,8.4,8.42780304,8.4,8.588603973,4.4,4.505300522,4.4,4.47401762,4.4,4.495088577,4.4,4.553100586,0.6,1.08227253,0.6,0.887590528,0.6,0.834309459,0.6,0.775813103,1.63,1.872546673,1.63,1.840647936,1.63,2.011009693,1.63,1.759788513,6.8,6.832064629,6.8,6.805166245,6.8,7.110478401,6.8,7.06500721,0.56,0.633443832,0.56,0.87578845,0.56,0.86738646,0.56,0.721472681,1.1,1.382698178,1.1,1.306897044,1.1,1.456315041,1.1,1.488927603,3.04,2.888102293,3.04,2.646164417,3.04,2.931084871,3.04,3.119845152,7.39,7.41675663,7.39,7.358067513,7.39,7.717188835,7.39,7.611473083,0.84,0.924689054,0.84,0.860829234,0.84,1.053377628,0.84,0.784805179,7.1,5.379400253,7.1,5.215841293,7.1,5.852595329,7.1,5.7929039,2.16,2.09022069,2.16,2.144411802,2.16,2.014190674,2.16,2.094749689,4.8,5.296345711,4.8,5.118227005,4.8,5.791213989,4.8,5.660393238,0.77,0.884622097,0.77,1.085316658,0.77,0.76940006,0.77,0.955986679,8.6,8.538071632,8.6,8.503153801,8.6,8.780767441,8.6,8.71193409,2.16,2.200357199,2.16,2.151273727,2.16,1.949320436,2.16,2.082289219,0.7,1.186068773,0.7,1.164319396,0.7,1.319906354,0.7,1.303955555,4.36,5.630883217,4.36,5.528595448,4.36,5.525305748,4.36,5.391289234,3.18,2.93495059,3.18,3.119000673,3.18,3.01125288,3.18,2.980980396,6.64,6.458277702,6.64,6.104958534,6.64,6.448202133,6.64,6.845926762,8.02,8.11626339,8.02,8.114209175,8.02,8.511691093,8.02,8.373801231,4.43,4.385280609,4.43,4.351011753,4.43,4.440789223,4.43,4.46187067,0.95,1.269231915,0.95,0.697316051,0.95,0.856016636,0.95,0.916273594
6.64,5.764267921,6.64,4.819490433,6.64,6.157970428,6.64,5.447636127,0.95,0.862511277,0.95,0.592399478,0.95,1.030100465,0.95,1.045440912,2.79,1.428841591,2.79,2.024618387,2.79,1.859333158,2.79,2.29835391,0.95,1.25328815,0.95,1.207061291,0.95,1.355678916,0.95,0.829206645,4.32,4.62755394,4.32,4.33386898,4.32,4.542555809,4.32,4.521016121,2.62,2.966995001,2.62,4.021831989,2.62,2.75367403,2.62,2.628273487,0.6,0.488341182,0.6,-0.037917517,0.6,0.50699836,0.6,0.558639944,2.71,3.325951338,2.71,4.268079758,2.71,3.385210276,2.71,4.197385311,4.51,4.518314838,4.51,4.366297722,4.51,4.489650726,4.51,4.471075535,0.95,0.946460724,0.95,0.945947528,0.95,1.016759992,0.95,0.917555869,1.88,2.289710283,1.88,2.060679674,1.88,2.012639523,1.88,1.993360996,0.95,0.909778357,0.95,0.951834202,0.95,0.95723033,0.95,0.877224684,1.88,2.225902081,1.88,1.959433913,1.88,1.959433913,1.88,2.078749657,0.95,0.539174438,0.95,1.220110655,0.95,0.928880513,0.95,0.900140464,4.36,4.353589058,4.36,4.281989098,4.36,4.46478653,4.36,4.417705536,8.02,7.360864639,8.02,7.292700768,8.02,8.696281433,8.02,8.301645279,4.88,5.9789505,4.88,5.47003603,4.88,5.270064354,4.88,5.098797798,3.37,3.211916685,3.37,3.826030016,3.37,4.018400192,3.37,3.095719814,0.77,0.640231073,0.77,0.885519862,0.77,1.016210318,0.77,0.850999653,0.95,0.998770118,0.95,0.947394252,0.95,1.009518862,0.95,0.932358801,0.86,0.7902807,0.86,0.53278172,0.86,0.980282307,0.86,0.752263844,0.95,0.94010067,0.95,0.893242717,0.95,0.967533588,0.95,0.894844353,9.45,7.520955086,9.45,7.165127277,9.45,7.939423561,9.45,8.111262321,2.12,2.309071064,2.12,2.568894863,2.12,2.658085585,2.12,2.203234434,0.7,0.616759062,0.7,0.552368522,0.7,0.958525538,0.7,0.896656573,0.95,0.979993105,0.95,0.88780272,0.95,0.974805355,0.95,0.913774073,4.42,4.48088026,4.42,4.471155167,4.42,4.468031883,4.42,4.698720455,9.7,8.246967316,9.7,9.525007248,9.7,9.00163269,9.7,9.392579079,0.87,0.943764687,0.87,0.883032203,0.87,0.914950371,0.87,0.92098552,4.7,5.328032494,4.7,5.248791218,4.7,5.43680191,4.7,5.171955109,6.64,6.387224197,6.64,5.867394924,6.64,6.295406342,6.64,6.565978527,0.95,0.811847866,0.95,1.134986281,0.95,1.058295012,0.95,0.988906324,4.36,4.989040852,4.36,5.344110012,4.36,4.978695869,4.36,5.068191528,0.9,0.822113872,0.9,1.197225451,0.9,1.068856835,0.9,1.023748159,4.88,5.055496216,4.88,5.401875496,4.88,4.931083679,4.88,5.243252277,0.95,1.26381743,0.95,0.83075428,0.95,0.959928632,0.95,0.870570183,2.79,2.551006079,2.79,2.699815273,2.79,2.630337238,2.79,2.597187042,2.8,3.309974194,2.8,3.312825918,2.8,3.457122087,2.8,3.496387959,0.59,0.483502835,0.59,0.546308875,0.59,0.712290585,0.59,0.872579396,6.8,7.209181309,6.8,6.824372292,6.8,7.135624886,6.8,7.038366318,0.93,1.002415419,0.93,1.283854604,0.93,1.000061274,0.93,1.032913685,2.8,3.23652935,2.8,3.136241674,2.8,3.466623783,2.8,3.50949192,0.69,0.529246092,0.69,0.603609681,0.69,0.659013033,0.69,0.748175979,0.95,0.931021571,0.95,1.042268157,0.95,0.940894842,0.95,0.997049153,1.49,1.645736694,1.49,1.634274721,1.49,1.822541118,1.49,1.641678333,4.8,5.318301201,4.8,5.564969063,4.8,5.450032234,4.8,5.978815079,0.68,0.779425859,0.68,0.584991813,0.68,0.940361202,0.68,0.88003248,3.18,2.97354269,3.18,2.890662432,3.18,3.22629714,3.18,3.186218262,0.64,0.552911758,0.64,0.383730263,0.64,0.635644436,0.64,0.438778341,3.12,2.474554777,3.12,2.427866936,3.12,2.791773081,3.12,2.645255566,0.94,0.90925622,0.94,0.884342074,0.94,0.918587923,0.94,0.832723379,2.8,3.229502916,2.8,2.917163134,2.8,3.468506575,2.8,3.366565228,6.64,6.547225952,6.64,6.303040981,6.64,6.574720383,6.64,6.465375423,4.68,4.758256912,4.68,4.698386192,4.68,4.930836678,4.68,5.491893768,0.93,1.034007311,0.93,1.118257165,0.93,1.050369501,0.93,1.062034845,0.88,0.989701986,0.88,1.059606433,0.88,1.159591317,0.88,0.930239975,0.93,1.038019657,0.93,1.153295159,0.93,1.063925743,0.93,1.067418098,1.04,1.122870684,1.04,1.019992113,1.04,1.077791691,1.04,1.165941358,5.73,6.372356892,5.73,6.355717659,5.73,6.320311546,5.73,6.295788765,0.95,0.880794764,0.95,0.923635364,0.95,0.993446827,0.95,0.9698385,2.79,2.824745178,2.79,2.717354298,2.79,2.982552528,2.79,2.748054028,0.82,0.63538909,0.82,0.482098192,0.82,0.810053408,0.82,0.632928252,4.02,3.824197769,4.02,3.819272757,4.02,3.969632387,4.02,4.116971493,1.88,1.950508356,1.88,1.51857841,1.88,1.794466138,1.88,1.574465275,0.7,0.867411375,0.7,0.889395952,0.7,0.74125737,0.7,0.635885894,8.4,8.648423195,8.4,8.995595932,8.4,8.475432396,8.4,8.616621017,9.45,9.02347374,9.45,9.424818993,9.45,9.398204803,9.45,9.278737068,1.63,1.936855555,1.63,1.488266945,1.63,1.741765261,1.63,1.606989145,6.06,6.399298668,6.06,6.343117237,6.06,6.66211319,6.06,6.468278885,0.6,0.966907978,0.6,0.855281949,0.6,0.828372717,0.6,0.787572503,7.62,7.836959362,7.62,7.542097569,7.62,7.831376076,7.62,8.533978462,0.95,0.995876789,0.95,0.942531943,0.95,1.023182392,0.95,0.957231998,6.47,6.365328789,6.47,6.603675365,6.47,6.766393661,6.47,6.979070187,0.95,0.646652222,0.95,0.854659557,0.95,0.990846455,0.95,0.890502095,0.86,0.892457008,0.86,0.440125793,0.86,0.990585923,0.86,0.664814293,7.89,7.888857841,7.89,7.72075367,7.89,7.811540604,7.89,7.771038055,0.68,0.855658293,0.68,0.715575576,0.68,0.99943608,0.68,1.089942455,4.8,5.21011734,4.8,5.129504204,4.8,5.537435532,4.8,5.684882164,4.5,4.488615036,4.5,4.463432789,4.5,4.494256973,4.5,4.544500828,0.95,1.051221371,0.95,0.89490068,0.95,0.964455128,0.95,0.942693651,6.48,6.164211273,6.48,5.999876022,6.48,6.188374519,6.48,6.638160706,3.12,2.961954832,3.12,2.436573744,3.12,2.786968231,3.12,2.74119091,0.86,0.820116043,0.86,0.480622143,0.86,0.94875896,0.86,0.681676805,3.64,3.474243402,3.64,2.724770308,3.64,3.273308039,3.64,3.617163181,0.87,0.854161263,0.87,1.104842067,0.87,0.847534418,0.87,0.770458639,1.49,1.985574603,1.49,1.810143828,1.49,1.589341402,1.49,1.566472292,4.5,4.503131866,4.5,4.438864708,4.5,4.483395576,4.5,4.56063652,4.68,5.123642921,4.68,4.645450592,4.68,5.512963295,4.68,5.230613708,0.93,1.108056068,0.93,1.52808845,0.93,1.133896112,0.93,1.203553438,0.95,1.016780853,0.95,1.057910323,0.95,0.902388573,0.95,0.977961659,4.1,4.078653336,4.1,3.757565498,4.1,3.989560366,4.1,4.364061832,6.8,6.863803864,6.8,6.695890903,6.8,7.259143829,6.8,7.253091812,0.7,0.912982225,0.7,0.791783452,0.7,1.012687206,0.7,1.322974682,3.62,3.034960747,3.62,2.803872347,3.62,3.047404766,3.62,3.430948019,1.63,2.05507803,1.63,1.916081786,1.63,2.046989202,1.63,1.953665018,1.04,1.118545651,1.04,1.548153996,1.04,1.049813986,1.04,1.159088373,4.52,4.372704029,4.52,4.343680859,4.52,4.445944786,4.52,4.52842617,0.95,0.634057403,0.95,0.905605197,0.95,1.138045788,0.95,1.172231913,4.36,5.598679543,4.36,5.478075981,4.36,5.528248787,4.36,5.383823395,2.62,2.536887407,2.62,3.357972622,2.62,2.884160519,2.62,3.129434586
0.6,0.789966106,0.6,0.110518552,0.6,1.035477281,0.6,0.556409299,0.95,1.268599391,0.95,1.19990468,0.95,1.526673436,0.95,0.900707364,0.73,0.921596169,0.73,0.851328254,0.73,1.010916233,0.73,0.774559021,0.56,0.639725566,0.56,0.608457685,0.56,0.25014919,0.56,0.539451957,4.88,5.262809277,4.88,5.65945673,4.88,5.79233551,4.88,6.174789429,1.63,1.726450324,1.63,1.676496267,1.63,1.509912729,1.63,1.48774457,2.16,2.459015846,2.16,2.553515196,2.16,2.202187061,2.16,2.417938232,8.71,7.008580208,8.71,5.953673363,8.71,5.691892624,8.71,6.163861752,4.85,4.39876318,4.85,4.494325638,4.85,4.868944168,4.85,4.361826897,2.8,4.366820812,2.8,5.089301586,2.8,4.593800545,2.8,4.376373291,4.42,4.646306038,4.42,4.375010967,4.42,4.486660957,4.42,4.49511385,0.95,0.967926502,0.95,0.823944628,0.95,0.829984188,0.95,0.896757722,4.4,4.231499195,4.4,4.220806122,4.4,4.457939148,4.4,4.170931816,3.12,2.515583992,3.12,2.687678337,3.12,2.644587278,3.12,2.529042244,0.7,0.782825947,0.7,0.585953116,0.7,0.812221289,0.7,0.45443669,0.95,1.059373617,0.95,0.905101657,0.95,0.949125707,0.95,1.019784451,0.69,0.884005785,0.69,0.597342849,0.69,0.854083776,0.69,0.942743599,1.63,1.696353912,1.63,1.844435215,1.63,1.730102897,1.63,1.606590509,4.52,4.379878998,4.52,4.3204813,4.52,4.464859009,4.52,4.54848814,0.95,1.065413356,0.95,1.091446757,0.95,0.942857981,0.95,0.924518585,0.56,0.824704289,0.56,0.706235409,0.56,0.819682479,0.56,0.63064903,7.89,7.511156082,7.89,7.516214371,7.89,7.174145699,7.89,7.538406849,3.64,3.779234648,3.64,3.629726887,3.64,3.558187008,3.64,3.609647274,0.95,1.127936125,0.95,1.018955112,0.95,1.04218924,0.95,0.934150279,0.93,0.929261208,0.93,1.196081042,0.93,0.985801935,0.93,1.032668352,5.9,4.947402477,5.9,5.170697212,5.9,4.524288177,5.9,4.874060154,4.02,3.984516382,4.02,3.826668024,4.02,4.497327805,4.02,4.060860157,0.95,0.961480319,0.95,0.86709106,0.95,0.939478755,0.95,1.017185688,4.36,4.835249424,4.36,5.169797421,4.36,5.09747982,4.36,5.003628731,0.95,1.086388826,0.95,0.738778234,0.95,0.99006319,0.95,0.923386097,4.31,4.591905594,4.31,4.568832874,4.31,4.473402977,4.31,4.699607372,8.6,8.540819168,8.6,8.276206017,8.6,9.668084145,8.6,9.282653809,3.04,2.821053267,3.04,2.822377205,3.04,3.036123991,3.04,2.983825445,0.95,1.101242781,0.95,0.681189418,0.95,0.944961548,0.95,0.923422098,0.68,0.880363941,0.68,0.362001508,0.68,0.686420083,0.68,0.841479182,4.35,4.474785328,4.35,4.567581177,4.35,4.582654953,4.35,4.120135784,4.51,4.477736473,4.51,4.431529045,4.51,4.462916374,4.51,4.561879635,8.4,8.404256821,8.4,8.496777534,8.4,8.99494648,8.4,8.60021019,3.75,4.048784256,3.75,3.971704721,3.75,4.0104599,3.75,4.258518696,0.97,0.909149885,0.97,1.207057238,0.97,1.369227886,0.97,1.120732307,6.06,6.753203392,6.06,6.804947853,6.06,7.19290638,6.06,6.97191143,4.8,5.415640354,4.8,5.394407749,4.8,5.481092453,4.8,5.942375183,0.84,0.995560646,0.84,0.795285106,0.84,0.959281385,0.84,0.790398419,0.95,1.158799171,0.95,0.7329458,0.95,0.939115286,0.95,0.921142399,2.79,2.671922207,2.79,2.582680941,2.79,2.707361937,2.79,2.609596729,4.68,4.874669075,4.68,4.903906345,4.68,4.877757072,4.68,5.299424648,2.72,2.171962976,2.72,2.236878395,2.72,2.353917122,2.72,2.122147799,3.64,3.573064089,3.64,3.303468943,3.64,3.647344351,3.64,3.700899601,3.6,3.565818071,3.6,3.054438591,3.6,3.537294149,3.6,3.654576778,4.2,4.366352558,4.2,4.588599205,4.2,4.391079903,4.2,4.59473896,1.49,1.72471869,1.49,1.660728574,1.49,1.817663789,1.49,1.640347958,0.95,0.962565541,0.95,0.939295173,0.95,0.998181283,0.95,0.893565059,0.85,0.796071529,0.85,0.782993436,0.85,0.978090703,0.85,1.034891605,0.95,0.906182051,0.95,0.916057467,0.95,0.989084721,0.95,0.980583847,1.49,1.793483853,1.49,1.693251252,1.49,1.810589194,1.49,1.654654026,3.64,3.493873596,3.64,3.311524153,3.64,3.432094336,3.64,3.401774406,0.77,0.768999696,0.77,0.822683275,0.77,0.775416315,0.77,0.844072998,1.3,2.459133625,1.3,2.034690857,1.3,2.172142029,1.3,2.301739693,0.6,0.691792011,0.6,0.860848546,0.6,0.909669042,0.6,1.227236748,4.2,4.311411858,4.2,4.456674099,4.2,4.379469872,4.2,4.458095551,4.88,5.224025249,4.88,4.86649704,4.88,4.993436813,4.88,4.791654587,5,5.793336868,5,5.883070946,5,6.097338676,5,6.430278778,4.85,5.105055809,4.85,4.659512997,4.85,4.876561165,4.85,4.686999321,1.04,1.063409686,1.04,0.900446296,1.04,1.201261759,1.04,1.07076025,1.63,2.000005007,1.63,1.771801353,1.63,1.97300005,1.63,1.765475273,0.95,0.908893228,0.95,0.896263242,0.95,0.955066919,0.95,1.014557123,7.62,6.299997807,7.62,6.407800198,7.62,6.446651459,7.62,6.56465435,0.82,1.067010641,0.82,0.400702804,0.82,0.888617754,0.82,0.959234059,6.15,5.87018919,6.15,5.848823547,6.15,6.111628532,6.15,6.114847183,0.95,0.938658357,0.95,0.877570391,0.95,0.962944508,0.95,1.015242696,0.56,0.822504997,0.56,0.860204697,0.56,0.797724664,0.56,0.685264528,0.95,1.13157773,0.95,0.657524467,0.95,0.92923069,0.95,0.956512272,0.7,0.949306011,0.7,0.504836679,0.7,0.898954272,0.7,1.140219688,0.95,1.141845942,0.95,0.696093798,0.95,0.996516347,0.95,0.886536837,0.7,0.91906333,0.7,0.515423179,0.7,0.891571403,0.7,1.112257242,3.18,2.936269999,3.18,2.680959463,3.18,2.927042246,3.18,2.832842112,0.69,0.510639906,0.69,0.187926143,0.69,0.697660327,0.69,0.763537049,1.04,1.23815918,1.04,0.858683467,1.04,1.143896341,1.04,1.320503473,0.59,0.678146601,0.59,0.857883811,0.59,0.617262781,0.59,0.602292478,2.8,3.51093626,2.8,3.256309509,2.8,3.57702136,2.8,3.403761864,0.8,0.858922958,0.8,0.703982711,0.8,0.998790681,0.8,0.998169124,3.75,3.878881693,3.75,3.332746267,3.75,3.7614007,3.75,3.82801342,4.36,5.515058994,4.36,5.370745659,4.36,5.648715019,4.36,5.296962738,0.95,1.224994183,0.95,0.658201754,0.95,0.943206072,0.95,0.904162407,9.45,9.325208664,9.45,9.676140785,9.45,9.769857407,9.45,9.702094078,3.2,4.088559628,3.2,3.722403288,3.2,4.682574272,3.2,4.358263016,0.6,1.054986954,0.6,0.893578172,0.6,1.202601552,0.6,1.097831249,7.94,5.487489223,7.94,5.610678673,7.94,6.235940933,7.94,6.011851311,0.6,1.093795538,0.6,0.928171039,0.6,1.242236972,0.6,1.099535108,0.95,0.690510154,0.95,0.83715713,0.95,1.153367758,0.95,1.077850342,4.01,4.162581921,4.01,3.855562449,4.01,4.14382267,4.01,4.762029171,8,7.58839941,8,7.531886578,8,7.878756523,8,7.558059692,4.39,4.501355171,4.39,4.433913231,4.39,4.465543747,4.39,4.583682537,0.95,1.418770552,0.95,1.166290879,0.95,1.070023417,0.95,0.982885182,6.64,6.436585426,6.64,6.11075592,6.64,6.446983337,6.64,6.833178997,0.95,1.177037358,0.95,0.97656095,0.95,1.128623486,0.95,1.001601934,6.47,6.578023434,6.47,6.56352663,6.47,6.738181114,6.47,6.885663986,0.97,0.894872427,0.97,1.217154622,0.97,1.616739988,0.97,1.660663128,3.64,3.800276518,3.64,3.54098177,3.64,3.73850131,3.64,4.220642567,8,7.72026825,8,7.528702259,8,8.036075592,8,7.584106922
9.45,5.024578571,9.45,5.505927086,9.45,6.636997223,9.45,6.349779129,0.97,0.91206646,0.97,1.777817726,0.97,0.312996149,0.97,0.768386662,0.6,-0.062488586,0.6,0.568114519,0.6,0.527323723,0.6,0.782751799,5.27,3.618046522,5.27,4.796601295,5.27,4.224703312,5.27,4.262462139,4.31,4.752978325,4.31,4.32951355,4.31,4.556177139,4.31,4.578264236,3.62,4.711539745,3.62,3.660037279,3.62,4.27745533,3.62,4.390098095,0.73,1.464075327,0.73,1.951790452,0.73,1.459679961,0.73,1.576626062,0.95,0.560355425,0.95,0.953528523,0.95,1.364585161,0.95,1.034115791,1.63,2.204849482,1.63,2.039641142,1.63,1.932959199,1.63,1.789310932,0.95,1.112087369,0.95,0.938395381,0.95,0.991381705,0.95,1.035245419,0.68,0.702571869,0.68,0.387458414,0.68,0.637185812,0.68,0.735440433,7.89,6.497767448,7.89,6.47974062,7.89,6.191972733,7.89,6.973937511,4.32,4.715695381,4.32,4.382272243,4.32,4.488210678,4.32,4.528838634,1.3,2.922929525,1.3,2.550021172,1.3,2.76609683,1.3,2.781215668,6.47,6.780575752,6.47,6.316545963,6.47,7.46279335,6.47,6.735530853,0.95,0.612290263,0.95,0.731553793,0.95,1.072070837,0.95,0.822077572,0.8,0.880406141,0.8,0.744241655,0.8,1.048640013,0.8,0.684358478,3.18,4.351178169,3.18,4.674709797,3.18,4.275935173,3.18,3.369825363,1.88,2.003572464,1.88,1.916054606,1.88,1.819234967,1.88,1.860281467,0.76,0.686691284,0.76,0.523474574,0.76,0.721259594,0.76,0.970934331,4.01,4.735939026,4.01,4.391769409,4.01,4.646717072,4.01,4.599817753,0.95,0.947597384,0.95,0.849752307,0.95,0.933132529,0.95,1.016923428,7.62,7.134841919,7.62,6.960634708,7.62,7.38779068,7.62,7.320170879,5.1,4.879935265,5.1,4.840019226,5.1,5.343425751,5.1,5.231180191,6.64,6.192344666,6.64,5.522727966,6.64,6.235138893,6.64,6.37982893,4.8,4.825170517,4.8,5.233401775,4.8,5.555562019,4.8,5.51104641,4.75,4.725989342,4.75,4.359930515,4.75,5.027452469,4.75,4.750777721,3.2,3.887778997,3.2,4.015444756,3.2,3.751736164,3.2,3.427314281,4.38,4.469815254,4.38,4.48622179,4.38,4.466553688,4.38,4.713824749,8.71,7.512000084,8.71,7.46075964,8.71,7.945970535,8.71,8.008236885,4.02,4.061811447,4.02,3.998399019,4.02,4.253635406,4.02,4.033210278,0.95,0.969648838,0.95,0.963448405,0.95,0.933230102,0.95,0.922749758,2.79,2.53343606,2.79,2.811621428,2.79,2.60084939,2.79,2.466592789,0.82,0.741664886,0.82,0.903141081,0.82,0.74770844,0.82,0.804627776,1.42,1.519608498,1.42,1.451966405,1.42,1.406898022,1.42,1.620016813,6.8,6.899501324,6.8,6.787151814,6.8,7.145733833,6.8,7.023855209,4.36,5.227480888,4.36,5.544970512,4.36,4.977701187,4.36,5.309770584,0.95,1.123431683,0.95,0.735362411,0.95,0.961281776,0.95,0.921948671,0.56,0.532037079,0.56,0.681203961,0.56,0.780107319,0.56,0.766518176,0.95,1.173117518,0.95,0.859696865,0.95,0.971469522,0.95,0.932062924,5.73,6.653118134,5.73,7.049666405,5.73,6.235185623,5.73,6.534855843,8.6,8.875085831,8.6,8.614165306,8.6,9.865433693,8.6,8.982471466,0.73,0.962542772,0.73,0.815404773,0.73,0.944543123,0.73,0.940254629,6.6,7.333380699,6.6,7.09471035,6.6,7.248374939,6.6,7.177197456,3.37,3.375048876,3.37,3.323916674,3.37,3.397243261,3.37,3.306710482,0.95,0.915989876,0.95,0.797987819,0.95,0.945032477,0.95,1.011486769,0.75,0.754872918,0.75,0.597134948,0.75,0.965539455,0.75,0.760629356,2.12,1.901477814,2.12,2.108782053,2.12,2.28126812,2.12,2.398748159,4.31,4.64285326,4.31,4.345652103,4.31,4.476000786,4.31,4.559045315,8.4,9.003061295,8.4,8.535708427,8.4,8.766330719,8.4,8.922517776,6.06,6.600840569,6.06,6.619573116,6.06,6.988568306,6.06,6.439155579,0.95,1.07430613,0.95,0.924355626,0.95,1.002370358,0.95,1.047543764,3.37,3.275640965,3.37,3.207560062,3.37,3.342689514,3.37,3.077927351,0.95,1.104366541,0.95,0.671899199,0.95,0.871531725,0.95,0.920519769,4.36,5.448031425,4.36,5.26672411,4.36,5.280138016,4.36,5.026182652,7.1,5.315655708,7.1,5.541408539,7.1,5.501645088,7.1,5.928944588,0.69,0.744590044,0.69,0.854323268,0.69,0.712571859,0.69,0.719168603,0.95,0.935545325,0.95,0.908173919,0.95,1.124554157,0.95,1.035141945,6.15,5.917076588,6.15,5.841304302,6.15,6.160933495,6.15,5.898869514,6.1,5.952248573,6.1,6.359166145,6.1,6.270446777,6.1,5.86097765,0.84,0.978765965,0.84,0.674690127,0.84,0.996104002,0.84,0.817050636,0.82,1.14460969,0.82,0.418919176,0.82,0.931643784,0.82,0.957647145,1.93,1.881244302,1.93,1.679937243,1.93,1.885755897,1.93,2.383571863,5.1,5.247033119,5.1,5.193423271,5.1,5.653886795,5.1,5.355354309,6.47,6.284867287,6.47,6.221479416,6.47,6.544003487,6.47,6.297063828,0.95,0.97717762,0.95,0.92391789,0.95,0.969827175,0.95,0.931000412,4.32,4.506865501,4.32,4.52915144,4.32,4.486318588,4.32,4.543751717,5.1,4.452697277,5.1,4.481426239,5.1,4.779579163,5.1,4.829501152,4.5,4.490171909,4.5,4.509537697,4.5,4.486960411,4.5,4.536841393,7.94,5.371520996,7.94,5.38041687,7.94,5.855568886,7.94,6.049271584,0.68,0.871749163,0.68,0.616850257,0.68,0.904078126,0.68,1.208016634,3.62,3.79502058,3.62,3.362165213,3.62,3.780197859,3.62,4.12668705,4.5,4.491672516,4.5,4.492440701,4.5,4.489985466,4.5,4.540999889,0.95,0.86378181,0.95,0.818864703,0.95,0.997491121,0.95,0.932751417,7.62,6.163553238,7.62,6.31030941,7.62,6.53437233,7.62,6.679362774,0.95,0.655745149,0.95,0.872758269,0.95,1.089149594,0.95,0.903289795,0.69,0.510639906,0.69,0.187926143,0.69,0.697660327,0.69,0.763537049,0.95,0.989922523,0.95,0.910818577,0.95,0.933020592,0.95,0.92585808,1.88,1.824504375,1.88,1.842395782,1.88,2.018666506,1.88,1.771537781,0.95,0.937407255,0.95,0.803272724,0.95,0.955513,0.95,0.932254851,0.6,0.938563108,0.6,0.789806008,0.6,1.083699584,0.6,1.092721224,0.95,0.952150464,0.95,0.821136832,0.95,0.975044012,0.95,1.011223912,0.77,0.698831677,0.77,1.020514607,0.77,0.843480766,0.77,0.926450431,1.49,2.001479387,1.49,1.752555013,1.49,1.599804997,1.49,1.564510822,4.43,4.421852589,4.43,4.394003391,4.43,4.485227585,4.43,4.515168667,0.56,1.055319786,0.56,1.040178895,0.56,0.951201558,0.56,0.93280822,1.93,1.953933716,1.93,1.751827598,1.93,2.051697969,1.93,2.043354034,0.95,0.932118416,0.95,0.809757233,0.95,0.9777143,0.95,1.010414839,6.15,6.222971439,6.15,5.944385529,6.15,5.934197426,6.15,6.042349815,0.9,1.125674844,0.9,0.870380044,0.9,1.154202938,0.9,1.620398998,6.64,6.433378696,6.64,6.172833443,6.64,6.510004044,6.64,6.842946529,0.7,1.169708252,0.7,1.110879302,0.7,1.267051697,0.7,1.245579481,4.75,4.61913538,4.75,4.288988113,4.75,4.634709358,4.75,5.3478055,0.56,1.015496016,0.56,1.360018849,0.56,0.957009912,0.56,1.080148458,3.37,3.392491341,3.37,3.328897238,3.37,3.276601553,3.37,3.439742327,8.39,7.880795479,8.39,8.152292252,8.39,8.207352638,8.39,8.309411049,7.62,6.452383041,7.62,6.440488815,7.62,6.611118317,7.62,6.780485153,8.39,7.821969032,8.39,8.259680748,8.39,8.185893059,8.39,8.24661541,4.36,4.460066319,4.36,4.402014732,4.36,4.445306778,4.36,4.500090599,6.6,7.13500452,6.6,7.006579876,6.6,7.480185509,6.6,6.953899384
0.8,0.753055573,0.8,0.530802608,0.8,1.178299427,0.8,0.624390721,5,6.670683861,5,6.890159607,5,7.507481575,5,7.151417732,0.77,-0.713030934,0.77,0.716879964,0.77,0.732234478,0.77,0.567795217,0.95,0.705368638,0.95,0.500232816,0.95,1.288191557,0.95,0.69397378,0.73,0.91166532,0.73,0.81097877,0.73,0.992520332,0.73,0.736246049,0.95,0.880493879,0.95,1.044730186,0.95,0.952500582,0.95,0.90783751,0.81,0.84268856,0.81,0.961415172,0.81,1.091366768,0.81,0.845217824,8,5.927636147,8,6.018595219,8,7.360782623,8,7.415957928,3.37,3.706555367,3.37,4.004550934,3.37,4.019422531,3.37,3.921666622,0.95,0.917320609,0.95,0.910196185,0.95,0.940127254,0.95,0.930634439,0.81,0.931694746,0.81,0.929150462,0.81,1.00805521,0.81,0.940832973,0.95,1.047389627,0.95,0.57616663,0.95,0.874244332,0.95,0.806533933,4.43,4.497807026,4.43,4.3799963,4.43,4.474588394,4.43,4.453752995,7.44,7.529400826,7.44,7.465488911,7.44,7.577165604,7.44,7.074932098,1.93,2.579700708,1.93,2.350869894,1.93,2.195011616,1.93,2.130057573,0.95,1.03034246,0.95,0.532729864,0.95,0.860120535,0.95,0.853533804,9.45,7.236602783,9.45,6.570684433,9.45,7.903098106,9.45,7.338331223,3.12,2.677744627,3.12,3.081907034,3.12,3.103964567,3.12,2.837911129,0.84,1.079698324,0.84,0.854603767,0.84,1.023392558,0.84,0.952373862,6.8,6.444181442,6.8,6.839991093,6.8,6.614175797,6.8,6.916201591,1.49,1.69754827,1.49,1.770810485,1.49,1.636643052,1.49,1.544637918,2.62,3.161709309,2.62,2.810982704,2.62,3.138780117,2.62,2.906528711,4.01,4.766418457,4.01,4.272888184,4.01,4.7064991,4.01,4.542756557,0.95,0.963707089,0.95,0.894270062,0.95,0.972802401,0.95,0.90575856,0.94,0.940731287,0.94,0.851691127,0.94,0.892987251,0.94,0.983362615,5.98,5.403958321,5.98,5.797270298,5.98,5.945590019,5.98,6.053460121,0.73,1.6512326,0.73,1.4205091,0.73,1.400627017,0.73,1.282266974,0.95,0.94649899,0.95,0.795006633,0.95,0.938612461,0.95,1.012939453,0.7,0.556345463,0.7,0.641873002,0.7,0.77192235,0.7,0.631195605,0.76,0.596812844,0.76,0.257178873,0.76,0.767320752,0.76,0.8564744,0.77,0.783644199,0.77,0.610907435,0.77,0.576374412,0.77,0.818998277,0.95,0.999503851,0.95,0.883101344,0.95,0.936613679,0.95,0.927641451,2.16,2.286659479,2.16,2.297212839,2.16,2.097160816,2.16,2.239509344,0.95,1.13465488,0.95,0.904380441,0.95,1.147079825,0.95,1.013764858,0.86,0.879452705,0.86,0.449720472,0.86,0.967523873,0.86,0.627995908,8.4,8.250059128,8.4,8.520594597,8.4,9.053861618,8.4,8.520454407,0.8,0.874891996,0.8,0.41293481,0.8,0.700303137,0.8,0.854256272,0.95,0.990084171,0.95,0.941887021,0.95,1.00004077,0.95,0.93090266,0.85,0.778283358,0.85,0.528898358,0.85,1.099783301,0.85,0.810986996,2.8,3.273252487,2.8,3.224532843,2.8,3.471615553,2.8,3.502940178,0.59,0.48636052,0.59,0.574417472,0.59,0.75625515,0.59,0.833858907,1.88,1.67124939,1.88,1.696367264,1.88,1.905097246,1.88,1.735232353,4.01,4.389447212,4.01,3.945486784,4.01,4.439017296,4.01,4.692869663,0.95,0.891489625,0.95,0.904228806,0.95,1.024976492,0.95,1.006595969,0.67,0.739770651,0.67,0.856787086,0.67,0.9441607,0.67,0.805826962,8.02,8.119137764,8.02,7.949275017,8.02,8.347250938,8.02,8.781291008,3.64,3.851805925,3.64,3.357311964,3.64,3.946983814,3.64,4.079084873,7.39,7.810398102,7.39,7.821776867,7.39,7.224411964,7.39,7.621285915,5.73,6.468626976,5.73,6.67288208,5.73,6.444776535,5.73,6.274144173,6.8,7.163754463,6.8,7.105316162,6.8,7.115387917,6.8,7.039579391,4.85,4.766147614,4.85,4.700111389,4.85,4.779444695,4.85,4.463860035,5.98,5.7999506,5.98,5.886374474,5.98,6.196944237,5.98,6.474304676,1.05,1.065310359,1.05,0.920869708,1.05,1.09746933,1.05,0.995311558,6.26,6.504090786,6.26,6.585812092,6.26,6.619486809,6.26,6.558264732,6.06,6.549329758,6.06,6.477588654,6.06,6.832135201,6.06,6.366783142,8.4,8.960539818,8.4,8.730939865,8.4,8.633658409,8.4,8.779952049,4.75,5.056467056,4.75,4.67210865,4.75,5.026395798,4.75,5.441020966,1.88,1.933615208,1.88,1.540072799,1.88,1.817037821,1.88,1.659591436,1.49,1.856562138,1.49,1.720517635,1.49,1.8282094,1.49,1.708158016,3.18,2.904789686,3.18,2.58823514,3.18,2.986371517,3.18,2.935977936,1.88,1.997541428,1.88,1.835298419,1.88,1.991489053,1.88,1.847844601,0.95,0.919633627,0.95,0.829318643,0.95,0.941734076,0.95,0.893869162,1.42,1.710711479,1.42,1.680433631,1.42,1.714241982,1.42,1.728687525,0.7,1.0159657,0.7,0.867376208,0.7,1.006723881,0.7,0.858089209,1.05,1.036488175,1.05,1.205106139,1.05,1.141178846,1.05,0.955314219,8.6,9.021051407,8.6,9.151213646,8.6,8.846345901,8.6,9.158429146,3.04,2.813801765,3.04,2.597364664,3.04,2.834097624,3.04,3.21864748,0.9,1.223944068,0.9,0.914417863,0.9,1.191973448,0.9,1.140844345,0.6,0.673916817,0.6,0.743959188,0.6,0.62680763,0.6,0.505683124,0.95,0.907420039,0.95,0.854740679,0.95,0.957427263,0.95,1.014387608,2.16,2.195731878,2.16,2.149811268,2.16,2.359335899,2.16,2.189454317,0.95,1.041940093,0.95,1.048071146,0.95,0.972766876,0.95,0.922219813,1.93,1.835627437,1.93,1.656097531,1.93,1.91910243,1.93,2.132445335,0.95,0.99224782,0.95,0.941670179,0.95,0.918306828,0.95,0.945447922,1.05,1.037697077,1.05,1.141061664,1.05,1.132985115,1.05,1.061736226,5.9,5.451674461,5.9,5.751497269,5.9,5.716505051,5.9,5.862673283,6.15,6.105847359,6.15,5.947537422,6.15,5.974804878,6.15,6.170661926,0.95,1.168198228,0.95,0.869178295,0.95,1.1034199,0.95,1.057018518,1.49,1.661841154,1.49,1.714672089,1.49,1.868018746,1.49,1.635398388,0.95,0.944446683,0.95,0.759982705,0.95,0.99410975,0.95,1.005672097,4.43,4.406701565,4.43,4.402437687,4.43,4.491643906,4.43,4.503974915,1.63,2.152482748,1.63,1.810535431,1.63,1.702944279,1.63,1.689517021,0.64,0.602426052,0.64,0.516545177,0.64,0.83833456,0.64,0.61504513,0.95,1.072500706,0.95,0.903975189,0.95,1.130268097,0.95,0.951585233,0.84,0.924763203,0.84,0.942809463,0.84,1.055407047,0.84,0.758737385,6.1,6.151285172,6.1,5.953715324,6.1,6.712497711,6.1,6.133599758,3.95,4.346548557,3.95,4.213274956,3.95,4.190339088,3.95,3.959719419,2.12,1.967256784,2.12,1.996660113,2.12,2.261568069,2.12,2.218131304,2.79,2.958534479,2.79,2.74472928,2.79,2.929059029,2.79,2.906190395,3.62,3.05801034,3.62,2.728720427,3.62,3.078816652,3.62,3.38363862,6.64,6.433378696,6.64,6.172833443,6.64,6.510004044,6.64,6.842946529,0.95,0.92539978,0.95,0.724546313,0.95,0.949883699,0.95,0.997106612,4.31,4.487244606,4.31,4.424289703,4.31,4.464693069,4.31,4.575865269,0.82,0.842834949,0.82,0.627932906,0.82,0.643316329,0.82,1.159444332,0.6,1.215507746,0.6,1.036993384,0.6,1.366133928,0.6,1.135853291,7.1,7.087843895,7.1,6.883146286,7.1,7.27016449,7.1,6.605571747,0.77,1.05291748,0.77,1.13529551,0.77,0.764224112,0.77,0.77989763,0.95,1.267527938,0.95,0.636274457,0.95,0.86882329,0.95,0.911886036,4.01,4.190903664,4.01,3.872764349,4.01,4.262574196,4.01,4.735962391,0.95,0.619947076,0.95,0.960404396,0.95,1.136730909,0.95,1.151563644
0.85,0.951328516,0.85,0.609914064,0.85,1.033607841,0.85,0.786033988,0.95,0.595427036,0.95,0.762772441,0.95,0.660372376,0.95,0.916732371,0.7,0.22341463,0.7,0.610301614,0.7,0.577500701,0.7,0.771532774,8,6.423457146,8,6.484051704,8,7.338609695,8,7.145947933,0.87,0.808427334,0.87,1.007448077,0.87,1.139806986,0.87,0.780813932,0.6,0.619425178,0.6,0.222878695,0.6,0.346746922,0.6,0.473334879,6.15,5.55084753,6.15,6.563626289,6.15,6.459870338,6.15,6.806889534,0.95,1.728028774,0.95,1.641840458,0.95,1.282598495,0.95,1.093701124,1.93,2.451747179,1.93,2.469865084,1.93,2.339204073,1.93,2.096402645,3.12,3.578090429,3.12,3.2911098,3.12,3.458652258,3.12,3.456770897,6.47,5.173243523,6.47,5.477246284,6.47,5.422904015,6.47,5.129135132,3.2,3.776813745,3.2,4.071684837,3.2,3.539618969,3.2,3.289393187,6.48,5.986120224,6.48,5.663507462,6.48,6.35266304,6.48,6.163187504,9.7,7.717024803,9.7,7.839267731,9.7,8.568844795,9.7,8.748047829,6.15,6.346238136,6.15,6.522209644,6.15,6.937007904,6.15,6.30825901,0.95,1.194656372,0.95,1.100624561,0.95,1.09479773,0.95,1.041218758,0.94,0.9654001,0.94,0.894246936,0.94,0.868916273,0.94,0.945985198,0.95,1.041304588,0.95,0.989991069,0.95,0.951094747,0.95,1.027676582,0.7,0.80599463,0.7,0.623992562,0.7,0.816023946,0.7,0.630887985,1.1,1.800031424,1.1,1.267011046,1.1,1.16212213,1.1,1.396401405,4.51,4.405128956,4.51,4.358150005,4.51,4.465651512,4.51,4.602389812,0.95,0.928597689,0.95,0.857670665,0.95,1.077147484,0.95,0.916392803,0.94,0.945201397,0.94,0.860031962,0.94,0.886133432,0.94,0.969644606,3.64,3.528100729,3.64,3.688893318,3.64,4.214030266,3.64,4.107811451,1.05,1.044878125,1.05,0.828098178,1.05,1.022292614,1.05,0.901822925,0.76,0.59796226,0.76,0.307240814,0.76,0.847596526,0.76,1.010127544,1.88,1.957629204,1.88,2.2523458,1.88,1.938350916,1.88,1.67280817,6.06,6.265396118,6.06,5.879347801,6.06,6.612672806,6.06,6.662824631,0.93,0.913767219,0.93,1.216215014,0.93,0.982488692,0.93,1.026306152,5.1,5.001321793,5.1,5.029483795,5.1,5.446138382,5.1,4.822533607,0.84,0.757478237,0.84,0.770851016,0.84,0.852374315,0.84,0.884127498,3.62,3.492539644,3.62,3.509063482,3.62,3.578072071,3.62,3.708839655,3.75,4.073204041,3.75,4.064808369,3.75,4.104044914,3.75,4.00656414,0.95,1.016475677,0.95,0.885796905,0.95,1.001816869,0.95,0.961281836,3.6,3.401279211,3.6,3.1900208,3.6,3.47389245,3.6,3.717944145,5.27,4.372122288,5.27,4.350634575,5.27,4.39185524,5.27,4.807984352,9.45,8.373343468,9.45,8.033198357,9.45,8.422392845,9.45,9.18070507,6.06,6.497919083,6.06,6.08960247,6.06,6.196588516,6.06,6.449595451,0.6,0.839452624,0.6,0.427518994,0.6,0.72614795,0.6,0.844870627,1.04,0.992683172,1.04,1.051276565,1.04,1.155511022,1.04,1.120469093,6.47,6.371667385,6.47,6.388291836,6.47,6.648159027,6.47,6.376496315,5.9,5.189744473,5.9,5.602872849,5.9,4.640500069,5.9,5.084240913,3.6,3.409084797,3.6,2.984161854,3.6,3.463770628,3.6,3.643832684,6.47,5.994668007,6.47,5.906190395,6.47,6.014460564,6.47,5.853545189,2.72,2.164584398,2.72,2.22645092,2.72,2.347605467,2.72,2.098441601,8.71,7.747889042,8.71,8.045315742,8.71,7.570925713,8.71,7.644535065,0.7,0.736503124,0.7,0.656628728,0.7,1.082204461,0.7,0.882493675,2.93,2.764265776,2.93,3.039052248,2.93,2.994776487,2.93,3.665325403,0.59,0.486842841,0.59,0.639478326,0.59,0.622618735,0.59,0.685447752,0.95,1.008301258,0.95,0.901005149,0.95,1.072084308,0.95,1.102513552,3.6,3.664226055,3.6,3.136633158,3.6,3.532093525,3.6,3.685777426,6.15,5.859181404,6.15,5.880179882,6.15,6.115357399,6.15,5.863683224,3.04,2.7303617,3.04,2.323879242,3.04,2.981843233,3.04,2.935755253,3.2,4.203348637,3.2,4.095321655,3.2,4.252699852,3.2,4.570013523,1.05,1.057353735,1.05,0.964736342,1.05,1.100695848,1.05,0.964505911,7.39,7.739893913,7.39,7.565073013,7.39,7.170573235,7.39,7.508800507,0.94,0.923207045,0.94,0.897372127,0.94,0.895086288,0.94,0.849140942,8.71,7.706187725,8.71,7.89930582,8.71,7.680308342,8.71,7.861673355,0.59,0.517576456,0.59,0.630039096,0.59,0.677262664,0.59,0.555938184,3.12,2.620479107,3.12,2.330263138,3.12,2.774545193,3.12,2.63151598,3.04,2.845762968,3.04,2.608984232,3.04,2.855046511,3.04,3.130983829,1.63,1.905586958,1.63,1.500540137,1.63,1.760141134,1.63,1.570733309,0.84,0.908226848,0.84,1.02806747,0.84,1.06074214,0.84,0.827038884,0.95,0.89058888,0.95,1.013073921,0.95,0.922979474,0.95,1.074320912,0.93,1.051051855,0.93,1.256846786,0.93,1.119069338,0.93,1.089731693,0.95,0.983955979,0.95,0.89307332,0.95,0.956133246,0.95,0.92613399,3.95,4.572915077,3.95,4.076075554,3.95,4.532689095,3.95,4.262403011,8,7.696487904,8,7.716682434,8,7.543149948,8,7.954001904,4.1,3.9654181,4.1,3.591842413,4.1,3.863544703,4.1,4.12494421,6.15,5.745043278,6.15,5.374540329,6.15,5.991063118,6.15,5.988059044,4.75,4.930795193,4.75,4.61527729,4.75,4.841313362,4.75,5.414943218,0.9,1.328327179,0.9,0.905725598,0.9,1.184511662,0.9,1.224658251,2.16,2.140067101,2.16,2.148060322,2.16,2.330818176,2.16,2.177705288,0.95,0.922339916,0.95,0.950789332,0.95,0.904756546,0.95,1.003691196,3.04,2.810396433,3.04,2.584275484,3.04,2.842795372,3.04,3.141418457,8,7.62408638,8,7.593191624,8,7.627048492,8,7.796147346,0.73,0.928827167,0.73,1.012931705,0.73,0.995661736,0.73,0.931655109,3.12,2.887364626,3.12,2.337127209,3.12,2.767653465,3.12,2.710448265,0.73,1.115026832,0.73,1.404080033,0.73,1.334933639,0.73,1.355056524,0.95,0.989606857,0.95,0.986704946,0.95,0.874819279,0.95,0.958810687,0.93,1.040223837,0.93,1.441952109,0.93,1.183848381,0.93,1.138251305,0.6,1.050078154,0.6,0.899816632,0.6,0.834437728,0.6,0.811745703,0.93,1.056442261,0.93,1.46384275,0.93,1.171597242,0.93,1.143634319,8,7.56731987,8,7.554772377,8,7.742413521,8,7.66740036,3.37,3.385170937,3.37,3.111590147,3.37,3.355600119,3.37,3.34636426,0.9,1.184329033,0.9,0.881588578,0.9,1.163844824,0.9,1.535891294,4.36,4.473501682,4.36,4.418654919,4.36,4.48160553,4.36,4.544219017,0.95,0.962427258,0.95,0.918507934,0.95,1.120000601,0.95,0.88269186,3.95,4.3758564,3.95,4.247374535,3.95,4.174099922,3.95,3.949745417,7.94,5.554825306,7.94,5.713303089,7.94,6.287399292,7.94,6.037878036,6.15,6.248203754,6.15,5.949959278,6.15,5.934138298,6.15,6.02514267,5.27,4.388034821,5.27,4.209681511,5.27,4.575540543,5.27,4.424565315,4.52,4.382825851,4.52,4.353079319,4.52,4.458384514,4.52,4.518014431,7.1,5.45690012,7.1,5.243988991,7.1,6.016075134,7.1,5.977817535,4.85,5.07734251,4.85,4.962536812,4.85,4.861533165,4.85,4.731101036,3.62,3.02472043,3.62,2.842725992,3.62,3.033575058,3.62,3.455822706,0.73,1.444013357,0.73,1.519509673,0.73,1.177733541,0.73,1.213595629,3.37,3.102081537,3.37,3.304759979,3.37,3.399419546,3.37,3.297408104,2.16,2.36790204,2.16,2.265935183,2.16,1.943168402,2.16,1.839790583,7.89,7.889531136,7.89,7.577800751,7.89,8.549339294,7.89,7.550879955
7.62,6.594376564,7.62,5.370754242,7.62,7.345297813,7.62,5.608514309,0.95,0.744350672,0.95,0.898852229,0.95,0.732655048,0.95,0.943486631,0.87,0.798131824,0.87,1.04839313,0.87,1.188754797,0.87,0.782723844,7.39,6.846511841,7.39,4.949318886,7.39,6.986204147,7.39,6.453548908,4.02,3.478200674,4.02,4.25216341,4.02,4.072113991,4.02,4.22660017,0.95,0.870051265,0.95,0.412362069,0.95,0.644352317,0.95,0.651866913,4.85,4.348929405,4.85,4.238388062,4.85,4.430980682,4.85,4.192420959,0.95,0.869199157,0.95,0.982489467,0.95,0.904065788,0.95,0.933660865,0.69,0.88023746,0.69,0.665099502,0.69,0.747728825,0.69,0.825659275,6.6,6.769814491,6.6,6.137303829,6.6,7.545256615,6.6,7.568140984,2.79,2.39263463,2.79,2.145340681,2.79,2.098534107,2.79,2.064423561,0.9,1.282881498,0.9,1.115102053,0.9,0.870024979,0.9,1.410904169,0.85,0.861689091,0.85,0.566883028,0.85,0.796223998,0.85,0.947075546,0.95,1.033535361,0.95,0.976875186,0.95,1.034864426,0.95,0.934241652,0.56,0.62605381,0.56,0.452538818,0.56,0.773563504,0.56,0.438812256,1.49,1.526990652,1.49,1.85855794,1.49,1.620256424,1.49,1.543239594,4.85,4.753057957,4.85,4.367918968,4.85,4.177280426,4.85,4.388379097,0.93,0.886814952,0.93,0.446029633,0.93,0.680783689,0.93,0.811634243,0.93,1.021288037,0.93,1.062106848,0.93,1.021621227,0.93,1.071021318,5.1,4.634913445,5.1,4.169286728,5.1,5.26040554,5.1,5.198108673,0.69,0.601258039,0.69,0.652629614,0.69,0.615975142,0.69,0.462785661,3.75,3.609286785,3.75,4.054858208,3.75,4.450310707,3.75,3.589766741,2.79,2.305250883,2.79,2.401660442,2.79,2.507199287,2.79,2.525799751,9.7,8.211417198,9.7,9.22474575,9.7,8.699170113,9.7,9.298167229,0.68,0.652259469,0.68,0.424410433,0.68,0.824922502,0.68,0.757724822,0.95,0.934871972,0.95,0.847786784,0.95,0.933478475,0.95,1.01650238,3.37,3.473062515,3.37,3.411634684,3.37,3.905470371,3.37,3.708400249,6.26,6.64887619,6.26,6.617767334,6.26,7.180675507,6.26,6.945122719,0.7,0.556345463,0.7,0.641873002,0.7,0.77192235,0.7,0.631195605,8.4,7.944493771,8.4,8.858726501,8.4,8.693959236,8.4,8.634405136,1.63,1.724182725,1.63,1.921450019,1.63,1.759160995,1.63,1.550569057,5.27,5.151248455,5.27,5.109080791,5.27,5.391440392,5.27,5.788404465,0.7,0.514304876,0.7,0.618926525,0.7,0.690335155,0.7,0.575140893,3.64,3.676435709,3.64,3.662429094,3.64,3.726013899,3.64,3.825487614,0.59,0.475789756,0.59,0.539726615,0.59,0.703290761,0.59,0.850857675,1.04,1.039245963,1.04,1.070524096,1.04,1.118987083,1.04,1.113294721,0.69,0.529742479,0.69,0.666157126,0.69,0.626758456,0.69,0.759137273,6.15,6.199146271,6.15,5.871484756,6.15,5.963295937,6.15,6.114853859,4.36,5.373082638,4.36,5.619540215,4.36,5.000761032,4.36,5.258340359,1.1,1.601877451,1.1,1.312775254,1.1,1.391849756,1.1,0.945547998,0.93,1.002415419,0.93,1.283854604,0.93,1.000061274,0.93,1.032913685,4.2,4.320497036,4.2,4.483808041,4.2,4.532607079,4.2,4.545183182,6.47,6.487890244,6.47,6.541063309,6.47,6.689876556,6.47,6.274386406,7.89,7.735289574,7.89,7.560946465,7.89,7.906618118,7.89,8.368717194,0.85,0.743749619,0.85,0.622218847,0.85,1.12487185,0.85,0.837370813,8,7.77132988,8,7.559845924,8,7.666063309,8,7.560357571,0.77,0.927213073,0.77,0.745014906,0.77,0.653508544,0.77,0.83656925,0.95,0.959064245,0.95,0.888816953,0.95,1.039899945,0.95,1.083114862,3.04,2.85357213,3.04,2.337664366,3.04,3.085007429,3.04,2.869212151,0.95,1.012062073,0.95,0.933017254,0.95,1.001376152,0.95,0.906337202,0.59,0.498223513,0.59,0.639078975,0.59,0.626417756,0.59,0.649079859,0.95,0.909127474,0.95,0.918035388,0.95,0.983549595,0.95,0.984297335,0.67,0.711222768,0.67,0.799963832,0.67,1.084391356,0.67,0.7580809,0.95,0.921657801,0.95,0.89629209,0.95,1.141320467,0.95,1.040201426,0.73,1.241357565,0.73,1.321522355,0.73,1.197536945,0.73,1.385662317,6.47,5.94405508,6.47,5.974312305,6.47,6.279213905,6.47,6.070055962,0.69,0.524075985,0.69,0.579662204,0.69,0.715716362,0.69,0.462579548,2.71,2.572403908,2.71,2.739166975,2.71,2.746273041,2.71,2.800874233,1.88,1.950368881,1.88,1.807213068,1.88,1.960612297,1.88,1.805005074,0.95,0.964407563,0.95,0.96098268,0.95,1.109992266,0.95,1.04248631,1.93,1.87287426,1.93,1.709046483,1.93,1.886079788,1.93,2.327280283,6.12,5.924408436,6.12,5.671875954,6.12,5.84899044,6.12,5.981199265,0.68,0.733897924,0.68,0.786012292,0.68,0.90245688,0.68,1.359565258,4.7,4.629889965,4.7,4.981906414,4.7,4.932557106,4.7,4.567791939,4.4,4.455304623,4.4,4.501946926,4.4,4.482270241,4.4,4.515483379,0.95,0.991490245,0.95,0.725718915,0.95,1.034407377,0.95,0.894260287,4.51,4.380975246,4.51,4.449278355,4.51,4.480037689,4.51,4.478865147,0.95,0.747769356,0.95,0.876796126,0.95,1.019884348,0.95,0.877916038,0.75,0.646481276,0.75,0.482374042,0.75,0.694101334,0.75,0.720888674,0.9,1.2833426,0.9,0.908812642,0.9,1.187152386,0.9,1.179828405,4.36,5.468939781,4.36,5.306459427,4.36,5.584941864,4.36,5.313723564,0.95,0.758125782,0.95,0.892700374,0.95,1.078027725,0.95,0.85609895,0.73,0.921089768,0.73,1.053732276,0.73,0.98991847,0.73,0.898560822,7.1,6.946744919,7.1,6.887144089,7.1,7.216436386,7.1,7.213768482,3.04,2.810396433,3.04,2.584275484,3.04,2.842795372,3.04,3.141418457,0.95,0.886597991,0.95,0.793199897,0.95,0.971263289,0.95,0.954878867,6.47,6.440364838,6.47,6.578324318,6.47,6.776621819,6.47,6.940130234,5.27,4.195738792,5.27,4.132737637,5.27,4.540984154,5.27,4.337453842,0.59,0.678146601,0.59,0.857883811,0.59,0.617262781,0.59,0.602292478,0.95,1.00483942,0.95,0.918134928,0.95,0.942255735,0.95,0.92541945,3.95,4.263309956,3.95,4.11563015,3.95,4.256275177,3.95,3.999867439,1.1,0.817662477,1.1,0.721158862,1.1,0.812871039,1.1,1.070632696,4.85,4.906178474,4.85,4.762582302,4.85,4.947976112,4.85,4.587669849,0.9,1.213655949,0.9,0.887193561,0.9,1.168664455,0.9,1.493637562,0.8,0.936420918,0.8,0.773162723,0.8,1.078058958,0.8,1.001575708,0.95,0.932421923,0.95,0.807856202,0.95,0.974210262,0.95,1.010489821,0.8,0.975171089,0.8,0.807754397,0.8,1.117692232,0.8,1.003279209,0.95,1.277203679,0.95,1.058964849,0.95,1.03589046,0.95,1.006579995,1.05,1.04033637,1.05,0.780851722,1.05,1.122689247,1.05,0.850652158,6.47,6.242220879,6.47,5.687785625,6.47,6.101495743,6.47,5.90567255,0.73,1.267807841,0.73,1.476430655,0.73,1.186145306,0.73,1.372867823,3.12,2.953998327,3.12,2.710684538,3.12,2.858706713,3.12,2.832896471,0.7,0.912982225,0.7,0.791783452,0.7,1.012687206,0.7,1.322974682,1.88,1.987299681,1.88,2.194046021,1.88,1.834066391,1.88,1.769519329,0.87,0.840218425,0.87,1.158867717,0.87,1.095287561,0.87,0.777048171,0.95,1.261646867,0.95,0.622425795,0.95,0.879359126,0.95,0.945952058,1.63,2.083114147,1.63,1.987618327,1.63,2.055618763,1.63,2.001284361,0.95,1.099170566,0.95,0.977726579,0.95,0.972408772,0.95,0.905532658,9.45,9.535435677,9.45,9.073997498,9.45,9.805514336,9.45,9.985183716,0.95,0.851082802,0.95,0.664757967,0.95,1.153172493,0.95,0.830669761
0.56,-0.078732282,0.56,0.109846927,0.56,0.453409672,0.56,0.649730921,0.95,1.007083416,0.95,0.625033736,0.95,1.393407106,0.95,1.091054797,0.87,0.798131824,0.87,1.04839313,0.87,1.188754797,0.87,0.782723844,6.47,3.774545193,6.47,4.171504974,6.47,5.060584068,6.47,5.168356895,1.93,2.017150402,1.93,2.552065611,1.93,2.424406052,1.93,2.529864311,8,6.41170454,8,6.096693516,8,7.273406029,8,7.169379234,0.73,1.464075327,0.73,1.951790452,0.73,1.459679961,0.73,1.576626062,0.95,1.074410677,0.95,0.88713491,0.95,1.02342391,0.95,1.040834427,1.88,2.40251708,1.88,2.274804831,1.88,2.17155695,1.88,1.98670578,6.5,5.045495987,6.5,5.970041275,6.5,5.973605156,6.5,5.849299431,4.1,4.962921143,4.1,5.264601707,4.1,5.245560646,4.1,4.754461288,3.75,4.613899708,3.75,4.18894577,3.75,4.376586914,3.75,4.675635815,6.15,6.318888664,6.15,6.466635227,6.15,6.644652367,6.15,6.466608047,0.95,0.929450154,0.95,0.835960627,0.95,1.035951376,0.95,0.818546295,2.79,2.493740559,2.79,2.029750586,2.79,2.095012188,2.79,2.299160719,0.95,0.883088708,0.95,0.883971095,0.95,0.907099962,0.95,0.921672583,3.95,3.60573411,3.95,3.641610146,3.95,3.314893246,3.95,3.753232002,4.8,4.895683289,4.8,4.902791977,4.8,5.167160034,4.8,5.158905029,6.47,5.401844025,6.47,5.629257202,6.47,5.589058876,6.47,5.722696781,0.9,0.745969176,0.9,1.364722133,0.9,0.928573787,0.9,1.549333572,2.79,2.265228748,2.79,2.252067327,2.79,2.355355978,2.79,2.53762579,0.86,1.688109756,0.86,1.09306407,0.86,1.209991813,0.86,0.906656921,6.48,6.257236481,6.48,5.48061657,6.48,6.156281471,6.48,6.508617878,0.95,0.940369844,0.95,0.848304629,0.95,0.933150649,0.95,1.016693592,7.62,7.033315182,7.62,6.827679634,7.62,7.442526817,7.62,7.164088249,2.8,3.529300213,2.8,3.695350647,2.8,3.665985823,2.8,3.71814394,6.47,6.745890617,6.47,6.406125546,6.47,6.870275497,6.47,6.737898827,0.95,1.118544817,0.95,0.932284474,0.95,0.995929241,0.95,0.960933208,0.73,0.747441888,0.73,0.78166616,0.73,0.853980064,0.73,0.821180284,1.04,1.013237834,1.04,0.992382407,1.04,1.080681682,1.04,1.116305113,0.93,0.909738898,0.93,1.22603786,0.93,0.982499361,0.93,1.024682045,1.49,1.589510798,1.49,1.662752748,1.49,1.856917739,1.49,1.774108887,0.73,1.362912297,0.73,1.221438766,0.73,1.202827454,0.73,1.390969992,2.8,3.293442249,2.8,3.356158257,2.8,3.476401329,2.8,3.550308228,0.7,0.502911329,0.7,0.617906332,0.7,0.674195051,0.7,0.551511109,6.5,6.009531021,6.5,6.65379858,6.5,6.766594887,6.5,6.891420364,0.6,0.408607185,0.6,0.548935771,0.6,0.600805461,0.6,0.579969823,0.95,0.909187019,0.95,0.97681272,0.95,1.149059534,0.95,1.005591154,4.1,4.350031853,4.1,3.938694715,4.1,4.441813469,4.1,4.401281357,0.95,1.003101826,0.95,0.925015807,0.95,1.016933203,0.95,1.013013124,4.31,4.698132515,4.31,4.475978851,4.31,4.473585129,4.31,4.588252544,0.95,1.007292747,0.95,0.781911969,0.95,1.125399113,0.95,1.035650134,6.47,6.487890244,6.47,6.541063309,6.47,6.689876556,6.47,6.274386406,6.12,5.857808113,6.12,5.572907925,6.12,5.801168442,6.12,5.91960001,1.49,1.645736694,1.49,1.634274721,1.49,1.822541118,1.49,1.641678333,2.71,2.657182217,2.71,2.813840151,2.71,2.817120314,2.71,2.914613724,6.06,6.751711845,6.06,6.86041975,6.06,7.247955322,6.06,6.60323,0.95,1.023587346,0.95,0.909870863,0.95,0.986112952,0.95,0.909771621,1.93,1.955343246,1.93,1.630532622,1.93,2.098868132,1.93,1.982651234,0.7,1.038035154,0.7,0.908330679,0.7,0.984913468,0.7,0.850665569,0.56,0.815079451,0.56,0.820035338,0.56,0.678492308,0.56,0.782360137,7.89,7.919742584,7.89,7.671757221,7.89,7.919015884,7.89,7.986094475,4.01,4.318247795,4.01,3.896958113,4.01,4.545103073,4.01,4.599843025,0.95,0.876030922,0.95,0.989287615,0.95,1.045153379,0.95,0.988694429,3.64,4.009399891,3.64,3.616070271,3.64,3.852634907,3.64,4.121030807,8.6,9.039999962,8.6,8.885893822,8.6,9.100702286,8.6,8.95737648,6.47,6.303455353,6.47,6.208878517,6.47,6.548009872,6.47,6.147192001,0.95,0.882420778,0.95,0.921110511,0.95,0.990372896,0.95,0.973419487,4.1,4.05494833,4.1,3.850468874,4.1,3.915775776,4.1,4.266287327,0.95,0.896941662,0.95,0.925213695,0.95,1.000394583,0.95,0.973508179,4.52,4.362663269,4.52,4.422394753,4.52,4.473722458,4.52,4.454257011,7.44,7.785825729,7.44,7.950802803,7.44,7.792160034,7.44,7.938214302,4.75,5.001377106,4.75,4.814386368,4.75,4.954649925,4.75,5.565115929,4.8,5.172557831,4.8,5.272102356,4.8,5.407003403,4.8,5.803310871,4.85,5.07147789,4.85,4.64276123,4.85,4.897335052,4.85,4.7290802,8.6,9.021051407,8.6,9.151213646,8.6,8.846345901,8.6,9.158429146,4.42,4.564501762,4.42,4.565720081,4.42,4.48919487,4.42,4.573458195,0.95,0.939828038,0.95,0.898679316,0.95,0.96184206,0.95,1.01533699,0.85,0.92818141,0.85,0.493305534,0.85,0.921279073,0.85,1.204990029,8.71,7.996123314,8.71,8.103138924,8.71,8.040193558,8.71,8.029144287,6.47,6.407423973,6.47,6.305078983,6.47,6.617444038,6.47,6.483198643,5.27,5.816279411,5.27,5.481658936,5.27,6.074691772,5.27,6.085071087,6.64,6.379603386,6.64,6.204978466,6.64,6.369027138,6.64,6.919854164,8.4,8.488131523,8.4,8.707732201,8.4,8.42432785,8.4,8.575088501,1.93,1.847995639,1.93,1.66544497,1.93,1.933764935,1.93,2.127071857,0.82,0.652973652,0.82,0.491671175,0.82,0.854116082,0.82,0.73498708,1.42,1.528838873,1.42,1.744123816,1.42,1.77562499,1.42,1.727389574,3.64,3.442937613,3.64,2.78747201,3.64,3.283084154,3.64,3.511423588,6.48,6.182696819,6.48,6.05419445,6.48,6.187520981,6.48,6.660676003,0.95,1.205875516,0.95,0.668399632,0.95,0.96087122,0.95,0.901555777,0.75,0.634836197,0.75,0.459713787,0.75,0.650291681,0.75,0.69173938,6.47,6.051184654,6.47,5.687055111,6.47,6.135332108,6.47,6.059131622,1.93,1.91862154,1.93,1.723034739,1.93,2.012387037,1.93,2.084442139,6.15,5.784170151,6.15,5.26585865,6.15,5.859242439,6.15,5.775411606,0.59,0.749857187,0.59,0.837049365,0.59,0.531382084,0.59,0.620293677,0.95,1.174934983,0.95,1.053640723,0.95,0.996080756,0.95,1.001047134,1.42,1.573809981,1.42,1.800965428,1.42,1.647558451,1.42,1.738554001,0.95,0.950374603,0.95,0.826144457,0.95,0.985142708,0.95,1.010979533,0.8,1.01391983,0.8,0.842345357,0.8,1.157327175,0.8,1.004983187,3.64,3.479692936,3.64,2.809202909,3.64,3.272964239,3.64,3.723580837,6.48,6.192317963,6.48,5.869921207,6.48,6.215831757,6.48,6.631372929,7.94,5.64118433,7.94,5.828699112,7.94,6.348618507,7.94,6.073607922,6.47,6.610224724,6.47,6.570474148,6.47,6.680339813,6.47,6.854485989,0.95,0.854477406,0.95,0.695874095,0.95,1.117160559,0.95,0.887194872,0.64,0.551226377,0.64,0.835652232,0.64,0.827686548,0.64,0.572475791,4.7,5.26586628,4.7,4.849141121,4.7,5.478510857,4.7,5.27521801,4.88,5.064496994,4.88,4.954541206,4.88,4.813632965,4.88,4.700141907,0.95,1.446486354,0.95,1.250020862,0.95,1.114087582,0.95,0.970827758,0.7,0.866735339,0.7,0.958448529,0.7,0.920139194,0.7,0.73050493,5.1,5.988109112,5.1,5.071646214,5.1,5.131094933,5.1,5.401072502
0.7,-0.010116369,0.7,0.11997173,0.7,0.469689548,0.7,0.649604023,6.8,5.383514881,6.8,6.760572433,6.8,7.81179142,6.8,7.509549141,6.64,5.329619408,6.64,4.429423809,6.64,5.899849892,6.64,6.251718998,0.95,1.017311573,0.95,0.632384181,0.95,1.018093228,0.95,1.051278591,0.93,1.213380575,0.93,1.351977825,0.93,1.148620129,0.93,0.792142093,3.62,4.165839672,3.62,4.174067497,3.62,3.695063829,3.62,3.501497507,0.87,0.833150625,0.87,0.979531169,0.87,0.955965996,0.87,0.861613393,6.6,5.988056183,6.6,6.046710968,6.6,7.374653816,6.6,7.428593636,6.47,4.92425251,6.47,5.26537323,6.47,5.229802132,6.47,5.353204727,4.35,5.128047943,4.35,4.558256626,4.35,3.810130358,4.35,4.180174351,3.64,3.780779123,3.64,3.954451323,3.64,4.206394196,3.64,3.962979794,1.3,2.979080915,1.3,2.704552174,1.3,2.803674936,1.3,2.955163956,4.36,5.16254282,4.36,4.923091412,4.36,4.872232437,4.36,4.735568047,0.95,1.03195262,0.95,0.826271892,0.95,0.946440399,0.95,1.015377522,0.73,1.774852753,0.73,1.468011737,0.73,1.667641401,0.73,1.351994753,9.7,7.848181725,9.7,7.996899605,9.7,8.823782921,9.7,8.812705994,3.37,4.130459309,3.37,3.630099058,3.37,3.683266878,3.37,3.635585308,3.2,3.991568327,3.2,4.059047699,3.2,3.609433889,3.2,3.587735653,2.72,2.466483831,2.72,2.209221125,2.72,2.203494072,2.72,2.443172932,5.98,5.397654533,5.98,5.000340462,5.98,5.333806992,5.98,5.795796394,3.75,4.422154903,3.75,3.951686144,3.75,4.157576561,3.75,4.042871475,3.64,3.602650881,3.64,3.659778595,3.64,4.137464523,3.64,4.187037468,0.93,0.951880813,0.93,1.146146178,0.93,0.994129002,0.93,1.042078733,7.1,5.02041626,7.1,5.705731869,7.1,5.777892113,7.1,5.758179665,0.87,0.96129185,0.87,0.879473567,0.87,0.900561571,0.87,0.969466567,0.95,1.346433401,0.95,0.66696769,0.95,0.912373066,0.95,0.855174541,6.47,5.473680496,6.47,5.560100555,6.47,5.853038788,6.47,6.003025055,0.95,1.336827993,0.95,0.761749208,0.95,0.917239785,0.95,0.851959229,0.6,0.767901301,0.6,0.291812062,0.6,0.7455585,0.6,0.862342536,0.95,1.032973528,0.95,0.890395522,0.95,0.9844594,0.95,0.93698144,2.72,2.449218988,2.72,2.418582201,2.72,2.111736298,2.72,2.253753901,0.7,1.296096563,0.7,1.234542847,0.7,1.037250519,0.7,0.907653391,0.56,0.557623625,0.56,0.66596818,0.56,0.728944063,0.56,0.59493047,8,7.577383995,8,7.666103363,8,7.893939972,8,7.752024174,0.8,0.910329819,0.8,0.398350209,0.8,0.713317692,0.8,0.863643169,0.88,0.831025958,0.88,0.901096702,0.88,1.074670196,0.88,1.005180359,0.7,0.479262948,0.7,0.619500995,0.7,0.689411402,0.7,0.644871414,3.18,3.382582664,3.18,3.336661339,3.18,3.321504831,3.18,3.681484461,0.87,0.928707957,0.87,0.949283957,0.87,0.908766031,0.87,0.803371727,4.8,5.481502056,4.8,5.321247101,4.8,5.48268795,4.8,5.893575191,3.6,3.480944157,3.6,3.029311895,3.6,3.432040215,3.6,3.687963009,4.68,5.019127846,4.68,4.815199375,4.68,4.872228622,4.68,5.216535091,0.59,0.487228364,0.59,0.601935029,0.59,0.681918144,0.59,0.796314538,8.02,8.000117302,8.02,7.92460537,8.02,8.348555565,8.02,8.881217003,0.7,0.743749619,0.7,0.622218847,0.7,1.12487185,0.7,0.837370813,5.27,4.1835742,5.27,4.434883118,5.27,4.355923653,5.27,4.706023216,2.16,2.135008335,2.16,2.195960283,2.16,2.301758766,2.16,2.086889267,0.95,1.042031169,0.95,0.918064475,0.95,0.995078623,0.95,0.914307058,0.84,0.975478888,0.84,0.77425611,0.84,0.960189581,0.84,0.793312609,6.15,5.861138344,6.15,5.960250378,6.15,6.115707397,6.15,5.831991196,0.7,0.785511017,0.7,0.738670826,0.7,1.010519624,0.7,0.981997311,0.95,0.983178496,0.95,0.948452711,0.95,1.008201241,0.95,0.898634076,4.4,4.442499638,4.4,4.393119335,4.4,4.472290039,4.4,4.493626595,7.94,5.449381828,7.94,5.369681358,7.94,5.630021095,7.94,6.141599178,0.7,0.881000221,0.7,0.849931598,0.7,0.591882169,0.7,0.764774144,8,7.903396606,8,7.752228737,8,7.506451607,8,7.824597836,4.52,4.374150753,4.52,4.424808025,4.52,4.471606255,4.52,4.459478378,0.95,0.986036181,0.95,0.886171937,0.95,0.951257825,0.95,0.926453471,0.68,0.691792011,0.68,0.860848546,0.68,0.909669042,0.68,1.227236748,4.8,5.183932304,4.8,5.341796398,4.8,5.396304131,4.8,5.835061073,1.49,1.900892973,1.49,1.745976925,1.49,1.855074406,1.49,1.722742319,3.2,4.155576229,3.2,4.126521587,3.2,4.316746712,3.2,4.450003624,0.85,0.863168478,0.85,0.624683976,0.85,0.928318977,0.85,1.307545424,3.62,3.718652248,3.62,3.431582451,3.62,3.780380011,3.62,3.88264513,4.39,4.522039413,4.39,4.544379234,4.39,4.485601425,4.39,4.549881935,1.88,1.969556332,1.88,1.520023108,1.88,1.791945934,1.88,1.614373446,0.85,0.903336048,0.85,0.489240736,0.85,0.921106458,0.85,1.231769323,1.1,1.535394192,1.1,1.300215602,1.1,1.382621765,1.1,1.418218136,3.6,3.6930058,3.6,3.289720297,3.6,3.49073863,3.6,3.791694164,3.18,2.932718039,3.18,2.600397587,3.18,2.897851467,3.18,2.863656998,4.43,4.388542652,4.43,4.436033249,4.43,4.483364105,4.43,4.486151218,3.12,2.787513494,3.12,2.264473677,3.12,2.755097628,3.12,2.674731493,4.38,4.499256134,4.38,4.497255325,4.38,4.490363121,4.38,4.544909,0.56,1.148753047,0.56,0.950379848,0.56,0.955727637,0.56,0.859281063,3.64,3.871813536,3.64,3.530106306,3.64,3.765961647,3.64,4.074964523,8.4,8.456655502,8.4,8.645044327,8.4,8.41880703,8.4,8.573275566,3.75,3.977162361,3.75,3.569296598,3.75,3.821411133,3.75,3.936901569,0.95,0.914608479,0.95,0.961925268,0.95,0.89896369,0.95,1.001255393,0.84,0.928135872,0.84,1.103501678,0.84,1.065423012,0.84,0.853833854,3.62,3.896126747,3.62,3.324325562,3.62,3.842622042,3.62,4.315813541,0.8,0.858922958,0.8,0.703982711,0.8,0.998790681,0.8,0.998169124,4.68,5.050308228,4.68,4.640621662,4.68,5.365122795,4.68,5.12948513,0.93,1.056442261,0.93,1.46384275,0.93,1.171597242,0.93,1.143634319,6.12,6.072540283,6.12,5.764462948,6.12,6.342926979,6.12,6.131237507,0.81,0.859097719,0.81,1.026700854,0.81,0.942492008,0.81,0.801262677,0.95,0.996141434,0.95,0.702236056,0.95,1.069151878,0.95,0.962503731,0.56,0.729519963,0.56,0.910261035,0.56,0.896861315,0.56,0.738449037,0.95,1.005955815,0.95,0.964398742,0.95,0.949362159,0.95,0.954515994,6.48,6.170625687,6.48,5.875719547,6.48,6.194123268,6.48,6.618625164,5.1,4.318344116,5.1,4.055202484,5.1,5.046561241,5.1,4.651909828,0.6,0.621736765,0.6,0.806657314,0.6,0.763471842,0.6,0.608246744,0.95,0.948036194,0.95,0.828543067,0.95,1.016991615,0.95,1.010508776,2.72,2.434540033,2.72,2.323871374,2.72,2.152625561,2.72,2.266261339,4.35,3.876040936,4.35,4.316050529,4.35,4.437076569,4.35,4.204652309,1.93,2.066863775,1.93,1.849803805,1.93,2.170277834,1.93,2.20389986,2.8,3.552747011,2.8,3.575196266,2.8,3.627831936,2.8,3.562043905,3.64,3.798484325,3.64,3.541730404,3.64,3.724151373,3.64,4.218981743,6.8,6.906917572,6.8,6.656309128,6.8,7.412022591,6.8,7.388212681,0.81,0.837942958,0.81,1.107287288,0.81,1.198775053,0.81,0.80669564,0.95,0.990191936,0.95,0.975828767,0.95,0.820394754,0.95,1.228367448
0.73,0.955969274,0.73,0.995968223,0.73,0.978586197,0.73,0.978346109,6.15,5.079354286,6.15,5.722608566,6.15,5.020359039,6.15,5.906559467,2.16,2.103373766,2.16,2.286358356,2.16,2.604369402,2.16,1.812274456,0.95,0.687065005,0.95,0.877335429,0.95,0.722614765,0.95,0.92060411,1.05,1.152415872,1.05,1.143912196,1.05,1.217300892,1.05,0.828806996,0.95,0.74235189,0.95,0.919775844,0.95,0.787037492,0.95,0.922002256,1.88,2.026895046,1.88,2.263119459,1.88,2.168228149,1.88,1.845822573,0.95,0.931686163,0.95,0.839830875,0.95,0.982285261,0.95,0.940430999,4.39,4.950330734,4.39,4.351295948,4.39,4.53657341,4.39,4.685408592,0.95,1.179917216,0.95,0.825270057,0.95,1.180462599,0.95,0.959514737,4.75,4.390776157,4.75,4.46405983,4.75,5.013204575,4.75,4.881892204,0.95,0.869218528,0.95,0.794272304,0.95,0.931223571,0.95,1.028789043,4.01,5.15593338,4.01,4.819446087,4.01,5.701501846,4.01,5.407172203,0.95,0.958554149,0.95,0.887247324,0.95,0.835458755,0.95,0.898951411,4.02,3.865097046,4.02,4.141099453,4.02,4.109414577,4.02,3.791514874,6.8,6.74210453,6.8,6.883346081,6.8,6.775414467,6.8,6.757433891,0.69,0.622645378,0.69,0.586895585,0.69,0.711961031,0.69,0.41304642,2.12,1.922341466,2.12,2.312521219,2.12,2.247976542,2.12,1.757167339,6.64,6.295278549,6.64,5.509839058,6.64,6.077098846,6.64,6.295527935,0.95,0.923160076,0.95,0.909487605,0.95,0.916894913,0.95,0.922432184,0.85,0.613433838,0.85,0.741286218,0.85,0.760593414,0.85,0.794567227,1.1,1.121138215,1.1,1.145681977,1.1,1.536609769,1.1,1.174255371,4.31,4.62405777,4.31,4.516355515,4.31,4.478553772,4.31,4.660329819,1.1,1.566925526,1.1,1.274202585,1.1,1.143846869,1.1,1.262617826,6.06,6.33834362,6.06,6.849159241,6.06,7.121174812,6.06,7.242552757,7.89,7.524420738,7.89,7.590298176,7.89,7.449688911,7.89,7.683609962,3.95,3.656077147,3.95,3.869544744,3.95,3.764508247,3.95,3.980404854,0.95,0.940205216,0.95,1.17011404,0.95,0.935016274,0.95,1.030846119,3.6,3.146915674,3.6,3.526770353,3.6,3.630822182,3.6,3.662970066,0.95,1.389604568,0.95,0.799389124,0.95,0.948750257,0.95,0.8574332,2.72,2.449218988,2.72,2.418582201,2.72,2.111736298,2.72,2.253753901,6.5,5.919548035,6.5,6.808508396,6.5,6.814388275,6.5,6.724500656,4.88,4.989040852,4.88,5.344110012,4.88,4.978695869,4.88,5.068191528,6.12,5.772968292,6.12,5.548602581,6.12,6.128341675,6.12,5.908678532,0.59,0.475789756,0.59,0.539726615,0.59,0.703290761,0.59,0.850857675,1.1,1.405639052,1.1,1.290615916,1.1,1.42169559,1.1,0.902605891,0.86,0.893288851,0.86,0.45535621,0.86,0.961239696,0.86,0.62325722,1.3,2.451570749,1.3,2.240207911,1.3,2.051512718,1.3,2.017771006,1.42,1.471595526,1.42,1.459933639,1.42,1.376617432,1.42,1.553172827,0.95,1.183930993,0.95,0.864033222,0.95,0.976215899,0.95,0.934275746,4.02,4.142180443,4.02,4.025310516,4.02,4.143530846,4.02,4.385126114,8.39,8.460085869,8.39,8.944561958,8.39,8.260967255,8.39,8.483223915,4.85,4.649211884,4.85,4.809480667,4.85,4.663135529,4.85,4.41601038,0.95,1.040997028,0.95,1.071852565,0.95,0.954231381,0.95,0.923153818,0.59,0.488095731,0.59,0.629454017,0.59,0.644961834,0.59,0.758770764,3.75,3.758138895,3.75,3.46173954,3.75,3.873194933,3.75,3.875735283,0.84,0.980914593,0.84,0.780540586,0.84,0.959036112,0.84,0.791823089,0.95,1.104551673,0.95,0.899742007,0.95,1.043976188,0.95,1.023891449,1.05,1.084379077,1.05,0.871624351,1.05,1.093647718,1.05,1.041835308,2.93,2.699239016,2.93,3.020439863,2.93,3.005759954,2.93,3.678320169,0.84,0.97193408,0.84,0.71372664,0.84,0.964368761,0.84,0.795583189,0.9,0.878185153,0.9,0.979420781,0.9,1.212779999,0.9,0.91489464,0.87,0.950620413,0.87,0.932416797,0.87,0.898187399,0.87,0.835497677,8.6,9.036019325,8.6,8.834124565,8.6,9.155766487,8.6,8.921378136,3.04,2.749383211,3.04,2.335477829,3.04,2.947657347,3.04,2.983525515,4.35,4.227449894,4.35,4.581647873,4.35,4.366747856,4.35,4.300457954,4.39,4.583107948,4.39,4.540529251,4.39,4.480688095,4.39,4.553290844,0.95,0.975795627,0.95,0.914200664,0.95,1.007785678,0.95,0.929900944,0.8,0.652588129,0.8,0.814588785,0.8,0.856778085,0.8,1.169237852,1.04,0.934134483,1.04,0.914177775,1.04,1.232303739,1.04,1.013141155,3.6,3.66728878,3.6,3.454417944,3.6,3.531826735,3.6,3.870778561,5.98,5.808250427,5.98,5.724900723,5.98,5.996253014,5.98,6.304931164,1.63,1.999234438,1.63,1.798942089,1.63,1.958172083,1.63,1.784583569,0.95,0.96433723,0.95,0.985600471,0.95,1.096806288,0.95,0.987481713,0.67,0.696994305,0.67,0.846204638,0.67,0.897465229,0.67,0.737937331,0.95,0.932840109,0.95,0.781926811,0.95,1.025005937,0.95,1.080464125,5.73,6.200357914,5.73,6.26745224,5.73,6.321596146,5.73,6.399673462,4.35,4.109223843,4.35,4.213011742,4.35,4.369711876,4.35,4.406801701,2.72,2.389298677,2.72,2.262023211,2.72,2.464872837,2.72,2.318944693,0.97,0.834333897,0.97,0.798826098,0.97,1.355531335,0.97,1.277535439,7.62,7.836959362,7.62,7.542097569,7.62,7.831376076,7.62,8.533978462,0.95,0.796318054,0.95,1.101306081,0.95,0.922763467,0.95,1.046049595,0.93,1.045636892,0.93,1.348686099,0.93,1.176050901,0.93,1.113602161,3.64,3.434434891,3.64,2.860073566,3.64,3.316786528,3.64,3.465324402,0.68,0.833998442,0.68,0.686032653,0.68,0.964796662,0.68,1.132243752,1.63,2.173173428,1.63,1.614654541,1.63,1.715799212,1.63,1.646603823,4.1,3.801710367,4.1,3.512215137,4.1,3.736747026,4.1,4.061809063,0.95,0.948915005,0.95,0.78040421,0.95,0.986550331,0.95,0.981912076,3.6,3.486227036,3.6,3.265748262,3.6,3.439112902,3.6,3.764794588,1.88,2.172246456,1.88,1.756248116,1.88,1.716055512,1.88,1.688932896,0.7,0.599746585,0.7,0.825754404,0.7,0.813969731,0.7,0.6780321,2.62,2.167751312,2.62,2.641597986,2.62,2.742567778,2.62,2.91833663,0.73,0.938066721,0.73,0.91778934,0.73,1.001332521,0.73,0.810486913,0.82,0.866067886,0.82,0.382652611,0.82,0.731484354,0.82,1.019543171,4.01,4.167780399,4.01,3.867905855,4.01,4.139797688,4.01,4.667879105,0.95,0.973727942,0.95,0.902647793,0.95,0.969235182,0.95,0.921311975,4.01,4.164283276,4.01,3.862109423,4.01,4.139472961,4.01,4.697130203,0.95,0.985088825,0.95,0.834679723,0.95,0.840304136,0.95,0.980415165,0.7,0.830077648,0.7,0.717551351,0.7,0.93690449,0.7,1.207357883,1.04,1.076308012,1.04,0.835116982,1.04,1.12369132,1.04,1.584331989,4.36,4.476077557,4.36,4.417919159,4.36,4.469931602,4.36,4.561668873,6.47,6.253759384,6.47,5.699789047,6.47,6.113623619,6.47,5.906676292,1.93,2.028054237,1.93,1.815214276,1.93,2.130643368,1.93,2.213354111,0.95,0.982061148,0.95,0.916976452,0.95,0.831529617,0.95,0.94327116,0.73,1.377749801,0.73,1.507449865,0.73,1.177247047,0.73,1.300492764,1.04,1.002433538,1.04,0.828371406,1.04,1.117947817,1.04,1.721398115,3.75,3.827953577,3.75,3.830819368,3.75,3.65981555,3.75,4.010166168,0.95,0.919978023,0.95,0.842608571,0.95,0.985512972,0.95,0.966717422,1.42,1.988525152,1.42,1.88699913,1.42,1.596753478,1.42,1.524161816,3.37,3.137667656,3.37,3.372258425,3.37,3.462011576,3.37,3.35517931
0.6,0.789966106,0.6,0.110518552,0.6,1.035477281,0.6,0.556409299,2.62,3.239863157,2.62,3.804810286,2.62,2.773528814,2.62,3.672515869,0.68,0.584053516,0.68,0.183746427,0.68,0.653628409,0.68,0.557210743,0.95,0.728748262,0.95,1.390620112,0.95,0.696870446,0.95,0.935241818,4.36,4.948019028,4.36,5.002925396,4.36,5.14011097,4.36,5.02311945,5.1,5.039754391,5.1,5.412563324,5.1,6.459830284,5.1,6.734446526,3.04,2.825852871,3.04,3.285217047,3.04,3.305067539,3.04,3.32288599,7.1,5.417124748,7.1,5.379483223,7.1,6.268486023,7.1,7.003962994,0.84,1.033416867,0.84,0.794032454,0.84,1.03304553,0.84,0.748246431,0.95,0.446365088,0.95,0.643362522,0.95,0.954515159,0.95,0.812027812,1.63,2.07242465,1.63,1.881954789,1.63,1.831305385,1.63,1.843340874,9.7,7.755739689,9.7,7.435637474,9.7,8.478620529,9.7,8.443904877,3.64,3.860226154,3.64,4.020519733,3.64,4.140652657,3.64,3.622288227,3.75,4.433586597,3.75,4.079007149,3.75,4.383836746,3.75,4.384684086,0.87,1.025591373,0.87,0.924604297,0.87,0.893054247,0.87,0.918571413,7.1,6.595537663,7.1,6.045901775,7.1,6.267832756,7.1,7.332854748,1.49,1.860735178,1.49,1.730070353,1.49,1.437172174,1.49,1.386953592,5.27,3.5680933,5.27,3.628240824,5.27,4.155636787,5.27,3.816302299,6.15,6.678001881,6.15,6.366889,6.15,7.399422646,6.15,6.629581928,2.62,3.238141775,2.62,2.72492075,2.62,3.103807688,2.62,3.068946362,0.8,0.776216269,0.8,0.799903512,0.8,1.130036473,0.8,0.772221029,5.98,5.326888084,5.98,5.239104748,5.98,5.448907852,5.98,6.029261589,0.6,0.76513195,0.6,0.647544622,0.6,0.823780894,0.6,0.590307951,5.27,3.828096628,5.27,4.154119492,5.27,4.161733627,5.27,4.492899418,0.56,0.682240486,0.56,0.701410174,0.56,0.833159089,0.56,0.633405685,5.27,3.975168943,5.27,4.142424107,5.27,4.295844078,5.27,4.620277882,1.42,1.753356576,1.42,1.569473624,1.42,1.553005695,1.42,1.419282913,0.95,1.086302757,0.95,0.913371921,0.95,0.949848592,0.95,0.92901516,0.7,0.758713841,0.7,0.485713691,0.7,1.090437293,0.7,0.931668103,0.95,1.008609772,0.95,1.037363291,0.95,1.002857685,0.95,0.931589901,4.52,4.386121273,4.52,4.456088543,4.52,4.460536003,4.52,4.660186768,0.95,1.050754905,0.95,0.867825866,0.95,1.058461547,0.95,0.980418861,6.06,6.290772438,6.06,6.506417274,6.06,7.108836174,6.06,6.638456821,0.95,0.988520861,0.95,0.882894397,0.95,0.934281588,0.95,0.918531954,7.62,7.966530323,7.62,7.776798725,7.62,7.919492722,7.62,8.366446495,6.6,7.332828522,6.6,7.227002144,6.6,7.698034286,6.6,7.37553215,1.88,1.676579952,1.88,1.83737576,1.88,1.857123137,1.88,1.765039444,7.94,5.592161179,7.94,5.288355827,7.94,5.936343193,7.94,5.768973351,3.37,3.465832949,3.37,3.466265678,3.37,3.458812237,3.37,3.55645895,1.63,1.584416866,1.63,1.67463696,1.63,1.851814032,1.63,1.702377319,0.64,0.646020651,0.64,0.667644858,0.64,0.679382801,0.64,0.386045277,3.12,3.0034163,3.12,2.851264238,3.12,3.171414852,3.12,3.03189826,1.93,2.154849768,1.93,1.662778735,1.93,2.126245022,1.93,1.897335529,0.93,0.418615699,0.93,0.576939225,0.93,0.853030205,0.93,0.56243819,0.73,0.933155537,0.73,0.808374763,0.73,0.94776988,0.73,0.936960042,4.35,4.406020641,4.35,4.430725574,4.35,4.326747894,4.35,4.196202755,6.15,6.19771862,6.15,6.201359272,6.15,6.561597824,6.15,5.991889,0.95,0.956114054,0.95,1.06147182,0.95,0.949823141,0.95,1.020294666,4.75,4.948633671,4.75,4.593155861,4.75,5.138092995,4.75,5.296812534,2.62,2.495537043,2.62,2.374898911,2.62,2.356766701,2.62,3.007548332,0.64,0.51969409,0.64,0.369721264,0.64,0.631054401,0.64,0.444925129,8.6,9.063719749,8.6,8.79854393,8.6,9.263277054,8.6,8.922643661,0.94,0.913905859,0.94,0.885437846,0.94,0.910753489,0.94,0.838196754,0.95,0.923617363,0.95,1.057691932,0.95,1.098353267,0.95,0.991171718,0.69,0.829807758,0.69,0.83518827,0.69,0.723276138,0.69,0.708453119,1.88,1.934693098,1.88,1.551543355,1.88,1.83518219,1.88,1.696143627,4.1,4.104816914,4.1,3.803279161,4.1,3.957747936,4.1,4.276515007,0.95,1.016834855,0.95,0.90423882,0.95,0.957096219,0.95,0.926438332,6.64,6.563498974,6.64,6.266654968,6.64,6.460820198,6.64,6.62860918,1.49,1.840539098,1.49,1.469590545,1.49,1.714725971,1.49,1.567023277,5.73,6.366955757,5.73,6.309781075,5.73,6.301085472,5.73,6.313356876,0.95,1.000128984,0.95,0.93518424,0.95,1.006536484,0.95,0.929552555,0.59,0.52714777,0.59,0.623286605,0.59,0.760001957,0.59,0.561698854,2.8,3.298538208,2.8,2.986017942,2.8,3.600069284,2.8,3.313992977,0.64,0.460463256,0.64,0.49153313,0.64,0.611150026,0.64,0.521677554,3.18,2.968862534,3.18,2.576871634,3.18,2.921289682,3.18,2.892551184,0.68,0.802823544,0.68,0.650241733,0.68,0.902665019,0.68,1.283792257,6.1,5.946604729,6.1,6.161935806,6.1,6.377555847,6.1,5.87127161,4.39,4.515955925,4.39,4.525895119,4.39,4.488246918,4.39,4.550130844,0.95,1.027943015,0.95,0.910790563,0.95,1.00174284,0.95,0.971675456,3.04,2.806810617,3.04,2.58577323,3.04,2.833452463,3.04,3.174459457,0.95,0.987372041,0.95,0.902296603,0.95,0.960680008,0.95,0.926005781,6.48,6.220035553,6.48,6.035367012,6.48,6.184962273,6.48,6.743718147,0.93,0.138730854,0.93,0.757686019,0.93,0.748894811,0.93,0.697876513,4.85,4.93294239,4.85,4.672940254,4.85,5.060854912,4.85,4.619311333,4.8,5.20720768,4.8,5.14264679,4.8,5.50733757,4.8,5.70506382,0.73,0.928827167,0.73,1.012931705,0.73,0.995661736,0.73,0.931655109,8.02,7.950980186,8.02,8.253973961,8.02,8.142841339,8.02,8.258719444,0.86,0.854470491,0.86,0.459692329,0.86,0.969527245,0.86,0.672466695,0.95,0.98159039,0.95,0.901548743,0.95,0.930783987,0.95,0.925134242,0.73,1.090690613,0.73,1.416134834,0.73,1.310135365,0.73,1.358024597,6.06,6.070770264,6.06,5.720074654,6.06,6.155919075,6.06,6.078004837,0.6,0.46021238,0.6,0.72735405,0.6,0.69230926,0.6,0.563257396,0.88,1.335574508,0.88,1.02823627,0.88,1.27092123,0.88,1.163314819,4.36,5.544366837,4.36,5.404850483,4.36,5.645904541,4.36,5.321777344,0.7,1.108025551,0.7,0.941071868,0.7,1.137424469,0.7,1.062105179,3.6,3.493396521,3.6,3.262754679,3.6,3.441554546,3.6,3.8383286,5.27,4.313443661,5.27,4.168390751,5.27,4.516430855,5.27,4.373576164,0.84,0.929344177,0.84,0.783883452,0.84,1.057227373,0.84,0.812923014,0.95,0.949204206,0.95,0.827342451,0.95,1.001067162,0.95,1.010885239,3.37,3.36742115,3.37,3.218583345,3.37,3.287843227,3.37,3.376243114,0.56,1.036661029,0.56,1.278492808,0.56,0.954233527,0.56,1.041725039,6.48,6.17383194,6.48,5.813637257,6.48,6.157744408,6.48,6.608855247,3.12,3.211186409,3.12,3.288642883,3.12,3.454802752,3.12,3.352601767,6.48,6.195524216,6.48,5.807842255,6.48,6.148686409,6.48,6.621603012,0.76,0.798491716,0.76,0.671283603,0.76,0.845607638,0.76,0.833822131,0.77,1.05291748,0.77,1.13529551,0.77,0.764224112,0.77,0.77989763,8,7.687300682,8,7.5294981,8,7.99674511,8,7.564425468,4.39,4.491109848,4.39,4.423184395,4.39,4.447181702,4.39,4.515954494,0.95,1.544547081,0.95,1.316970706,0.95,1.171034098,0.95,0.999267459
7.62,4.909584045,7.62,5.265973568,7.62,6.423936844,7.62,6.198924065,0.7,1.263279915,0.7,0.798812866,0.7,2.118789673,0.7,1.045575142,6.47,5.118774414,6.47,5.433279991,6.47,6.798041344,6.47,6.274560928,2.12,5.94422102,2.12,4.287797451,2.12,3.730530977,2.12,4.380138397,0.8,0.883301616,0.8,0.613141179,0.8,0.745703816,0.8,0.583016217,0.95,0.831890702,0.95,0.983626246,0.95,0.848240197,0.95,0.938555658,3.64,3.526695967,3.64,3.947509527,3.64,3.751660585,3.64,3.947866201,5,5.741109371,5,5.718702793,5,6.940494537,5,7.073662758,4.52,4.462569714,4.52,4.368233681,4.52,4.483597755,4.52,4.416605949,2.93,4.172052383,2.93,3.522843122,2.93,3.251479149,2.93,3.31642437,2.16,2.125550508,2.16,2.122830629,2.16,1.774930716,2.16,2.393340111,0.95,0.981794357,0.95,0.835988283,0.95,0.841134727,0.95,0.898064017,2.16,2.221847057,2.16,2.056452513,2.16,1.773188353,2.16,2.141074419,2.12,1.546695948,2.12,2.296638727,2.12,1.882906556,2.12,1.50151372,4.02,3.865097046,4.02,4.141099453,4.02,4.109414577,4.02,3.791514874,8,7.808953285,8,6.980755329,8,7.544993401,8,7.446659088,0.84,1.032738805,0.84,0.864332318,0.84,1.008267999,0.84,0.999936461,7.1,5.187582493,7.1,5.223398685,7.1,5.34796524,7.1,5.476890564,4.36,5.30591774,4.36,4.879700661,4.36,4.871761322,4.36,4.785876274,0.97,0.840978861,0.97,0.825737357,0.97,0.973085344,0.97,0.926586986,7.62,7.300992012,7.62,6.772226334,7.62,7.451260567,7.62,7.645773411,0.76,0.641113758,0.76,0.425441116,0.76,0.881013215,0.76,0.977294803,0.8,0.747964144,0.8,0.806059718,0.8,1.091379166,0.8,0.804404974,1.88,1.981030226,1.88,1.738406181,1.88,1.918629408,1.88,1.730705261,0.67,0.638975501,0.67,0.651788592,0.67,0.685166597,0.67,0.727408051,1.49,1.723697424,1.49,1.556460857,1.49,1.794889688,1.49,1.612725735,0.86,0.920900106,0.86,0.461733788,0.86,1.012839079,0.86,0.67264384,0.95,1.362722278,0.95,0.765375614,0.95,0.928407252,0.95,0.856134057,0.87,0.943764687,0.87,0.883032203,0.87,0.914950371,0.87,0.92098552,0.7,1.337771535,0.7,1.254254937,0.7,1.062201262,0.7,0.920389771,9.45,7.942235947,9.45,7.618842125,9.45,8.18050766,9.45,8.645414352,0.95,1.116320372,0.95,0.778890491,0.95,1.084580302,0.95,1.032160997,7.62,6.740646362,7.62,6.596053123,7.62,6.879259109,7.62,6.985219002,0.88,0.788449645,0.88,0.889625907,0.88,1.070726752,0.88,1.07013917,0.69,0.507159948,0.69,0.847416759,0.69,0.870651722,0.69,0.743204296,1.3,2.459150791,1.3,2.228103876,1.3,2.060003996,1.3,1.975940228,3.75,4.14087534,3.75,4.083304405,3.75,4.008316994,3.75,4.156546116,4.8,5.559502125,4.8,5.260211945,4.8,5.500371933,4.8,5.854005814,4.39,4.703345299,4.39,4.506206036,4.39,4.47506237,4.39,4.617053032,0.95,0.966703057,0.95,0.960299373,0.95,0.93795079,0.95,0.922411025,0.85,0.75824523,0.85,0.553397179,0.85,1.117634296,0.85,0.807645082,6.47,6.008654594,6.47,5.838721275,6.47,5.956672668,6.47,5.873725891,4.88,5.134092331,4.88,5.250115871,4.88,4.968700409,4.88,4.83873558,2.8,3.238250732,2.8,3.077409506,2.8,3.463685513,2.8,3.51580286,0.85,0.743749619,0.85,0.622218847,0.85,1.12487185,0.85,0.837370813,0.95,0.964061975,0.95,0.957659602,0.95,0.941412926,0.95,0.922147274,0.6,0.572914839,0.6,0.627259254,0.6,0.557579279,0.6,0.613108575,5.1,4.755743504,5.1,4.58424902,5.1,4.897920609,5.1,5.075321198,0.75,0.747422695,0.75,0.586385131,0.75,0.947861433,0.75,0.763703227,7.89,8.021668434,7.89,8.014882088,7.89,7.562660217,7.89,7.839612007,0.85,0.790270805,0.85,0.741973042,0.85,1.013932228,0.85,0.985213161,0.95,1.009437084,0.95,0.932007909,0.95,1.007555842,0.95,0.930544972,3.64,4.059268951,3.64,3.568883896,3.64,3.894607306,3.64,4.131257057,7.39,7.752318382,7.39,7.622653484,7.39,7.175014496,7.39,7.530603409,2.16,2.223582029,2.16,2.232849598,2.16,2.256756306,2.16,2.285330057,0.95,0.999614239,0.95,0.947708726,0.95,0.945098281,0.95,1.056721926,0.64,0.45010373,0.64,0.453360885,0.64,0.617283344,0.64,0.490549266,8.6,9.050314903,8.6,8.940900803,8.6,9.056124687,8.6,9.000826836,3.37,3.243761778,3.37,3.179038286,3.37,3.369223833,3.37,3.141916037,6.12,5.926109314,6.12,5.693655968,6.12,5.824549675,6.12,6.050360203,1.63,1.954903603,1.63,1.795890689,1.63,1.931307077,1.63,1.792652607,0.95,0.954290152,0.95,0.997282386,0.95,1.092568398,0.95,1.019683003,3.37,3.247145414,3.37,3.18729949,3.37,3.41077137,3.37,3.271004915,0.95,0.806621552,0.95,0.91621232,0.95,1.04275775,0.95,0.878675997,0.75,0.710508943,0.75,0.608906627,0.75,0.726090193,0.75,0.736284614,0.95,0.942994475,0.95,0.8738603,0.95,0.984685659,0.95,1.0152421,4.4,4.461361408,4.4,4.50028038,4.4,4.484048843,4.4,4.520299435,7.44,7.841506958,7.44,7.954318047,7.44,7.905877113,7.44,7.883647442,0.86,0.916018486,0.86,0.380984157,0.86,0.978633583,0.86,0.651777923,2.12,1.948892236,2.12,1.746405005,2.12,2.243749142,2.12,2.205914259,0.6,0.649110913,0.6,0.726653099,0.6,0.606086969,0.6,0.512329996,2.93,2.649728537,2.93,2.554166317,2.93,2.853891373,2.93,3.037645102,0.75,0.641986132,0.75,0.471328586,0.75,0.677015543,0.75,0.705636084,1.63,2.101961613,1.63,1.55376184,1.63,1.723614097,1.63,1.637788296,0.8,0.766570091,0.8,0.595160127,0.8,0.874891639,0.8,1.052794695,2.93,2.66684103,2.93,2.465272427,2.93,2.793836355,2.93,3.006180048,3.64,3.801710367,3.64,3.512215137,3.64,3.736747026,3.64,4.061809063,8.39,8.384992599,8.39,8.273674011,8.39,8.310743332,8.39,8.334908485,5.73,6.09409523,5.73,6.051047802,5.73,6.287586212,5.73,6.269570827,0.95,0.932813644,0.95,0.841950953,0.95,0.996067524,0.95,1.012194872,1.05,1.037475824,1.05,1.105409026,1.05,1.126892567,1.05,0.898387849,0.95,1.076804399,0.95,0.954304099,0.95,1.027006388,0.95,0.947604418,1.63,1.909008503,1.63,1.849257827,1.63,2.015567541,1.63,1.759075403,6.5,6.516649723,6.5,6.370285034,6.5,6.515732765,6.5,6.666710377,3.95,4.317240715,3.95,4.179163933,3.95,4.206580162,3.95,3.969694853,0.95,0.958516359,0.95,0.936220288,0.95,1.128118396,0.95,0.896059275,7.62,6.416735649,7.62,6.28103447,7.62,6.45144558,7.62,6.54577446,9.7,9.100737572,9.7,9.23402977,9.7,9.253085136,9.7,9.453735352,4.36,5.556144714,4.36,5.426280499,4.36,5.558489799,4.36,5.31684494,3.62,4.010139465,3.62,3.444770098,3.62,3.904930353,3.62,4.50729847,0.77,0.884622097,0.77,1.085316658,0.77,0.76940006,0.77,0.955986679,0.95,0.930643559,0.95,0.812863648,0.95,1.009092808,0.95,1.010183454,6.47,6.75343895,6.47,6.467641354,6.47,6.497528076,6.47,6.358820915,1.1,1.076419115,1.1,1.012885928,1.1,0.848473251,1.1,1.216443062,1.88,2.024079323,1.88,1.883339405,1.88,2.018487692,1.88,1.919279575,0.95,0.993249655,0.95,0.932856441,0.95,0.805952311,0.95,0.953728795,0.67,0.685008526,0.67,0.688071132,0.67,0.714618444,0.67,0.60327214,0.88,1.17087996,0.88,1.344797015,0.88,1.219003677,0.88,1.316932917,6.06,6.619383335,6.06,6.44777441,6.06,6.457100868,6.06,6.490176201,0.95,0.930297375,0.95,0.821168244,0.95,1.029888153,0.95,1.007195115
4.4,4.249033928,4.4,4.318378448,4.4,4.542481422,4.4,4.188549519,5.1,4.739173412,5.1,4.958877087,5.1,4.739661217,5.1,4.636639118,6.15,5.619610786,6.15,5.890342712,6.15,6.678264618,6.15,6.071960449,0.95,0.811216831,0.95,1.029827952,0.95,1.073971152,0.95,1.032476544,0.56,-0.540602207,0.56,0.579139709,0.56,0.622835517,0.56,0.884578824,7.39,6.783353806,7.39,5.38904953,7.39,6.924068451,7.39,6.570474625,0.69,0.600295544,0.69,0.788084924,0.69,0.768328786,0.69,0.822493017,8.6,2.529776096,8.6,2.037637949,8.6,1.913910747,8.6,2.501832724,7.62,6.854335785,7.62,5.713672161,7.62,7.683573723,7.62,7.284061432,0.95,1.418589354,0.95,0.965614915,0.95,0.9767344,0.95,1.11212945,0.86,0.601622224,0.86,0.559165478,0.86,0.886620522,0.86,0.917248547,0.95,1.219258428,0.95,1.274618745,0.95,1.066306233,0.95,1.133014679,6.47,6.788199902,6.47,6.485997677,6.47,7.420325279,6.47,6.634552956,6.06,6.621711731,6.06,5.906867027,6.06,6.586608887,6.06,7.62942028,7.62,7.612570763,7.62,6.705302715,7.62,7.657968521,7.62,7.608313084,0.95,1.052756786,0.95,0.884540439,0.95,0.935865819,0.95,0.928908825,4.1,4.985534668,4.1,4.879173279,4.1,5.29563427,4.1,4.635286331,8,7.567903519,8,7.353496075,8,7.440556526,8,7.362214088,6.64,6.295278549,6.64,5.509839058,6.64,6.077098846,6.64,6.295527935,3.12,2.385394812,3.12,3.003541231,3.12,2.306062698,3.12,2.330807447,1.88,1.895575523,1.88,2.01275897,1.88,1.913636684,1.88,1.895256996,2.8,3.469293833,2.8,3.994331121,2.8,3.696824312,2.8,4.08038044,4.75,4.77869606,4.75,4.289363861,4.75,4.725575447,4.75,4.568623543,0.95,1.29169488,0.95,0.571238875,0.95,0.895323753,0.95,0.848961234,3.37,3.526488066,3.37,3.358193636,3.37,3.893007517,3.37,3.749761105,6.8,6.317394733,6.8,7.148673058,6.8,6.771094322,6.8,7.074838161,0.7,0.582178593,0.7,0.658572555,0.7,0.790429056,0.7,0.630425513,0.95,0.993493319,0.95,1.041326284,0.95,1.005903482,0.95,0.931632876,1.88,1.935324311,1.88,2.139386892,1.88,1.887536287,1.88,1.65375495,2.62,3.073945999,2.62,2.940168142,2.62,2.714853764,2.62,2.725141287,4.4,4.349807262,4.4,4.433486938,4.4,4.458265305,4.4,4.653231144,9.7,8.335336685,9.7,9.137960434,9.7,9.239248276,9.7,9.107397079,7.62,6.740646362,7.62,6.596053123,7.62,6.879259109,7.62,6.985219002,0.95,0.925867915,0.95,0.852698207,0.95,0.937114954,0.95,1.016028166,3.95,4.021642685,3.95,4.410176754,3.95,3.938460827,3.95,3.939167261,0.95,0.993849874,0.95,0.965068698,0.95,1.000345707,0.95,0.931055069,6.06,6.592646599,6.06,6.555457592,6.06,7.07544136,6.06,6.708017349,0.95,1.114274383,0.95,0.900013804,0.95,1.113135934,0.95,1.033400774,0.73,1.204388738,0.73,1.165362716,0.73,1.125326514,0.73,1.321432352,0.95,1.005411863,0.95,0.898407817,0.95,1.005443811,0.95,0.999592841,3.6,3.480944157,3.6,3.029311895,3.6,3.432040215,3.6,3.687963009,0.95,1.024496436,0.95,1.034733772,0.95,0.905952513,0.95,0.971461892,4.02,4.076589108,4.02,3.951952696,4.02,4.115532398,4.02,4.295896053,0.6,0.725038826,0.6,0.840225816,0.6,0.917266428,0.6,0.948595822,7.62,6.721868038,7.62,7.070912361,7.62,6.409866333,7.62,6.470696449,0.95,1.06573391,0.95,0.898073912,0.95,1.067810535,0.95,1.0105474,7.62,6.647199154,7.62,6.937501431,7.62,6.47982502,7.62,6.42206955,1.3,2.424915552,1.3,2.194089174,1.3,2.082887173,1.3,2.299506664,0.81,0.858313441,0.81,0.832134128,0.81,0.890427589,0.81,0.828411639,5.98,5.866077423,5.98,5.919176102,5.98,6.189433098,5.98,6.512283802,0.84,0.900784254,0.84,0.802432895,0.84,1.014687777,0.84,0.954104722,3.62,3.690669298,3.62,3.436176777,3.62,3.781379461,3.62,3.78656745,1.42,1.653533578,1.42,1.66847527,1.42,1.575904369,1.42,1.720863819,0.95,0.904237986,0.95,0.961221814,0.95,0.9405303,0.95,0.962290406,6.64,6.539865494,6.64,6.283905983,6.64,6.515006065,6.64,6.502830505,0.95,0.922156453,0.95,0.977876782,0.95,1.030143261,0.95,0.882427216,4.38,4.530986309,4.38,4.511598587,4.38,4.478417397,4.38,4.529837132,8,7.870839119,8,7.813529968,8,7.514316559,8,7.905310631,4.36,5.541134357,4.36,5.306056976,4.36,5.335496902,4.36,5.09074831,0.95,0.979340076,0.95,0.809987903,0.95,1.046475768,0.95,0.968123853,3.6,3.66728878,3.6,3.454417944,3.6,3.531826735,3.6,3.870778561,0.95,0.909098864,0.95,0.755433917,0.95,1.049467325,0.95,0.914559484,0.59,0.52714777,0.59,0.623286605,0.59,0.760001957,0.59,0.561698854,6.47,5.920801163,6.47,5.857450962,6.47,6.37523365,6.47,6.119846344,4.1,3.977983713,4.1,3.661447287,4.1,3.86339879,4.1,4.318459511,8.4,8.648423195,8.4,8.995595932,8.4,8.475432396,8.4,8.616621017,4.39,4.506865501,4.39,4.52915144,4.39,4.486318588,4.39,4.543751717,3.18,2.939160824,3.18,2.573084831,3.18,2.899596453,3.18,2.870493412,0.77,0.854870319,0.77,0.920231342,0.77,0.94437325,0.77,0.888745725,0.95,0.986251712,0.95,0.938684344,0.95,0.948590517,0.95,0.943977356,0.73,0.918010116,0.73,1.074885726,0.73,0.988029242,0.73,0.873814464,3.12,3.768274069,3.12,2.836776018,3.12,3.268473387,3.12,3.492007494,4.51,4.390049458,4.51,4.427967548,4.51,4.48491478,4.51,4.488621712,3.37,3.648151159,3.37,2.805210829,3.37,3.169254065,3.37,3.372716904,4.88,5.019130707,4.88,4.766505241,4.88,5.145655632,4.88,4.703781128,0.95,1.043063283,0.95,1.011134744,0.95,0.975591183,0.95,0.922108531,0.69,0.784763813,0.69,0.710501552,0.69,0.623866558,0.69,0.737273276,8,7.614659786,8,7.572048664,8,7.655889511,8,7.763961315,0.73,1.115026832,0.73,1.404080033,0.73,1.334933639,0.73,1.355056524,0.95,1.030026436,0.95,0.899424791,0.95,1.098889351,0.95,1.001097441,0.84,0.938444614,0.84,0.892166018,0.84,1.03082943,0.84,0.870107651,3.2,4.087046623,3.2,3.721649885,3.2,4.660020828,3.2,4.357292652,0.87,0.918879628,0.87,1.093662143,0.87,0.850498199,0.87,0.781078756,0.95,1.01416719,0.95,0.974599242,0.95,0.961276412,0.95,0.946430266,2.72,2.195534468,2.72,2.296353102,2.72,2.271733284,2.72,2.276464701,0.88,1.313934207,0.88,1.074260592,0.88,1.277109623,0.88,1.187025785,6.15,6.197733402,6.15,5.938812256,6.15,5.934257507,6.15,6.059557915,1.63,2.09828949,1.63,2.003111362,1.63,1.727806091,1.63,1.728311777,1.63,1.975398421,1.63,1.871620536,1.63,2.025170326,1.63,1.815721035,0.95,0.916851044,0.95,0.643214583,0.95,1.03725338,0.95,0.942302763,6.06,6.693918228,6.06,6.42549181,6.06,6.457342148,6.06,6.35096693,6.5,6.792534828,6.5,6.695835114,6.5,6.669948578,6.5,6.9868083,4.85,5.048036098,4.85,4.928435802,4.85,4.86128521,4.85,4.706285954,5.98,6.649568081,5.98,5.939664364,5.98,5.657744408,5.98,6.015381813,3.64,3.78082633,3.64,3.527332306,3.64,3.707446575,3.64,4.190468788,5.27,5.995884418,5.27,5.601710796,5.27,6.034944534,5.27,5.807390213,4.36,5.614782333,4.36,5.562699795,4.36,5.526777267,4.36,5.424721241,2.8,3.519433737,2.8,3.595844746,2.8,3.657387495,2.8,3.587539196,0.73,1.046275377,0.73,0.377667278,0.73,1.113043547,0.73,0.983730018,0.95,1.201965094,0.95,0.996094584,0.95,1.058049202,0.95,0.928322434
0.77,-0.225155622,0.77,1.077857375,0.77,0.90259552,0.77,0.416285455,3.64,3.732331038,3.64,3.099667788,3.64,3.592794895,3.64,3.085734129,1.49,1.311329365,1.49,1.848694324,1.49,2.084102631,1.49,1.989910126,0.95,0.799507499,0.95,0.992384791,0.95,1.044329882,0.95,1.028937697,4.39,4.752978325,4.39,4.32951355,4.39,4.556177139,4.39,4.578264236,7.1,5.985834599,7.1,5.799932003,7.1,6.243305206,7.1,6.199736595,2.16,2.459015846,2.16,2.553515196,2.16,2.202187061,2.16,2.417938232,0.95,1.001478314,0.95,1.019845843,0.95,1.089082241,0.95,0.962875068,2.16,2.109306097,2.16,2.278202534,2.16,1.934929848,2.16,2.462059259,3.62,3.647492647,3.62,3.324490786,3.62,3.276108027,3.62,3.531742334,0.7,0.667183638,0.7,0.415337771,0.7,0.726818085,0.7,0.995137632,0.95,0.941246986,0.95,0.961651683,0.95,0.959926844,0.95,0.882681906,6.47,5.239470482,6.47,5.56795454,6.47,5.769399643,6.47,5.199738503,6.8,6.078486443,6.8,6.718773842,6.8,6.941968918,6.8,6.49853611,0.6,0.615363836,0.6,0.443443626,0.6,0.770927906,0.6,0.438795447,8,7.808953285,8,6.980755329,8,7.544993401,8,7.446659088,0.64,0.694659591,0.64,0.299709886,0.64,0.438996077,0.64,0.393619478,0.95,1.0062567,0.95,0.822358489,0.95,1.062373638,0.95,0.89528507,0.86,0.733597994,0.86,0.57426405,0.86,0.966739416,0.86,0.792040408,0.95,1.052266717,0.95,0.855540276,0.95,1.033565044,0.95,0.903612018,0.84,1.080018163,0.84,0.857239485,0.84,1.036619067,0.84,0.914154708,0.95,0.740218639,0.95,0.774824619,0.95,1.115703821,0.95,0.867582023,3.04,2.708967686,3.04,2.960678339,3.04,3.236614943,3.04,3.122490883,3.12,2.378535271,3.12,2.831155777,3.12,2.396016836,3.12,2.416884422,1.88,1.885163665,1.88,2.143987894,1.88,2.022316456,1.88,1.723110199,0.95,0.877323866,0.95,1.166990876,0.95,0.928347111,0.95,1.030767322,0.84,0.983609676,0.84,0.795615435,0.84,1.024508715,0.84,0.841542542,7.1,6.36113596,7.1,5.959943771,7.1,6.696465492,7.1,6.788125992,0.84,0.951694965,0.84,0.789731503,0.84,1.008544207,0.84,0.828239024,3.62,3.388016462,3.62,3.503605843,3.62,3.586990356,3.62,3.742966652,6.48,6.338566303,6.48,5.820868492,6.48,6.251784325,6.48,6.520841599,0.95,0.991154909,0.95,0.999112606,0.95,1.007692337,0.95,0.931444168,0.64,0.587218523,0.64,0.816058993,0.64,0.747763634,0.64,0.350586355,8.02,7.711968899,8.02,8.225517273,8.02,8.870679855,8.02,8.992053986,3.04,2.932347059,3.04,2.714701414,3.04,3.006117582,3.04,2.932439804,2.62,2.867034197,2.62,2.644062519,2.62,2.477666378,2.62,2.919687748,0.85,0.802584767,0.85,0.507704258,0.85,1.085262537,0.85,0.816342771,4.2,4.30899334,4.2,4.460999012,4.2,4.63643074,4.2,4.563018322,3.64,3.943502903,3.64,3.402859926,3.64,3.807820797,3.64,4.05140686,0.95,0.993960619,0.95,0.889871478,0.95,0.940869093,0.95,0.927244723,1.63,1.667935729,1.63,1.694208264,1.63,1.848564506,1.63,1.713170052,0.95,1.014801383,0.95,0.878168225,0.95,1.041044354,0.95,1.043772936,0.6,0.806715131,0.6,0.502950668,0.6,0.82956028,0.6,0.854306459,3.12,3.004337788,3.12,2.793284416,3.12,3.193885088,3.12,2.989989996,6.64,6.514252186,6.64,6.404652596,6.64,6.368778229,6.64,6.340986252,0.97,1.003803134,0.97,1.258800507,0.97,1.303076744,0.97,1.143069386,3.6,3.467410803,3.6,2.972245932,3.6,3.542495251,3.6,3.623377085,0.95,1.067634463,0.95,0.904706836,0.95,1.09915936,0.95,0.941464245,1.93,1.955343246,1.93,1.630532622,1.93,2.098868132,1.93,1.982651234,6.06,6.195828915,6.06,6.393437862,6.06,6.354464531,6.06,6.148555756,2.72,2.220828295,2.72,2.29550004,2.72,2.351477385,2.72,2.221711397,6.06,6.143494129,6.06,6.337870598,6.06,6.373074532,6.06,6.163586617,4.36,5.41879797,4.36,5.268928051,4.36,5.273301125,4.36,5.015071869,0.88,0.968629956,0.88,1.035967708,0.88,1.143011093,0.88,0.918890655,4.52,4.347177982,4.52,4.412034988,4.52,4.469449997,4.52,4.450753212,0.95,0.948840737,0.95,0.974972725,0.95,0.953768969,0.95,1.019108772,6.47,6.620196819,6.47,6.707805634,6.47,6.585945129,6.47,6.509910583,6.8,6.986270905,6.8,7.316133976,6.8,7.031427383,6.8,6.879017353,0.67,0.68386054,0.67,0.877495646,0.67,1.007254839,0.67,0.761283338,6.06,6.027585983,6.06,6.068445206,6.06,6.398159981,6.06,6.196427822,0.7,0.843083143,0.7,0.701187968,0.7,0.931924999,0.7,1.249689341,4.8,5.16964817,4.8,5.297668457,4.8,5.39336586,4.8,5.817304611,4.4,4.455025673,4.4,4.493030548,4.4,4.480419159,4.4,4.509886265,5.27,4.106602192,5.27,4.157160759,5.27,4.379206657,5.27,4.387368679,6.06,6.413116932,6.06,6.353288174,6.06,6.681275368,6.06,6.399817467,0.86,0.699386835,0.86,0.585223556,0.86,0.973499298,0.86,1.295722246,3.6,3.677496195,3.6,3.302222013,3.6,3.505040884,3.6,3.862407207,7.89,7.845596313,7.89,7.831962585,7.89,7.66697979,7.89,7.744501114,4.4,4.475004196,4.4,4.499915123,4.4,4.486205101,4.4,4.52902317,6.6,7.062527657,6.6,7.026930809,6.6,7.00561142,6.6,7.397890568,3.37,3.288024187,3.37,3.136998177,3.37,3.461805344,3.37,3.342139721,0.95,0.925891876,0.95,0.878794551,0.95,0.963858843,0.95,1.010821342,0.93,1.045636892,0.93,1.348686099,0.93,1.176050901,0.93,1.113602161,0.6,1.010754585,0.6,0.861853361,0.6,0.828629315,0.6,0.732359231,6.06,6.629184246,6.06,6.426714897,6.06,6.613685608,6.06,6.588884354,3.64,3.442397356,3.64,2.828509808,3.64,3.311848879,3.64,3.496778965,4.88,4.911928654,4.88,4.75383091,4.88,5.106566429,4.88,4.651571274,2.62,2.149958134,2.62,2.500875473,2.62,2.716361523,2.62,2.905674219,0.7,0.631967664,0.7,0.810251832,0.7,0.801268339,0.7,0.671384037,7.89,7.927264214,7.89,7.672485352,7.89,7.892839432,7.89,7.790625095,0.6,0.938563108,0.6,0.789806008,0.6,1.083699584,0.6,1.092721224,0.95,1.007815599,0.95,0.984592795,0.95,0.943771005,0.95,0.94297874,4.42,4.575051308,4.42,4.500226021,4.42,4.50043869,4.42,4.592439175,0.95,1.091298103,0.95,0.891663909,0.95,0.970571756,0.95,0.940514982,7.62,7.728354454,7.62,7.610797405,7.62,7.890303612,7.62,8.28573513,6.6,6.952419758,6.6,7.012149811,6.6,7.204875946,6.6,7.111290932,0.81,0.829067707,0.81,1.038811564,0.81,0.942775011,0.81,0.790642202,0.95,0.704621196,0.95,0.847126484,0.95,1.148981571,0.95,1.054255486,4.36,5.556144714,4.36,5.426280499,4.36,5.558489799,4.36,5.31684494,8.6,8.49406147,8.6,8.512494087,8.6,8.730949402,8.6,8.67822361,2.72,2.372447252,2.72,2.31526494,2.72,2.1769526,2.72,2.266974211,0.95,0.974484086,0.95,0.925932765,0.95,0.955501318,0.95,0.96010989,0.81,0.865363002,0.81,1.072350383,0.81,1.016155005,0.81,0.789386213,2.93,2.91874671,2.93,2.510858774,2.93,2.747307777,2.93,3.036906481,4.01,4.176742554,4.01,3.864163876,4.01,4.238937378,4.01,4.846118927,5.98,6.696061134,5.98,5.999127388,5.98,5.637115479,5.98,6.008187294,1.63,2.083114147,1.63,1.987618327,1.63,2.055618763,1.63,2.001284361,3.64,3.448558092,3.64,2.950238466,3.64,3.260697365,3.64,3.927638292,1.42,1.988525152,1.42,1.88699913,1.42,1.596753478,1.42,1.524161816,5.9,5.39575243,5.9,5.861989021,5.9,6.41408062,5.9,6.184558392
4.75,4.832101822,4.75,4.258960724,4.75,5.116625786,4.75,5.201449394,0.95,1.549154639,0.95,0.959424138,0.95,2.307312727,0.95,1.867201567,6.47,4.701478481,6.47,5.839001656,6.47,5.515082359,6.47,5.43800354,4.35,7.278447628,4.35,5.630322933,4.35,5.271854401,4.35,5.775958538,6.06,6.21599102,6.06,6.280308723,6.06,6.757008553,6.06,6.407288551,1.49,1.463581085,1.49,1.460404515,1.49,1.374025822,1.49,1.317714691,3.04,2.825852871,3.04,3.285217047,3.04,3.305067539,3.04,3.32288599,3.37,3.464767218,3.37,3.74832201,3.37,3.765219927,3.37,3.697954655,0.94,0.889869392,0.94,0.958777308,0.94,1.035539389,0.94,0.913156748,5.27,3.450169325,5.27,3.496488094,5.27,3.67886734,5.27,3.475233555,4.5,4.519171238,4.5,4.377673149,4.5,4.478336334,4.5,4.427377224,0.95,1.026409745,0.95,0.947135806,0.95,1.05834651,0.95,0.935516775,0.85,0.861689091,0.85,0.566883028,0.85,0.796223998,0.85,0.947075546,5.1,5.675133228,5.1,5.591490746,5.1,5.096912384,5.1,5.006867409,1.05,1.290083766,1.05,0.868688464,1.05,1.20085144,1.05,0.906905293,0.97,0.641906261,0.97,0.816464126,0.97,0.578892767,0.97,0.923278153,0.7,0.723150969,0.7,0.544330359,0.7,0.796551108,0.7,0.498458624,8,7.567903519,8,7.353496075,8,7.440556526,8,7.362214088,0.67,0.619875431,0.67,0.600044608,0.67,0.619850397,0.67,0.700229049,0.9,0.745969176,0.9,1.364722133,0.9,0.928573787,0.9,1.549333572,1.05,1.202850938,1.05,0.834762931,1.05,1.063005686,1.05,0.878939152,0.95,1.01289928,0.95,0.870426059,0.95,0.932668567,0.95,0.927812874,1.49,1.651599526,1.49,1.8582021,1.49,1.722964048,1.49,1.490208864,1.1,1.089061499,1.1,1.128015399,1.1,1.637306929,1.1,1.187467337,3.37,3.526488066,3.37,3.358193636,3.37,3.893007517,3.37,3.749761105,0.82,0.748800039,0.82,1.122205973,0.82,0.764532864,0.82,0.898682356,0.69,0.524611473,0.69,0.708160758,0.69,0.573698759,0.69,0.516880095,6.1,6.203943253,6.1,6.612012863,6.1,7.029970169,6.1,6.070966721,4.75,4.664237022,4.75,4.459740639,4.75,4.927225113,4.75,4.932388306,4.8,5.105234623,4.8,5.149403095,4.8,5.748081207,4.8,5.716315746,0.69,0.525252342,0.69,0.754866481,0.69,0.723979473,0.69,0.61090517,2.12,2.095298529,2.12,2.335800409,2.12,2.398829222,2.12,2.233338118,6.15,6.109222889,6.15,6.060342312,6.15,6.62206459,6.15,6.219005585,8.6,8.688228607,8.6,8.366923332,8.6,9.702407837,8.6,9.289111137,7.62,6.717572689,7.62,6.659362316,7.62,6.685835838,7.62,7.067658424,0.95,1.043889403,0.95,1.009126782,0.95,1.011989832,0.95,0.931861281,4.1,4.29464674,4.1,4.06653595,4.1,4.49104023,4.1,4.434473991,1.63,1.566360116,1.63,1.708235741,1.63,1.860333443,1.63,1.721171141,0.73,1.049625993,0.73,0.801844001,0.73,0.942037821,0.73,0.946855605,6.6,7.3792696,6.6,7.130129814,6.6,7.49146843,6.6,7.248123169,6.47,6.371667385,6.47,6.388291836,6.47,6.648159027,6.47,6.376496315,5.27,4.263719082,5.27,4.57352972,5.27,4.403157234,5.27,4.782957077,0.73,1.244727015,0.73,1.205711484,0.73,1.103065491,0.73,1.261985064,8.71,7.797355652,8.71,8.109404564,8.71,7.586963654,8.71,7.651319504,4.01,4.318861008,4.01,3.919015646,4.01,4.495934486,4.01,4.663680553,0.95,0.950057268,0.95,0.874413848,0.95,1.008682132,0.95,1.063916683,4.01,4.299855709,4.01,3.897070169,4.01,4.55284977,4.01,4.634493351,0.86,1.057507873,0.86,0.76553607,0.86,0.796254277,0.86,1.363657236,2.72,2.196395397,2.72,2.266189814,2.72,2.352696657,2.72,2.16212678,0.9,0.871073127,0.9,0.992582917,0.9,1.195840716,0.9,0.888917387,6.15,6.040037155,6.15,6.026417732,6.15,6.370846748,6.15,5.888948441,0.95,0.988676906,0.95,0.881872058,0.95,0.947794318,0.95,0.926717103,6.47,6.243883133,6.47,6.219049931,6.47,6.56717205,6.47,6.097297668,7.1,5.329939365,7.1,5.585536003,7.1,5.504585266,7.1,5.946701527,4.32,4.575371742,4.32,4.5093503,4.32,4.479138374,4.32,4.550820351,0.95,0.913874149,0.95,1.001112461,0.95,0.949398756,0.95,1.015009642,0.84,0.972632885,0.84,0.62777245,0.84,0.981908202,0.84,0.807061493,5.27,4.097874165,5.27,4.189727783,5.27,4.338290215,5.27,4.447912693,6.48,6.337918282,6.48,6.042071819,6.48,6.232484818,6.48,6.450572968,3.62,3.692833662,3.62,3.482079506,3.62,3.739011288,3.62,3.755307198,0.64,0.430629462,0.64,0.500383258,0.64,0.612178087,0.64,0.532638609,1.49,1.850961685,1.49,1.46549809,1.49,1.707173586,1.49,1.53747344,0.93,1.051941872,0.93,1.234955192,0.93,1.105512857,0.93,1.084347367,3.2,4.146821499,3.2,4.147236824,3.2,4.348918915,3.2,4.438293934,4.5,4.505355835,4.5,4.533770084,4.5,4.484768867,4.5,4.5412817,0.95,0.976698875,0.95,0.856773496,0.95,1.001780033,0.95,0.97558558,2.72,2.457894564,2.72,2.274133682,2.72,2.454056501,2.72,2.341733217,1.04,1.20660913,1.04,1.01982379,1.04,1.069201946,1.04,1.013833523,1.05,1.033186913,1.05,1.20904243,1.05,1.133195877,1.05,0.99326849,8.02,7.917690754,8.02,8.417549133,8.02,8.108763695,8.02,8.214259148,6.47,6.407423973,6.47,6.305078983,6.47,6.617444038,6.47,6.483198643,8,7.654504776,8,7.648451805,8,7.579854012,8,7.870223522,4.85,4.970378399,4.85,4.638836384,4.85,5.041090012,4.85,4.629284859,2.93,2.656930447,2.93,2.508520126,2.93,2.822036505,2.93,3.020718336,0.75,0.638818502,0.75,0.460561603,0.75,0.664745331,0.75,0.697973907,5,5.77361393,5,5.85586977,5,6.218831062,5,6.243781567,4.1,3.801710367,4.1,3.512215137,4.1,3.736747026,4.1,4.061809063,3.2,4.085535049,3.2,3.80170846,3.2,4.574129105,3.2,4.356323242,0.87,0.775731564,0.87,1.070373416,0.87,0.853177071,0.87,0.802319109,8.39,8.437566757,8.39,8.258883476,8.39,8.327382088,8.39,8.357642174,3.04,2.847502708,3.04,2.6123209,3.04,2.886777878,3.04,3.100565672,2.8,3.531037569,2.8,3.28053689,2.8,3.5632267,2.8,3.406419516,0.85,0.839216232,0.85,0.63397491,0.85,0.911148608,0.85,1.062840462,6.06,6.135396957,6.06,5.728133678,6.06,6.147459984,6.06,6.039639473,6.06,6.618214607,6.06,6.408777714,6.06,6.457522392,6.06,6.402589798,8.6,8.494383812,8.6,8.637352943,8.6,8.715220451,8.6,8.723041534,4.88,4.964795589,4.88,4.83079195,4.88,4.915496826,4.88,4.637299061,0.82,0.842715263,0.82,0.480765671,0.82,0.696217299,0.82,1.035320282,7.62,6.399207115,7.62,6.2683568,7.62,6.42881012,7.62,6.512093544,6.6,6.945131779,6.6,7.000707626,6.6,7.273047447,6.6,7.056619644,0.59,0.750665665,0.59,0.82215488,0.59,0.523235083,0.59,0.639686644,1.04,1.050506592,1.04,0.83202827,1.04,1.121050358,1.04,1.62916255,5.73,6.107664585,5.73,6.009094715,5.73,6.130309105,5.73,6.102300644,0.95,0.544150829,0.95,0.775725842,0.95,1.054396272,0.95,1.129272699,3.6,3.50585556,3.6,3.264810324,3.6,3.44896841,3.6,3.917123318,9.7,9.036251068,9.7,9.131756783,9.7,9.397501945,9.7,9.583613396,1.88,2.043260098,1.88,1.945512891,1.88,2.018975735,1.88,1.957076311,0.95,0.932078362,0.95,0.780151963,0.95,0.955967903,0.95,1.027448297,7.62,7.788079262,7.62,7.382094383,7.62,7.823156357,7.62,8.198653221,2.12,1.774451375,2.12,2.461551905,2.12,2.235966921,2.12,2.273874998
0.75,0.487909526,0.75,0.004649498,0.75,0.697896481,0.75,0.751290143,0.95,0.642784119,0.95,0.885418296,0.95,1.398475409,0.95,1.040009856,0.81,0.793397009,0.81,1.017336726,0.81,1.226432562,0.81,0.792763174,3.12,2.570119143,3.12,4.640283585,3.12,3.443680286,3.12,3.456507921,1.63,1.666067839,1.63,2.096426964,1.63,2.489392996,1.63,1.946934462,0.95,1.73476541,0.95,1.544133067,0.95,1.322376966,0.95,1.088667393,4.51,4.315117836,4.51,4.356389523,4.51,4.488101959,4.51,4.398033142,5.27,3.136357546,5.27,3.884233236,5.27,3.405783653,5.27,3.178436756,4.31,4.790066719,4.31,4.356860638,4.31,4.519166946,4.31,4.563063145,0.95,0.719205976,0.95,0.778035045,0.95,0.873837292,0.95,0.918212295,7.62,7.072506905,7.62,6.2449193,7.62,7.579782486,7.62,7.267741203,0.95,1.023659945,0.95,0.955002666,0.95,0.964732051,0.95,1.022453547,4.36,5.16254282,4.36,4.923091412,4.36,4.872232437,4.36,4.735568047,0.88,0.566532373,0.88,0.84075582,0.88,0.542914867,0.88,0.681243837,6.06,6.63781929,6.06,6.765458107,6.06,7.167099953,6.06,6.69540453,8.39,7.505485535,8.39,7.743479729,8.39,7.832464218,8.39,7.127334595,3.64,3.954201937,3.64,3.665987968,3.64,3.537122488,3.64,3.403009892,7.94,5.087153435,7.94,5.273228168,7.94,5.225541115,7.94,5.287621975,6.47,5.401844025,6.47,5.629257202,6.47,5.589058876,6.47,5.722696781,0.95,1.026425362,0.95,0.882944942,0.95,0.933559299,0.95,0.928652883,0.77,0.649223089,0.77,0.943268657,0.77,0.915517092,0.77,0.891822815,0.95,1.136119127,0.95,0.855019093,0.95,1.088002205,0.95,1.029662609,0.7,0.60082531,0.7,0.620391548,0.7,0.821217835,0.7,0.839530587,0.95,1.012835741,0.95,0.88051784,0.95,0.933751225,0.95,0.928212464,2.79,2.377717257,2.79,2.566785097,2.79,2.693115473,2.79,2.475497723,0.95,1.01704061,0.95,0.864913106,0.95,1.0825876,0.95,0.94471693,1.63,1.867931008,1.63,2.11688447,1.63,1.812039614,1.63,1.535792112,0.95,1.004437089,0.95,0.880874515,0.95,0.934872866,0.95,0.927888215,0.64,0.565779805,0.64,0.764696002,0.64,0.8354038,0.64,0.278552949,6.12,5.705294609,6.12,5.679825783,6.12,6.431461334,6.12,6.01482296,3.64,3.643345118,3.64,3.886598587,3.64,3.981234789,3.64,4.091365814,0.95,1.061808467,0.95,1.063762784,0.95,1.017394304,0.95,0.932398558,7.62,7.955442429,7.62,7.702188492,7.62,7.96975708,7.62,8.430299759,0.95,1.103014231,0.95,0.737033725,0.95,0.975815773,0.95,0.922599673,1.05,1.13389945,1.05,0.862443805,1.05,1.064327478,1.05,0.954037189,0.95,1.001406908,0.95,0.912043214,0.95,1.007604599,0.95,0.977573752,4.39,4.69028759,4.39,4.530604362,4.39,4.475782394,4.39,4.638465881,0.95,1.118537664,0.95,0.679460406,0.95,0.930664539,0.95,0.922659457,2.16,2.116869926,2.16,2.171281099,2.16,2.192875862,2.16,2.112802982,3.75,3.75621748,3.75,3.619925022,3.75,3.750772238,3.75,4.172624111,4.88,5.208761215,4.88,5.371880531,4.88,4.94126606,4.88,4.963741302,6.6,7.373085022,6.6,7.129977703,6.6,7.387638092,6.6,7.223077774,0.69,0.529246092,0.69,0.603609681,0.69,0.659013033,0.69,0.748175979,0.95,0.948664308,0.95,0.894187808,0.95,0.947680473,0.95,1.016353369,1.05,1.106601,1.05,0.888602138,1.05,1.092456341,1.05,0.937447011,0.95,1.037232637,0.95,1.069088817,0.95,0.95486927,0.95,0.923001409,2.79,2.67645669,2.79,2.571356058,2.79,2.704988003,2.79,2.588596106,8,7.781905174,8,7.577252865,8,7.584730148,8,7.572721004,4.43,4.440201759,4.43,4.283330441,4.43,4.46843338,4.43,4.480867863,3.75,3.759982109,3.75,3.345779181,3.75,3.911483049,3.75,3.872329235,4.88,5.077856064,4.88,4.983374119,4.88,5.027215004,4.88,4.732208252,0.95,1.102934599,0.95,0.729304671,0.95,0.909284353,0.95,0.920196474,2.79,2.727015257,2.79,2.60011363,2.79,2.811359644,2.79,2.560453415,2.8,3.232413292,2.8,2.915888071,2.8,3.482145309,2.8,3.346385002,1.49,1.793483853,1.49,1.693251252,1.49,1.810589194,1.49,1.654654026,5.98,5.736301422,5.98,5.820772648,5.98,6.116535187,5.98,6.398345947,4.01,4.475649357,4.01,4.007628441,4.01,4.506254196,4.01,4.700210571,7.39,7.739112377,7.39,7.557164669,7.39,7.184167862,7.39,7.499637604,4.1,4.05494833,4.1,3.850468874,4.1,3.915775776,4.1,4.266287327,3.2,4.160458565,3.2,4.105805874,3.2,4.284573555,3.2,4.461714268,6.48,6.297725677,6.48,6.028453827,6.48,6.205391884,6.48,6.513462067,0.95,0.918386579,0.95,0.808712184,0.95,1.02082932,0.95,1.082018375,0.73,1.256653547,0.73,1.328331709,0.73,1.304998398,0.73,1.353383064,0.88,1.078228354,0.88,1.159026504,0.88,1.212840557,0.88,0.981823921,1.49,1.933598995,1.49,1.710595846,1.49,1.900780916,1.49,1.699244738,0.95,0.941862226,0.95,0.920476556,0.95,0.960894585,0.95,1.015450835,1.42,1.738216877,1.42,1.697646737,1.42,1.784020901,1.42,1.727265596,0.86,0.664522171,0.86,0.57051146,0.86,0.997413158,0.86,1.291048765,0.8,0.752991676,0.8,0.528894305,0.8,0.82732451,0.8,1.157628536,0.95,0.979166985,0.95,0.929837346,0.95,0.942647934,0.95,0.93999809,3.75,3.702715635,3.75,3.589212418,3.75,3.83172226,3.75,3.985614777,0.95,1.041376352,0.95,1.060515761,0.95,1.054761171,0.95,1.040615678,2.72,2.299516439,2.72,2.275785446,2.72,2.481681347,2.72,2.313843966,3.2,3.339797258,3.2,3.240195036,3.2,3.759777784,3.2,3.576013327,4.51,4.390042305,4.51,4.418941021,4.51,4.486388206,4.51,4.490310669,3.62,3.168238401,3.62,2.682952166,3.62,3.231912374,3.62,3.246101379,6.64,6.403669357,6.64,6.251452446,6.64,6.409584999,6.64,6.897271156,4.8,5.21011734,4.8,5.129504204,4.8,5.537435532,4.8,5.684882164,0.87,0.775731564,0.87,1.070373416,0.87,0.853177071,0.87,0.802319109,0.95,1.093485117,0.95,0.651155353,0.95,0.977264404,0.95,1.028219581,0.7,0.599746585,0.7,0.825754404,0.7,0.813969731,0.7,0.6780321,0.95,1.058041096,0.95,0.649566531,0.95,0.989269257,0.95,1.017377138,3.04,2.859871387,3.04,2.621669054,3.04,2.901439905,3.04,3.07446003,0.95,1.042380095,0.95,1.003812194,0.95,0.960289598,0.95,0.949015558,1.49,1.75990057,1.49,1.723233342,1.49,1.861335754,1.49,1.614868402,0.95,0.998489022,0.95,0.956085801,0.95,0.965095758,0.95,0.94929719,0.93,1.090215206,0.93,1.506197333,0.93,1.146147251,0.93,1.172164917,5.98,6.379411697,5.98,5.78385973,5.98,5.74875927,5.98,6.047224045,0.6,0.580414891,0.6,0.784243584,0.6,0.742627382,0.6,0.594239652,9.7,9.071527481,9.7,9.189897537,9.7,9.278233528,9.7,9.469063759,0.73,0.945656776,0.73,0.598261714,0.73,1.00182271,0.73,0.835742176,7.1,5.419604301,7.1,5.223343372,7.1,5.949384689,7.1,5.895742893,0.93,1.148624897,0.93,1.570441127,0.93,1.108446717,0.93,1.265180349,8.39,7.973146915,8.39,8.089715004,8.39,8.228222847,8.39,8.391051292,1.42,1.845602751,1.42,1.852650285,1.42,1.583857059,1.42,1.690160275,0.95,1.094219446,0.95,0.964632154,0.95,0.976381898,0.95,0.942185581,6.48,6.156217575,6.48,5.751560211,6.48,6.090600014,6.48,6.592691422,6.12,6.299625874,6.12,5.880514145,6.12,6.792832375,6.12,6.353174686,0.68,1.293123484,0.68,1.106177211,0.68,1.459343791,0.68,1.100633144,8.6,8.57055378,8.6,8.302952766,8.6,8.843688965,8.6,8.664385796
0.85,0.951328516,0.85,0.609914064,0.85,1.033607841,0.85,0.786033988,7.89,7.108896255,7.89,7.209264755,7.89,7.254556656,7.89,6.834355831,4.43,4.501006603,4.43,4.323945999,4.43,4.549328804,4.43,4.383407593,0.95,0.949685693,0.95,0.634914219,0.95,0.841576338,0.95,0.909214497,0.77,-0.466283947,0.77,0.78288126,0.77,0.841088653,0.77,0.668483436,6.26,7.878209114,6.26,6.265546322,6.26,6.218092918,6.26,6.671695709,0.67,0.592468739,0.67,0.429718822,0.67,0.426391125,0.67,0.61370647,8.39,7.644452095,8.39,6.716336727,8.39,6.346417427,8.39,7.304654121,0.73,0.909270763,0.73,0.777588725,0.73,0.937517881,0.73,0.665228605,0.95,0.929161668,0.95,0.884558558,0.95,0.964834571,0.95,1.018140674,0.6,0.702571869,0.6,0.387458414,0.6,0.637185812,0.6,0.735440433,4.8,5.083274364,4.8,5.42317152,4.8,5.255368233,4.8,5.06899929,1.05,1.299971461,1.05,0.910101771,1.05,1.309351683,1.05,0.992884994,6.26,6.638151646,6.26,6.788482189,6.26,6.411882401,6.26,6.03722477,4.36,5.3803792,4.36,4.967448235,4.36,4.728065491,4.36,4.719472885,5.1,4.487015247,5.1,4.104327679,5.1,4.651731491,5.1,4.951858521,3.6,3.519863844,3.6,3.183830738,3.6,2.946089268,3.6,2.798720121,5.9,4.497922897,5.9,4.624491215,5.9,4.149845123,5.9,4.004458904,0.77,0.640231073,0.77,0.885519862,0.77,1.016210318,0.77,0.850999653,4.68,5.187716484,4.68,4.751443863,4.68,4.884535789,4.68,5.527590752,4.1,4.555926323,4.1,4.412258625,4.1,4.566380501,4.1,4.324340343,0.95,1.103504419,0.95,0.897649765,0.95,1.015142679,0.95,0.907831311,4.32,4.575638294,4.32,4.486220837,4.32,4.47552681,4.32,4.653872967,0.95,1.142953992,0.95,0.939214349,0.95,0.878165007,0.95,0.900159955,4.02,4.045794964,4.02,3.78619647,4.02,4.34618187,4.02,4.11323452,0.95,1.055846572,0.95,1.084290385,0.95,0.945081472,0.95,0.924099922,0.81,0.891225517,0.81,0.817032695,0.81,0.838753223,0.81,1.011067748,1.49,1.666607857,1.49,1.579253674,1.49,1.80693984,1.49,1.717287779,3.37,3.451108932,3.37,3.491014719,3.37,3.774375677,3.37,3.689068317,6.26,6.619345665,6.26,6.704689026,6.26,7.041270256,6.26,6.873700142,3.6,3.224352837,3.6,3.40662837,3.6,3.606157541,3.6,3.718288183,0.93,0.594815254,0.93,0.543143988,0.93,0.824300826,0.93,0.984434485,4.01,4.219144344,4.01,4.555140018,4.01,4.468650818,4.01,4.881362915,0.95,0.987707973,0.95,0.871510386,0.95,0.936031878,0.95,0.926840186,4.01,4.181013107,4.01,4.45824337,4.01,4.406010628,4.01,4.835957527,0.93,0.436111391,0.93,0.546663761,0.93,0.834890604,0.93,0.726255059,0.7,0.802584767,0.7,0.507704258,0.7,1.085262537,0.7,0.816342771,0.95,0.930134892,0.95,1.136437297,0.95,0.93843317,0.95,1.020446181,6.15,6.342104435,6.15,6.258987427,6.15,6.703784943,6.15,6.288545609,4.35,4.324829102,4.35,4.359369755,4.35,4.338255882,4.35,4.05499506,4.75,4.692882061,4.75,4.704049587,4.75,4.885707855,4.75,5.172423363,2.8,3.23652935,2.8,3.136241674,2.8,3.466623783,2.8,3.50949192,4.52,4.433691978,4.52,4.359334946,4.52,4.463026047,4.52,4.475041389,1.1,1.678599834,1.1,1.345685601,1.1,1.371172905,1.1,0.994838536,0.87,0.934146285,0.87,0.928952098,0.87,0.880271435,0.87,0.813949108,8,7.77132988,8,7.559845924,8,7.666063309,8,7.560357571,0.69,0.655838013,0.69,0.863399863,0.69,0.784439325,0.69,0.687799931,7.89,8.045735359,7.89,8.039532661,7.89,7.590378761,7.89,7.874053001,3.75,3.840781212,3.75,3.708769321,3.75,3.851742506,3.75,3.801593065,0.95,0.91065979,0.95,1.091315866,0.95,1.108767271,0.95,0.985966623,0.81,0.866156578,0.81,0.834608912,0.81,0.913950682,0.81,0.834395885,0.95,0.986432552,0.95,0.949897289,0.95,1.009783506,0.95,0.899434388,4.01,4.318247795,4.01,3.896958113,4.01,4.545103073,4.01,4.599843025,0.9,0.884098649,0.9,0.963742137,0.9,1.229666471,0.9,0.939739585,0.81,0.882906914,0.81,0.840016246,0.81,0.917109251,0.81,0.846537769,3.2,3.639340162,3.2,3.565458536,3.2,3.552957535,3.2,3.365964651,6.47,6.620196819,6.47,6.707805634,6.47,6.585945129,6.47,6.509910583,1.1,0.537173033,1.1,0.7146734,1.1,0.751569927,1.1,0.929540575,0.7,0.827760696,0.7,0.781254172,0.7,0.939309537,0.7,1.193577528,0.82,0.621381283,0.82,0.485242933,0.82,0.80599606,0.82,0.62245214,3.37,3.239768267,3.37,3.17687583,3.37,3.384492159,3.37,3.198126554,0.95,0.836590052,0.95,0.936158657,0.95,1.063509941,0.95,0.879129887,4.1,3.99153161,4.1,3.734690428,4.1,3.868600368,4.1,4.287259102,0.86,0.733939648,0.86,0.599937797,0.86,0.949585736,0.86,1.300395489,0.69,0.519281864,0.69,0.554483294,0.69,0.733265877,0.69,0.5574947,6.1,5.921209812,6.1,6.211244106,6.1,6.349097252,6.1,5.86869812,0.7,0.889053106,0.7,0.478556484,0.7,0.909772873,0.7,1.218528271,6.6,7.071953773,6.6,7.021800518,6.6,6.976770401,6.6,7.430076599,0.64,0.488117427,0.64,0.483532757,0.64,0.608083248,0.64,0.506244123,0.95,1.116505861,0.95,0.659117579,0.95,0.917220116,0.95,0.938586771,0.81,0.936773717,0.81,0.940984607,0.81,0.937248707,0.81,0.875604451,0.95,0.781455159,0.95,1.091483951,0.95,0.90067625,0.95,1.036372423,4.36,5.435361385,4.36,5.293783665,4.36,5.63346386,4.36,5.282013893,2.12,1.974084139,2.12,1.795446754,2.12,2.23034215,2.12,2.194621801,7.62,6.163553238,7.62,6.31030941,7.62,6.53437233,7.62,6.679362774,4.35,4.102724552,4.35,4.219474792,4.35,4.412200928,4.35,4.319840431,0.75,0.635650396,0.75,0.449793667,0.75,0.652476311,0.75,0.69031179,2.8,3.47363925,2.8,3.206590176,2.8,3.567364216,2.8,3.378268242,1.93,1.883308649,1.93,1.694238544,1.93,1.973074436,1.93,2.125530005,5.27,5.898701668,5.27,5.480876923,5.27,6.02026844,5.27,5.984255791,0.77,0.720677733,0.77,1.005694985,0.77,0.86308682,0.77,0.920538366,0.95,0.750418782,0.95,0.878753424,0.95,1.133621931,0.95,0.983938992,0.68,0.977371693,0.68,0.824396968,0.68,1.12333405,0.68,1.094422817,0.95,0.672654271,0.95,0.834578633,0.95,1.112716675,0.95,0.998140156,0.85,0.813338995,0.85,0.673614621,0.85,0.911320746,0.85,1.123279452,0.95,0.987979412,0.95,0.646400809,0.95,1.013233662,0.95,0.980102956,0.81,0.829067707,0.81,1.038811564,0.81,0.942775011,0.81,0.790642202,0.95,0.925141096,0.95,0.636061192,0.95,0.949474335,0.95,0.903556585,6.64,6.411686897,6.64,6.178630829,6.64,6.509687424,6.64,6.830199718,3.12,2.985175371,3.12,2.658411026,3.12,2.846704245,3.12,2.816040993,0.8,1.052669048,0.8,0.876938701,0.8,1.196961761,0.8,1.006686926,8,7.58839941,8,7.531886578,8,7.878756523,8,7.558059692,0.64,0.544261217,0.64,0.766774058,0.64,0.834429264,0.64,0.589564443,0.97,0.864830494,0.97,1.102887273,0.97,1.559955955,0.97,1.59748292,3.64,3.78082633,3.64,3.527332306,3.64,3.707446575,3.64,4.190468788,4.8,5.373844624,4.8,5.146372795,4.8,5.954694748,4.8,5.84530592,6.48,6.156217575,6.48,5.751560211,6.48,6.090600014,6.48,6.592691422,2.71,2.16933012,2.71,2.850204229,2.71,2.930123568,2.71,2.950885296,0.77,1.108563304,0.77,1.151498079,0.77,0.766788542,0.77,0.69767803,2.8,3.486117125,2.8,3.616486788,2.8,3.686942577,2.8,3.613034248
3.95,3.333496571,3.95,3.620209217,3.95,3.23552537,3.95,3.369023085,0.95,0.694389462,0.95,1.478108287,0.95,0.62577641,0.95,0.941414177,2.79,1.428841591,2.79,2.024618387,2.79,1.859333158,2.79,2.29835391,0.95,0.44909212,0.95,0.086441554,0.95,1.005119681,0.95,0.701591015,0.69,0.591927052,0.69,0.851329684,0.69,0.743354082,0.69,0.711960673,0.7,1.489234686,0.7,1.01467073,0.7,1.676424861,0.7,1.422406912,4.1,4.182929039,4.1,5.203306675,4.1,5.229371071,4.1,4.617175102,6.15,5.018523216,6.15,4.953053951,6.15,5.965353966,6.15,6.293949127,0.69,0.599601269,0.69,0.664892733,0.69,0.77307266,0.69,0.862675726,0.95,0.798763037,0.95,0.61459595,0.95,0.808465242,0.95,0.841395617,3.37,3.378974199,3.37,4.13922739,3.37,4.449421883,3.37,3.988494635,0.86,1.661134243,0.86,1.142537475,0.86,2.352366686,0.86,1.34760952,0.64,0.706724405,0.64,0.171332687,0.64,0.470667839,0.64,0.534050584,0.95,0.886996984,0.95,0.856028438,0.95,0.931706667,0.95,1.02797389,0.81,1.017831326,0.81,0.895175815,0.81,0.904113531,0.81,0.958866,5.9,4.45634079,5.9,4.649588585,5.9,4.215075493,5.9,3.754010677,6.15,6.492507458,6.15,6.426791191,6.15,7.346666336,6.15,6.358716965,2.71,2.248501301,2.71,3.012319326,2.71,3.2867558,2.71,2.612249136,1.88,2.003572464,1.88,1.916054606,1.88,1.819234967,1.88,1.860281467,0.95,0.658913016,0.95,0.714692593,0.95,1.075076818,0.95,0.84833777,0.84,0.920791149,0.84,0.727529883,0.84,0.761679173,0.84,0.694469512,4.7,5.636304379,4.7,6.472295761,4.7,5.898286819,4.7,4.966014862,5.73,6.665990353,5.73,6.473453045,5.73,6.717949867,5.73,6.359561443,1.04,1.028761506,1.04,0.767045856,1.04,1.100058675,1.04,0.878599763,0.64,0.552196264,0.64,0.710569263,0.64,0.780838132,0.64,0.23700434,7.89,7.320883751,7.89,8.468173981,7.89,8.314469337,7.89,8.111958504,4.51,4.396146297,4.51,4.418418884,4.51,4.462734222,4.51,4.687417984,0.95,0.876146197,0.95,0.827552676,0.95,1.053052664,0.95,0.914191604,0.69,0.544399738,0.69,0.716737151,0.69,0.693867683,0.69,0.654458761,8,7.563049316,8,7.701920509,8,7.764757156,8,7.7570858,0.64,0.573880672,0.64,0.791298747,0.64,0.78076005,0.64,0.335420132,0.56,0.919066191,0.56,0.9085356,0.56,1.004598022,0.56,1.002070904,0.94,0.907838821,0.94,0.919151664,0.94,0.901630163,0.94,0.81358695,7.94,5.51235199,7.94,5.155307293,7.94,6.093419075,7.94,5.741746902,4.85,4.485647678,4.85,4.911232471,4.85,4.43082428,4.85,4.536621094,0.95,0.970932961,0.95,0.938183665,0.95,0.935938537,0.95,0.922954977,4.85,4.620690346,4.85,5.025232315,4.85,4.479664803,4.85,4.503454208,8.39,8.387971878,8.39,8.65043354,8.39,8.395850182,8.39,8.625720024,4.02,4.207773209,4.02,4.109553337,4.02,4.141753197,4.02,4.36644268,6.15,6.159998894,6.15,5.885191441,6.15,5.965538979,6.15,6.002259731,2.79,2.597357512,2.79,2.606305838,2.79,2.676577568,2.79,2.64891386,6.15,6.054440022,6.15,5.876700878,6.15,5.978891373,6.15,5.905605793,4.02,4.076589108,4.02,3.951952696,4.02,4.115532398,4.02,4.295896053,1.04,1.035536647,1.04,1.039405942,1.04,1.169546366,1.04,1.134531021,0.73,0.933155537,0.73,0.808374763,0.73,0.94776988,0.73,0.936960042,5.98,6.038190842,5.98,6.014683247,5.98,6.213624001,5.98,6.577732563,0.67,0.732947111,0.67,0.839123607,0.67,0.998395205,0.67,0.777569294,0.7,1.059443474,0.7,0.917788267,0.7,0.983248711,0.7,0.879057646,0.94,0.904604912,0.94,0.883246303,0.94,0.909391642,0.94,0.827250779,8.6,9.05974102,8.6,8.746774673,8.6,9.318344116,8.6,8.886645317,4.43,4.419059753,4.43,4.31195879,4.43,4.469529152,4.43,4.478647232,0.7,1.016628623,0.7,0.898870349,0.7,0.986578822,0.7,0.816143572,0.8,0.708477736,0.8,0.67831099,0.8,0.886485457,0.8,0.970419228,0.95,0.97250104,0.95,0.822579026,0.95,1.029793859,0.95,0.955488861,0.56,0.917955041,0.56,0.884084821,0.56,0.635395169,0.56,0.809460223,4.7,4.710781097,4.7,5.145485878,4.7,4.852010727,4.7,4.65653801,2.16,2.260489464,2.16,2.2138412,2.16,2.259548426,2.16,2.326889515,0.6,0.838247895,0.6,0.837409735,0.6,0.827319145,0.6,0.99263829,0.69,0.652518511,0.69,0.863515258,0.69,0.697790384,0.69,0.728248179,9.7,9.413371086,9.7,9.289408684,9.7,9.058048248,9.7,9.290558815,7.62,8.070148468,7.62,7.505132675,7.62,7.999461174,7.62,8.21602726,7.89,7.638301849,7.89,8.070354462,7.89,7.82600975,7.89,7.793964863,4.88,5.237908363,4.88,4.842566013,4.88,4.986680984,4.88,4.804389477,3.64,3.444096565,3.64,3.081057072,3.64,3.334006071,3.64,3.332275391,0.69,0.519281864,0.69,0.554483294,0.69,0.733265877,0.69,0.5574947,0.6,0.923063636,0.6,0.848708034,0.6,0.823878884,0.6,0.900697827,6.06,6.378442287,6.06,6.348201752,6.06,6.671694756,6.06,6.429795265,6.12,5.938933372,6.12,5.63008976,6.12,5.948792458,6.12,5.987827301,1.49,1.854472041,1.49,1.713069081,1.49,1.931573391,1.49,1.683105946,6.47,5.931986809,6.47,5.770777702,6.47,6.268433571,6.47,6.191013813,1.93,1.823258042,1.93,1.646749616,1.93,1.90444231,1.93,2.137818813,6.26,6.456308842,6.26,6.349180698,6.26,6.51226902,6.26,6.425255775,0.84,0.972583771,0.84,0.800325274,0.84,1.037855148,0.84,0.846238077,0.95,0.990969896,0.95,0.92874825,0.95,0.964594841,0.95,0.921794057,6.48,6.216110229,6.48,6.041644096,6.48,6.185814857,6.48,6.714813232,0.95,1.177330375,0.95,0.687485695,0.95,0.98509717,0.95,0.89172411,0.64,0.634069443,0.64,0.467536777,0.64,0.78636241,0.64,0.559917867,0.95,1.006008267,0.95,0.916927934,0.95,0.956682682,0.95,0.925513923,3.95,4.234001637,3.95,4.081529617,3.95,4.302009583,3.95,4.026334286,8.71,8.488588333,8.71,8.324514389,8.71,8.385666847,8.71,8.419025421,4.1,3.810583115,4.1,3.528798103,4.1,3.742939234,4.1,4.103832722,0.95,1.038690567,0.95,1.009028912,0.95,0.978744745,0.95,0.921806037,6.47,6.611068726,6.47,6.54029417,6.47,6.708717346,6.47,6.881718636,0.95,1.09719944,0.95,0.957192779,0.95,1.030048847,0.95,0.94662112,0.68,1.016178608,0.68,0.858986497,0.68,1.16296804,0.68,1.096127987,0.95,0.98609972,0.95,0.895042062,0.95,0.836445808,0.95,0.972152889,4.75,4.693075657,4.75,4.366959572,4.75,4.638941765,4.75,5.336812973,0.95,0.958757758,0.95,0.931580186,0.95,0.946734071,0.95,0.95148617,6.64,6.411686897,6.64,6.178630829,6.64,6.509687424,6.64,6.830199718,3.75,3.615204096,3.75,3.467344999,3.75,3.806121826,3.75,3.722891569,4.39,4.511354446,4.39,4.441977024,4.39,4.472063065,4.39,4.581212044,0.93,0.07205078,0.93,0.877109885,0.93,0.682966352,0.93,0.981188595,6.48,6.17383194,6.48,5.813637257,6.48,6.157744408,6.48,6.608855247,0.95,0.930341482,0.95,0.814764202,0.95,1.025257111,0.95,1.009431005,4.01,4.176742554,4.01,3.864163876,4.01,4.238937378,4.01,4.846118927,5.9,5.483250141,5.9,5.873419762,5.9,6.369824409,5.9,6.214244366,3.95,4.502457142,3.95,4.393155575,3.95,4.15534544,3.95,4.022614002,5,5.757349014,5,5.946699619,5,6.444417953,5,6.093474865,4.31,4.471355438,4.31,4.409712791,4.31,4.445987701,4.31,4.505859375,0.95,0.948552132,0.95,0.837554753,0.95,1.033948421,0.95,1.007541418
0.73,1.815515518,0.73,1.950477481,0.73,2.102312565,0.73,1.630004168,7.94,5.557507515,7.94,5.596868515,7.94,6.706263542,7.94,6.333940029,0.7,0.22341463,0.7,0.610301614,0.7,0.577500701,0.7,0.771532774,7.89,6.215758324,7.89,6.620899677,7.89,7.82460022,7.89,6.755523682,6.06,6.21599102,6.06,6.280308723,6.06,6.757008553,6.06,6.407288551,6.06,4.905858517,6.06,5.107159138,6.06,5.92625618,6.06,6.450122833,0.87,0.833150625,0.87,0.979531169,0.87,0.955965996,0.87,0.861613393,0.9,1.428857327,0.9,0.944039941,0.9,0.863609254,0.9,1.368643045,7.62,6.697500229,7.62,6.619880199,7.62,7.350639343,7.62,6.985978127,3.37,3.707300663,3.37,3.604336739,3.37,3.741703749,3.37,3.900335312,0.67,0.695652425,0.67,0.420413345,0.67,0.361773491,0.67,0.636831999,7.39,6.8486166,7.39,6.51636219,7.39,6.854773521,7.39,7.553420544,7.62,7.227866173,7.62,6.840684891,7.62,7.797586441,7.62,7.048484802,5.27,4.402692318,5.27,4.038151264,5.27,4.346916199,5.27,4.307868481,3.95,3.629381418,3.95,3.482606888,3.95,3.192787647,3.95,3.66423583,5,7.188755512,5,6.737090111,5,6.598166466,5,6.403591633,0.7,0.723150969,0.7,0.544330359,0.7,0.796551108,0.7,0.498458624,0.95,0.989827871,0.95,0.870145679,0.95,0.937993109,0.95,1.018160939,4.4,4.246725082,4.4,4.237610817,4.4,4.456534386,4.4,4.462654591,0.95,0.907245398,0.95,0.860747695,0.95,1.099940777,0.95,0.90699631,0.7,0.843387246,0.7,0.727200747,0.7,0.825393438,0.7,0.646838248,7.94,5.08367157,7.94,5.161332607,7.94,5.523293495,7.94,5.376634598,0.75,0.746476531,0.75,0.502179503,0.75,0.460690498,0.75,0.701490402,3.2,3.8222363,3.2,3.907218933,3.2,3.687308073,3.2,3.443277359,3.64,3.719765425,3.64,3.657682896,3.64,3.713705778,3.64,3.75406599,0.95,1.117457628,0.95,0.933957219,0.95,0.993794441,0.95,0.957125962,0.7,0.649928331,0.7,0.507475495,0.7,1.107062578,0.7,0.958247364,0.95,1.01708591,0.95,0.855226874,0.95,1.030473232,0.95,0.948558927,9.45,7.795546532,9.45,7.5749259,9.45,8.200802803,9.45,8.594092369,8.4,7.944493771,8.4,8.858726501,8.4,8.693959236,8.4,8.634405136,0.6,0.465534657,0.6,0.554609299,0.6,0.692361414,0.6,0.5712865,0.76,0.601527214,0.76,0.332965463,0.76,0.745521367,0.76,0.784112632,0.8,0.947238922,0.8,0.403590888,0.8,0.754222095,0.8,0.885118604,0.95,1.132076144,0.95,0.962718725,0.95,1.027717829,0.95,0.927096426,6.48,6.194480896,6.48,6.162464142,6.48,6.161505699,6.48,6.408045769,0.95,1.109276533,0.95,0.680313706,0.95,0.937859535,0.95,0.923019111,2.16,2.137919188,2.16,2.208037853,2.16,2.192466021,2.16,2.178274393,6.8,7.072588444,6.8,6.787579536,6.8,7.118542671,6.8,7.017262459,0.56,0.532037079,0.56,0.681203961,0.56,0.780107319,0.56,0.766518176,0.6,0.731916189,0.6,0.848407388,0.6,0.949745059,0.6,0.952583015,4.43,4.504140854,4.43,4.406043053,4.43,4.464503288,4.43,4.507368088,9.7,8.906303406,9.7,8.897657394,9.7,9.383969307,9.7,9.347351074,0.86,0.95008111,0.86,0.457450479,0.86,0.950311184,0.86,0.616049826,0.95,0.918024898,0.95,0.796641231,0.95,0.944084764,0.95,1.011600494,6.06,6.846263409,6.06,6.997321129,6.06,7.286032677,6.06,6.700551033,0.95,0.98838973,0.95,0.863038778,0.95,1.037554145,0.95,0.937012672,4.88,5.088657379,4.88,5.101008892,4.88,5.063502312,4.88,4.770374775,0.95,0.943157911,0.95,0.909205317,0.95,1.024779081,0.95,0.991755188,0.6,0.625774443,0.6,0.660595417,0.6,0.537704527,0.6,0.629080355,0.95,0.936141014,0.95,0.909624457,0.95,1.040277243,0.95,1.096664786,6.48,6.28955698,6.48,6.121605873,6.48,6.373476982,6.48,6.224449158,7.39,7.764743805,7.39,7.680232525,7.39,7.179456711,7.39,7.552405834,0.59,0.515740395,0.59,0.638679385,0.59,0.630216539,0.59,0.612712562,0.95,0.923717976,0.95,0.951617122,0.95,1.042174697,0.95,1.093407154,2.72,2.306705236,2.72,2.3156991,2.72,2.35304904,2.72,2.355764627,3.37,3.249418736,3.37,2.676543951,3.37,3.375202417,3.37,3.164279222,4.88,5.130922318,4.88,4.869874001,4.88,4.979417801,4.88,4.736841202,3.12,3.353004694,3.12,2.717620373,3.12,3.402656794,3.12,3.246439457,4.88,5.16015625,4.88,4.842533588,4.88,4.972662926,4.88,4.749574661,3.2,3.67809844,3.2,3.486637354,3.2,3.597542286,3.2,3.405008793,4.32,4.546007156,4.32,4.541006565,4.32,4.483031273,4.32,4.550414085,1.04,1.000193119,1.04,0.908576131,1.04,1.217345953,1.04,1.042516708,4.36,5.603252411,4.36,5.345386028,4.36,5.390855789,4.36,5.158612728,6.8,6.909034729,6.8,7.146636963,6.8,7.014706612,6.8,6.852903843,3.6,3.680147171,3.6,3.34974432,3.6,3.544195652,3.6,3.966501951,2.71,2.333025455,2.71,2.718132973,2.71,2.717335939,2.71,2.781981945,3.04,2.813801765,3.04,2.597364664,3.04,2.834097624,3.04,3.21864748,6.5,6.451085091,6.5,6.115715027,6.5,6.287652969,6.5,6.531682968,3.95,4.569229603,3.95,4.057070255,3.95,4.551213264,3.95,4.232257366,9.7,9.255990028,9.7,9.594052315,9.7,9.030450821,9.7,9.281497002,4.01,4.29800415,4.01,4.009455204,4.01,4.241951942,4.01,4.746140957,0.95,0.921777725,0.95,0.93438828,0.95,0.909813881,0.95,1.007542253,9.45,9.131433487,9.45,9.579174042,9.45,9.58002758,9.45,9.563134193,8.6,8.753684998,8.6,9.078248024,8.6,8.772917747,8.6,8.997790337,7.62,7.788799286,7.62,7.552820206,7.62,7.809809685,7.62,8.440940857,0.95,0.980466604,0.95,0.896340609,0.95,0.958943844,0.95,0.925245583,4.51,4.393067837,4.51,4.41183424,4.51,4.488015175,4.51,4.493561268,0.95,0.953623056,0.95,0.860745966,0.95,0.972684622,0.95,1.011393309,1.05,1.039126396,1.05,1.119130015,1.05,1.130883932,1.05,0.978648305,0.95,0.929871798,0.95,0.823712349,0.95,0.96981883,0.95,1.010637522,0.68,0.938563108,0.68,0.789806008,0.68,1.083699584,0.68,1.092721224,0.95,0.913740396,0.95,0.73622334,0.95,0.990623593,0.95,1.027603865,2.16,1.936725855,2.16,2.142763615,2.16,2.129357338,2.16,2.122638941,0.95,1.219196796,0.95,0.653926253,0.95,0.940051854,0.95,0.902931929,1.88,1.937043428,1.88,1.861310244,1.88,2.024197578,1.88,1.762045383,0.95,1.037914753,0.95,1.047253609,0.95,0.8964293,0.95,0.980435073,0.56,0.729519963,0.56,0.910261035,0.56,0.896861315,0.56,0.738449037,0.95,1.236227989,0.95,0.642190754,0.95,0.921250463,0.95,0.904973924,1.42,1.640586257,1.42,1.813027024,1.42,1.622760296,1.42,1.741522789,0.95,1.104741573,0.95,0.968268275,0.95,0.988253832,0.95,1.008323431,1.63,2.003433943,1.63,1.883677125,1.63,2.033801079,1.63,1.863340616,8.6,8.538071632,8.6,8.503153801,8.6,8.780767441,8.6,8.71193409,6.64,6.41489315,6.64,6.116552353,6.64,6.451916695,6.64,6.82043314,0.86,0.854179621,0.86,1.173889041,0.86,1.329660892,0.86,1.419552565,0.56,0.863806844,0.56,0.975751877,0.56,0.951737761,0.56,0.768719375,4.2,4.094276905,4.2,4.54551506,4.2,4.582487106,4.2,4.568990707,4.39,4.491231918,4.39,4.424516201,4.39,4.453104019,4.39,4.59409523,3.75,3.517442465,3.75,3.631661177,3.75,3.895986795,3.75,3.766933918,4.51,4.388102055,4.51,4.352933407,4.51,4.44095993,4.51,4.463312626,4.7,5.196184158,4.7,4.881195068,4.7,5.556774139,4.7,5.399949074
6.48,5.036984444,6.48,4.413232327,6.48,5.275091171,6.48,5.211741447,0.95,0.914501905,0.95,0.968725085,0.95,0.924005508,0.95,0.797472417,0.6,-0.062488586,0.6,0.568114519,0.6,0.527323723,0.6,0.782751799,1.1,1.174296737,1.1,0.984349847,1.1,0.497511744,1.1,1.199332237,0.85,1.030581355,0.85,0.299503744,0.85,0.909305334,0.85,0.998232901,3.12,3.754345894,3.12,3.940622091,3.12,4.935199738,3.12,4.712703705,4.02,3.955393553,4.02,4.148825645,4.02,3.926843405,4.02,4.052450657,0.95,0.772769451,0.95,0.76672256,0.95,0.925105274,0.95,0.924890041,4.02,3.917824745,4.02,4.153325081,4.02,4.145792007,4.02,4.054309368,6.12,5.903115273,6.12,4.896629333,6.12,6.233431816,6.12,5.974560738,0.73,0.881086349,0.73,0.759428859,0.73,0.869582176,0.73,0.641694069,0.95,0.496340841,0.95,0.66645509,0.95,0.988382995,0.95,0.821193218,0.64,0.706724405,0.64,0.171332687,0.64,0.470667839,0.64,0.534050584,4.7,6.209675789,4.7,6.337891579,4.7,7.002762794,4.7,6.401558876,0.73,0.813864946,0.73,0.731531501,0.73,0.76074338,0.73,0.611973107,2.93,3.64420867,2.93,3.343811989,2.93,3.381952763,2.93,4.201364517,0.84,0.870364726,0.84,0.719367385,0.84,0.754813433,0.84,0.649945855,0.95,0.899154067,0.95,0.900284648,0.95,0.961521626,0.95,0.87594986,0.8,0.827499628,0.8,0.771306872,0.8,1.169816494,0.8,0.752512574,0.6,0.780786157,0.6,0.614096045,0.6,1.020574212,0.6,0.741984546,4.5,4.477759361,4.5,4.40335083,4.5,4.470192909,4.5,4.612075806,0.95,1.122046351,0.95,0.500799298,0.95,0.855939865,0.95,0.838907838,6.64,6.190389633,6.64,5.427227974,6.64,6.099052429,6.64,6.431017876,0.95,0.683701098,0.95,1.14091444,0.95,0.997429371,0.95,0.911870003,3.75,4.093004704,3.75,3.825106859,3.75,4.37532711,3.75,4.146278858,0.95,1.075897932,0.95,0.74063623,0.95,1.003841877,0.95,0.924392283,5.73,6.57235527,5.73,6.270363808,5.73,6.707244873,5.73,6.520069599,8,7.591842651,8,7.610529423,8,7.737380028,8,7.750628948,0.85,0.763314962,0.85,0.492320389,0.85,1.097095251,0.85,0.934618652,2.8,3.37518239,2.8,3.474458456,2.8,3.608300924,2.8,3.591171265,4.1,4.349015713,4.1,4.461290359,4.1,4.891381264,4.1,4.71970892,5.27,4.356549263,5.27,4.228560925,5.27,4.427223206,5.27,4.884245396,2.16,2.286659479,2.16,2.297212839,2.16,2.097160816,2.16,2.239509344,4.7,5.363843918,4.7,5.106828213,4.7,5.18507576,4.7,5.278393269,6.47,6.046791077,6.47,5.832731724,6.47,6.334385872,6.47,5.925256729,0.95,0.995434403,0.95,0.885792613,0.95,0.938508451,0.95,0.927414,4.5,4.590263844,4.5,4.483981133,4.5,4.469727516,4.5,4.590144157,4.35,4.399806976,4.35,4.463474274,4.35,4.460455894,4.35,4.087565422,4.31,4.665836334,4.31,4.488721848,4.31,4.472791672,4.31,4.594057083,7.44,8.026768684,7.44,8.462422371,7.44,7.927462578,7.44,8.051665306,0.69,0.510738015,0.69,0.979139686,0.69,0.849164009,0.69,0.820698559,0.95,0.985148907,0.95,0.904613078,0.95,1.000630856,0.95,0.930655837,0.87,0.931624293,0.87,0.928772807,0.87,0.870811224,0.87,0.80881834,0.95,0.989559412,0.95,0.867717385,0.95,1.02804935,0.95,0.930751085,0.64,0.6269629,0.64,0.526582122,0.64,0.649312496,0.64,0.407476485,0.95,0.976258516,0.95,1.130072236,0.95,1.083279252,0.95,0.980947793,4.75,4.893102646,4.75,4.561549664,4.75,5.045955658,4.75,5.233922958,1.88,1.793207884,1.88,1.619544387,1.88,1.89939189,1.88,1.701232433,2.79,2.689518929,2.79,2.567914724,2.79,2.736773968,2.79,2.575639963,8.39,8.388756752,8.39,8.769543648,8.39,8.135128975,8.39,8.378728867,0.64,0.51969409,0.64,0.369721264,0.64,0.631054401,0.64,0.444925129,8.02,8.184955597,8.02,8.011170387,8.02,8.296455383,8.02,8.464429855,0.6,0.72580725,0.6,0.722017527,0.6,0.491261363,0.6,0.672881186,1.3,2.440500498,1.3,2.091828108,1.3,2.136826754,1.3,2.285414457,0.6,0.725317955,0.6,0.765592217,0.6,0.924436331,0.6,1.07357645,5.27,5.738718033,5.27,5.643758774,5.27,6.009803772,5.27,5.850188732,0.67,0.691937447,0.67,0.836459041,0.67,1.043895245,0.67,0.769304395,4.68,4.750196934,4.68,4.677190304,4.68,4.971384048,4.68,5.35327816,4.38,4.52959156,4.38,4.516660213,4.38,4.479967117,4.38,4.532307148,0.7,0.987948418,0.7,0.87366426,0.7,0.998608708,0.7,0.840363085,4.5,4.546007156,4.5,4.541006565,4.5,4.483031273,4.5,4.550414085,2.8,3.278435946,2.8,2.961795092,2.8,3.569853544,2.8,3.311337471,3.6,3.661005735,3.6,3.388775349,3.6,3.533978701,3.6,3.910263538,3.37,3.516612053,3.37,2.69887352,3.37,3.261778116,3.37,3.300396681,0.67,0.696994305,0.67,0.846204638,0.67,0.897465229,0.67,0.737937331,4.2,4.194187641,4.2,4.244834423,4.2,4.405563354,4.2,4.409598351,7.62,7.917344093,7.62,7.558280945,7.62,7.88556385,7.62,8.553079605,3.75,4.135141373,3.75,3.187176466,3.75,3.765923977,3.75,4.015435696,0.93,1.045461416,0.93,1.300625682,0.93,1.146181822,0.93,1.100499034,0.95,1.012416959,0.95,0.913542151,0.95,0.96417594,0.95,0.925930023,0.87,0.957423329,0.87,1.023324847,0.87,0.856907606,0.87,0.84479934,5.1,4.397141933,5.1,4.342017174,5.1,4.800828934,5.1,4.757300377,4.1,3.946902037,4.1,3.539941788,4.1,3.785232782,4.1,4.077607632,7.89,7.860296726,7.89,7.737555027,7.89,7.761873245,7.89,7.754924297,0.85,0.952187061,0.85,0.549185157,0.85,0.918017089,0.85,1.143208861,6.47,5.974329472,6.47,5.728916168,6.47,6.201882362,6.47,6.211971283,3.95,4.256716251,3.95,4.052098274,3.95,4.35661602,3.95,4.056479454,7.94,5.379083633,7.94,5.46327877,7.94,6.064210892,7.94,5.998143196,2.72,2.145447016,2.72,2.280890703,2.72,2.370590925,2.72,2.289634943,3.2,3.309780359,3.2,3.257726431,3.2,3.803840876,3.2,3.545777321,4.42,4.56140995,4.42,4.500594616,4.42,4.499363899,4.42,4.583714485,0.95,0.975221634,0.95,1.015421867,0.95,0.894619226,0.95,0.988212168,4.01,4.171275616,4.01,3.873701811,4.01,4.140119553,4.01,4.63862896,3.75,3.802915812,3.75,3.357313871,3.75,3.758787394,3.75,3.78878212,7.62,6.387428284,7.62,6.246925831,7.62,6.431679726,7.62,6.510965824,3.62,3.959587336,3.62,3.356862783,3.62,3.8737185,3.62,4.427148819,6.47,6.64345026,6.47,6.41435051,6.47,6.457462311,6.47,6.385379791,0.95,0.981240511,0.95,0.909860373,0.95,0.873943567,0.95,0.92982626,4.1,4.071572781,4.1,3.747261763,4.1,3.983977556,4.1,4.359620094,0.95,1.102452993,0.95,1.080055594,0.95,0.940777302,0.95,0.972756267,1.49,1.813010216,1.49,1.735243082,1.49,1.858724236,1.49,1.652122736,0.82,0.682604551,0.82,0.744083285,0.82,0.953485131,0.82,0.922750056,4.51,4.399758816,4.51,4.364625454,4.51,4.45940876,4.51,4.527394772,1.3,2.235721111,1.3,2.010537386,1.3,1.880340815,1.3,2.672425508,0.86,0.7261374,0.86,0.546792388,0.86,0.892388284,0.86,0.708902299,7.39,7.43628931,7.39,7.295493126,7.39,8.037672043,7.39,7.438389778,4.88,5.064496994,4.88,4.954541206,4.88,4.813632965,4.88,4.700141907,0.95,1.167883992,0.95,0.587143302,0.95,1.144751668,0.95,0.840723395,6.15,6.08796072,6.15,6.008821964,6.15,5.974143028,6.15,6.105045319,0.95,0.925915718,0.95,0.871746421,0.95,0.947848082,0.95,1.029314041
0.86,0.873438835,0.86,0.98287344,0.86,0.666849017,0.86,1.141898632,5.1,3.630852461,5.1,4.448444843,5.1,4.976666451,5.1,5.587802887,4.36,3.978406191,4.36,4.229846001,4.36,4.48131752,4.36,4.160171986,0.95,0.850918293,0.95,0.776283145,0.95,0.90616709,0.95,0.945223987,6.47,4.261400223,6.47,5.30187273,6.47,5.24848938,6.47,5.892133713,0.95,0.983864784,0.95,0.672936201,0.95,0.895121396,0.95,0.904155731,7.62,6.509074211,7.62,5.154425144,7.62,7.172003746,7.62,7.673440933,8.4,6.545465469,8.4,6.830309868,8.4,7.545866013,8.4,8.158921242,1.49,1.89607358,1.49,1.785661936,1.49,1.675272465,1.49,1.576125145,0.6,0.612274051,0.6,0.510443687,0.6,0.641791701,0.6,0.532583117,4.32,4.749382973,4.32,4.372591496,4.32,4.494228363,4.32,4.511258125,3.62,3.538946629,3.62,3.196618795,3.62,3.315932512,3.62,3.866333961,0.73,1.690959454,0.73,1.533934236,0.73,1.580003977,0.73,1.374373913,2.71,2.088499784,2.71,3.037205219,2.71,3.03998971,2.71,2.919489384,6.15,6.346238136,6.15,6.522209644,6.15,6.937007904,6.15,6.30825901,7.44,7.582680225,7.44,7.798957825,7.44,8.007714272,7.44,7.216346264,4.36,5.557278156,4.36,4.834832668,4.36,4.74908638,4.36,4.79668808,0.95,0.973304391,0.95,0.858696818,0.95,0.9351089,0.95,1.017634988,0.67,0.619875431,0.67,0.600044608,0.67,0.619850397,0.67,0.700229049,3.75,3.726017714,3.75,4.285301208,3.75,4.575210571,3.75,3.593257666,9.45,7.476665497,9.45,6.903685093,9.45,7.805882454,9.45,8.154332161,6.1,6.448013783,6.1,7.205183029,6.1,6.757831573,6.1,6.187471867,3.04,2.708967686,3.04,2.960678339,3.04,3.236614943,3.04,3.122490883,3.37,3.250017166,3.37,3.278262854,3.37,3.574057817,3.37,3.390728951,4.32,4.564574242,4.32,4.501288414,4.32,4.474049568,4.32,4.681139946,0.95,0.720185816,0.95,1.172068238,0.95,1.005316615,0.95,0.948980927,0.73,0.804739475,0.73,0.771856666,0.73,0.832163334,0.73,0.778154194,0.95,1.265812397,0.95,0.923609853,0.95,1.225138664,0.95,0.992678285,1.88,1.935324311,1.88,2.139386892,1.88,1.887536287,1.88,1.65375495,0.95,0.967516422,0.95,0.936865687,0.95,0.93139118,0.95,0.923083127,9.45,7.942235947,9.45,7.618842125,9.45,8.18050766,9.45,8.645414352,1.63,1.631042957,1.63,1.705217957,1.63,1.88590014,1.63,1.822314262,0.69,0.528776646,0.69,0.68880403,0.69,0.599171162,0.69,0.655859113,0.95,1.024131179,0.95,0.89761889,0.95,1.017671585,0.95,0.962311864,3.37,3.59701705,3.37,3.643518925,3.37,3.572924852,3.37,3.575126648,0.95,1.276695609,0.95,1.308345437,0.95,1.046535492,0.95,0.956293285,5.73,6.467442513,5.73,6.592646599,5.73,6.234327316,5.73,6.764507294,7.39,7.721092701,7.39,7.590458393,7.39,7.526277542,7.39,7.919870377,1.05,1.179544687,1.05,0.84849298,1.05,1.097246885,1.05,0.947378099,8,7.745997429,8,7.560301304,8,7.971470833,8,7.592541218,4.1,4.306764126,4.1,3.810851812,4.1,4.357843399,4.1,4.335237503,0.95,0.933055878,0.95,1.055170536,0.95,0.939947128,0.95,1.014050722,4.51,4.480617046,4.51,4.371800423,4.51,4.464539528,4.51,4.487120628,7.39,7.867350101,7.39,7.742943287,7.39,7.308264732,7.39,7.702804565,4.32,4.701350212,4.32,4.412944794,4.32,4.474414825,4.32,4.569739342,8.4,8.757867813,8.4,8.462120056,8.4,8.827781677,8.4,8.99864006,0.7,0.663879871,0.7,0.71132803,0.7,0.664686799,0.7,0.691998899,2.62,2.519202232,2.62,2.389634371,2.62,2.35005188,2.62,3.034556389,0.73,1.335080743,0.73,1.31252861,0.73,1.137002945,0.73,1.340332985,9.7,9.349831581,9.7,8.984222412,9.7,9.303359032,9.7,9.556736946,0.86,0.924564838,0.86,0.3877922,0.86,0.951580286,0.86,0.620454609,1.49,1.82293582,1.49,1.51546073,1.49,1.787293434,1.49,1.652893782,2.16,2.177038431,2.16,2.249273062,2.16,2.253964424,2.16,2.216836452,2.12,1.892638206,2.12,2.096958876,2.12,2.245069742,2.12,2.318675518,3.75,3.732151985,3.75,3.673587322,3.75,3.803945303,3.75,3.733774185,7.89,7.755102158,7.89,7.800326347,7.89,7.891014099,7.89,7.888743877,2.16,2.260489464,2.16,2.2138412,2.16,2.259548426,2.16,2.326889515,0.95,0.897315741,0.95,0.96763432,0.95,1.043070793,0.95,0.99433291,4.02,3.849241734,4.02,3.804211855,4.02,3.955613852,4.02,4.029557228,0.95,0.859953403,0.95,0.911335826,0.95,0.93617487,0.95,0.968481362,9.45,9.157420158,9.45,9.32470417,9.45,9.286793709,9.45,9.060539246,3.75,3.970840454,3.75,3.196014404,3.75,3.851561308,3.75,3.948046684,6.47,6.28725338,6.47,6.193613529,6.47,6.519267082,6.47,6.235019207,5,5.783910275,5,5.869344234,5,6.106901169,5,6.39809227,3.37,3.254522085,3.37,3.197726011,3.37,3.437052488,3.37,3.343887329,0.95,0.759294748,0.95,0.888640285,0.95,1.003069043,0.95,0.875856578,1.63,1.971509099,1.63,1.783862114,1.63,2.011902332,1.63,1.768444061,1.04,1.195525408,1.04,0.889235377,1.04,1.171346545,1.04,1.129514217,4.51,4.394616604,4.51,4.448908806,4.51,4.482192993,4.51,4.487589359,6.1,5.990457535,6.1,6.129454613,6.1,6.420166969,6.1,5.890928268,0.6,0.871749163,0.6,0.616850257,0.6,0.904078126,0.6,1.208016634,7.94,5.37479353,7.94,5.401132584,7.94,5.901820183,7.94,6.03649044,6.06,6.556645393,6.06,6.398850441,6.06,6.644949913,6.06,6.592368126,7.89,7.527080536,7.89,7.864682674,7.89,7.793596268,7.89,7.7581563,4.1,3.876545191,4.1,3.534135342,4.1,3.770932198,4.1,4.080221176,0.95,0.923337936,0.95,0.966706157,0.95,0.899442911,0.95,0.999802709,0.94,0.78706634,0.94,1.004962802,0.94,0.850842476,0.94,0.828345239,0.95,0.905606389,0.95,1.075489521,0.95,0.92376554,0.95,1.019978523,0.81,0.761300564,0.81,0.991301417,0.81,0.944883823,0.81,0.833123267,1.1,0.770840168,1.1,0.717986465,1.1,0.804943979,1.1,1.043982029,6.47,6.554166794,6.47,6.552971363,6.47,6.731350899,6.47,6.901187897,3.62,3.124668598,3.62,2.626532316,3.62,3.171660662,3.62,3.308530331,0.69,0.899963856,0.69,0.820059657,0.69,0.617020607,0.69,0.739057243,0.56,1.08249712,0.56,0.9845649,0.56,0.951073229,0.56,0.91668427,0.93,1.07237339,0.93,1.4843086,0.93,1.158397198,0.93,1.148239851,5.1,4.316832066,5.1,4.028516769,5.1,5.004489899,5.1,4.650939941,6.06,6.64345026,6.06,6.41435051,6.06,6.457462311,6.06,6.385379791,8.71,8.729118347,8.71,8.626308441,8.71,8.746699333,8.71,8.847554207,4.88,4.994102955,4.88,4.864898682,4.88,4.899256706,4.88,4.66211319,0.95,1.358128428,0.95,1.102723718,0.95,1.055841446,0.95,1.002731562,4.02,3.978556871,4.02,3.864174128,4.02,3.849719286,4.02,4.093950748,8.02,8.101451874,8.02,8.127537727,8.02,8.380562782,8.02,8.487348557,1.93,2.028054237,1.93,1.815214276,1.93,2.130643368,1.93,2.213354111,6.26,5.874998569,6.26,6.153662682,6.26,6.347524643,6.26,6.074914455,5.73,6.049683094,5.73,5.996413708,5.73,6.073880196,5.73,6.068622589,6.12,6.219363213,6.12,5.854036808,6.12,6.696423531,6.12,6.305437088,0.56,0.896269917,0.56,0.991260767,0.56,0.964438975,0.56,0.775367916,7.1,5.514298439,7.1,5.268389702,7.1,6.131162643,7.1,6.099721432,0.8,1.21557188,0.8,1.025399804,0.8,1.375193119,0.8,0.994493127,0.82,0.775732279,0.82,0.976818442,0.82,1.057609797,0.82,1.172949553
5.73,4.834840775,5.73,5.153074265,5.73,6.285447121,5.73,6.093429565,3.62,3.44232893,3.62,4.133226871,3.62,4.640822411,3.62,5.247627258,9.45,5.096236229,9.45,5.436531544,9.45,6.755428314,9.45,6.242101192,0.7,1.510900617,0.7,0.916480899,0.7,2.126594305,0.7,1.275056124,0.67,0.411651105,0.67,0.529120326,0.67,0.643810511,0.67,0.614537477,0.95,0.94037199,0.95,0.646443248,0.95,0.965241909,0.95,1.035638094,0.73,0.976557851,0.73,0.80754292,0.73,1.043300867,0.73,0.742280543,0.7,1.523627877,0.7,1.192542911,0.7,1.611845136,0.7,1.689821005,1.05,1.220265031,1.05,1.007081628,1.05,1.271747351,1.05,1.002718687,8.4,7.528197765,8.4,7.059280396,8.4,8.04344368,8.4,8.355714798,0.84,0.919313312,0.84,0.90851748,0.84,0.952134728,0.84,0.9604159,0.82,2.633741379,0.82,2.00552845,0.82,2.25015974,0.82,2.478853464,4.88,5.60509491,4.88,5.405109406,4.88,6.050242424,4.88,5.372334957,6.47,5.415317535,6.47,4.950596809,6.47,5.171455383,6.47,5.691259384,0.81,1.017831326,0.81,0.895175815,0.81,0.904113531,0.81,0.958866,2.62,3.155886412,2.62,2.594765186,2.62,3.075115919,2.62,3.440104485,4.39,4.924329281,4.39,4.420181274,4.39,4.500392914,4.39,4.61756134,4.7,6.075909615,4.7,6.524047852,4.7,6.199347496,4.7,5.898574829,6.15,6.678001881,6.15,6.366889,6.15,7.399422646,6.15,6.629581928,1.04,0.597547889,1.04,1.100381851,1.04,0.920387089,1.04,1.52021718,4.36,5.076213837,4.36,4.969008446,4.36,5.121505737,4.36,4.86579895,0.6,0.826189995,0.6,0.616945326,0.6,0.996134758,0.6,0.794991612,0.64,0.554569721,0.64,0.623787761,0.64,0.679213524,0.64,0.265472531,6.6,7.58708477,6.6,7.419005394,6.6,7.317890167,6.6,7.610475063,0.73,1.580686688,0.73,1.404876828,0.73,1.522292852,0.73,1.279685736,0.95,1.103398442,0.95,1.030402064,0.95,1.032293797,0.95,0.93353337,0.73,0.804739475,0.73,0.771856666,0.73,0.832163334,0.73,0.778154194,3.62,3.352627277,3.62,2.878074408,3.62,3.019102097,3.62,2.867416143,4.01,4.408894062,4.01,4.330402374,4.01,4.680534363,4.01,4.737533569,3.37,3.400263071,3.37,3.088290691,3.37,3.274750948,3.37,3.944628954,7.62,7.992805481,7.62,7.517704964,7.62,8.077393532,7.62,8.394030571,0.95,1.09454751,0.95,0.682092309,0.95,0.951961756,0.95,0.923873127,4.88,4.989040852,4.88,5.344110012,4.88,4.978695869,4.88,5.068191528,0.97,0.822575688,0.97,1.065598845,0.97,1.405024409,0.97,1.110571623,2.72,2.210456133,2.72,2.279261351,2.72,2.171173573,2.72,2.270863056,0.95,1.119655967,0.95,0.952988267,0.95,1.038573146,0.95,0.928646863,0.6,0.861270666,0.6,0.396412164,0.6,0.681831539,0.6,0.844182551,2.8,3.309974194,2.8,3.312825918,2.8,3.457122087,2.8,3.496387959,1.63,1.632186174,1.63,1.723975301,1.63,1.817387462,1.63,1.750184298,0.95,0.995968819,0.95,0.77466023,0.95,1.091957808,0.95,1.02816236,0.86,0.930930853,0.86,0.468085378,0.86,0.953073621,0.86,0.617673457,3.12,2.371562958,3.12,2.53302002,3.12,2.720641613,3.12,2.677552223,7.62,8.123753548,7.62,8.00327301,7.62,8.074627876,7.62,7.905858517,2.12,1.918673038,2.12,2.129643202,2.12,2.318880796,2.12,2.320752621,0.87,0.934146285,0.87,0.928952098,0.87,0.880271435,0.87,0.813949108,0.95,0.974581599,0.95,0.851714373,0.95,1.022455812,0.95,0.937317908,0.75,0.754872918,0.75,0.597134948,0.75,0.965539455,0.75,0.760629356,0.95,0.931063712,0.95,0.913126588,0.95,1.028140068,0.95,0.98654294,2.72,2.196395397,2.72,2.266189814,2.72,2.352696657,2.72,2.16212678,0.95,0.915649891,0.95,0.94054687,0.95,0.945781231,0.95,1.015254021,0.8,0.724894047,0.8,0.633988261,0.8,0.897647917,0.8,0.906002998,6.5,6.255721092,6.5,6.508340836,6.5,6.374526978,6.5,6.742572308,1.93,1.865709782,1.93,1.64318192,1.93,1.989650726,1.93,2.082337618,3.12,3.214275599,3.12,2.701501846,3.12,3.368668795,3.12,3.158182621,7.62,8.229424477,7.62,7.562538147,7.62,8.178599358,7.62,7.942722797,3.75,3.831189871,3.75,3.237878323,3.75,3.890410662,3.75,3.92543149,3.64,3.995852709,3.64,3.698263884,3.64,3.847433567,3.64,4.15223074,0.95,0.95579493,0.95,0.836581111,0.95,0.959953547,0.95,1.012124062,0.87,1.003788948,0.87,0.957651973,0.87,0.879554987,0.87,0.8524279,0.95,0.911534786,0.95,0.95889771,0.95,0.951604605,0.95,1.014820814,0.7,0.920714378,0.7,0.92685616,0.7,0.659442306,0.7,0.626269519,2.93,2.654400826,2.93,2.818379879,2.93,3.068009138,2.93,3.235272646,5.73,6.333940506,5.73,6.307573318,5.73,6.30792141,5.73,6.364025116,0.95,0.952020288,0.95,0.804635942,0.95,1.047485709,0.95,1.088564396,0.68,0.768360853,0.68,0.709508777,0.68,0.901959062,0.68,1.321677923,3.12,3.647576571,3.12,2.766371012,3.12,3.302885294,3.12,3.418378353,7.62,6.299997807,7.62,6.407800198,7.62,6.446651459,7.62,6.56465435,8.6,8.930408478,8.6,9.176481247,8.6,8.801768303,8.6,9.135163307,0.68,0.832341194,0.68,0.598011851,0.68,0.899568737,0.68,1.241490602,0.95,0.921215653,0.95,0.917991161,0.95,0.914870501,0.95,1.011393309,0.84,0.971534729,0.84,0.775581717,0.84,1.028673649,0.84,0.839296937,9.7,9.241707802,9.7,9.549927711,9.7,9.039445877,9.7,9.296826363,1.63,1.871264577,1.63,1.806224704,1.63,1.992776275,1.63,1.762632132,0.95,0.906813025,0.95,0.81390655,0.95,0.959942102,0.95,1.013895512,0.77,0.787152886,0.77,0.962271094,0.77,0.922719121,0.77,0.903905809,7.1,6.964109898,7.1,6.888310909,7.1,7.264086723,7.1,7.260041714,0.64,0.634069443,0.64,0.467536777,0.64,0.78636241,0.64,0.559917867,3.62,3.883217335,3.62,3.349573851,3.62,3.842736959,3.62,4.285665512,4.36,5.503279686,4.36,5.34931612,4.36,5.651585579,4.36,5.301896095,6.8,6.829153538,6.8,6.83073473,6.8,7.086969376,6.8,7.030572414,1.93,1.89567709,1.93,1.703586459,1.93,1.987736344,1.93,2.099423409,6.6,6.971272469,6.6,7.028107166,6.6,7.147193909,6.6,7.175663948,3.04,2.859871387,3.04,2.621669054,3.04,2.901439905,3.04,3.07446003,2.8,3.568332434,2.8,3.330256224,2.8,3.572884321,2.8,3.431913853,0.6,0.483903736,0.6,0.742859244,0.6,0.705011189,0.6,0.569904745,5,5.781585693,5,5.91720295,5,6.369968414,5,6.170167923,0.75,0.539570332,0.75,0.479828686,0.75,0.650740385,0.75,0.70984441,0.95,1.152509332,0.95,0.911042809,0.95,0.972189665,0.95,1.018690348,6.48,6.170625687,6.48,5.875719547,6.48,6.194123268,6.48,6.618625164,0.95,0.998993397,0.95,0.924120665,0.95,0.870121241,0.95,0.93186456,2.16,2.147629738,2.16,2.149567604,2.16,1.981236696,2.16,2.090360641,5.1,4.309589863,5.1,4.055790424,5.1,4.992985725,5.1,4.640200138,4.42,4.554974556,4.42,4.470479488,4.42,4.468783379,4.42,4.613389492,0.95,0.662284851,0.95,0.817211866,0.95,1.139907837,0.95,1.125041008,6.15,6.147032738,6.15,5.961094856,6.15,5.934017181,6.15,5.99072361,0.95,1.121300578,0.95,0.969899416,0.95,1.080353022,0.95,0.981204093,0.87,0.829907894,0.87,1.170048594,0.87,1.15453434,0.87,0.782836258,3.12,2.884006977,3.12,2.876054525,3.12,2.863739252,3.12,2.909256697,0.67,0.673326731,0.67,0.698270679,0.67,0.686628342,0.67,0.550211906,0.95,0.571535349,0.95,0.91626811,0.95,1.114972234,0.95,1.137589216
1.93,2.169101715,1.93,2.945973396,1.93,2.762507915,1.93,2.332529306,0.6,0.453641504,0.6,0.631135345,0.6,0.114830822,0.6,0.556918204,3.6,2.788071394,3.6,3.792401552,3.6,3.387071133,3.6,3.33788538,0.95,1.31156528,0.95,1.152874112,0.95,1.314289331,0.95,1.260835409,6.47,5.979223728,6.47,5.784626484,6.47,6.980838776,6.47,6.366426468,6.1,5.552900791,6.1,5.881446838,6.1,6.324889183,6.1,5.948562145,0.59,0.574565649,0.59,0.848301291,0.59,0.971525669,0.59,0.884733737,0.97,0.446917504,0.97,0.73552978,0.97,0.220928341,0.97,0.829788685,7.62,6.697500229,7.62,6.619880199,7.62,7.350639343,7.62,6.985978127,3.18,3.915014029,3.18,4.880928516,3.18,4.604182243,3.18,3.099636078,0.87,0.934102774,0.87,0.954383731,0.87,0.958524704,0.87,0.903557062,0.95,0.965595603,0.95,0.895718455,0.95,0.935809135,0.95,0.929862618,4.02,3.536306143,4.02,4.231451511,4.02,4.35422802,4.02,3.961679459,8.02,6.989560604,8.02,7.113362312,8.02,8.366985321,8.02,7.925515652,0.77,0.566981554,0.77,0.76510191,0.77,1.093872666,0.77,0.637611985,1.1,1.850058675,1.1,1.225149512,1.1,1.137015224,1.1,1.680785894,0.84,1.032738805,0.84,0.864332318,0.84,1.008267999,0.84,0.999936461,8.4,7.891903877,8.4,8.077500343,8.4,8.476191521,8.4,8.629595757,3.64,3.796505213,3.64,3.650329828,3.64,3.436855555,3.64,3.441481113,0.95,1.007701278,0.95,0.8821944,0.95,0.942503572,0.95,1.01849246,0.73,1.487908721,0.73,1.361154318,0.73,1.720959544,0.73,1.399236917,7.1,5.017329693,7.1,5.66908884,7.1,5.63596344,7.1,5.590808868,0.68,0.600008011,0.68,0.572973847,0.68,0.87560755,0.68,0.68544066,7.39,7.50706625,7.39,7.537863731,7.39,7.296909332,7.39,7.699628353,4.75,4.777503967,4.75,4.299867153,4.75,4.937965393,4.75,4.620900154,0.95,1.019601822,0.95,1.004627109,0.95,1.005064487,0.95,0.931972027,3.04,2.66553092,3.04,2.998973846,3.04,3.262798548,3.04,3.063441753,0.95,0.754397094,0.95,1.184900522,0.95,1.021521091,0.95,0.963558614,4.88,4.95920372,4.88,5.234650135,4.88,5.215268135,4.88,5.062935829,5,6.124632835,5,5.936941147,5,6.38726902,5,6.364566803,4.88,4.975348473,4.88,5.314025879,4.88,5.073424339,4.88,5.033510208,0.95,1.088662624,0.95,0.92944324,0.95,1.001701593,0.95,0.974204838,6.06,6.290772438,6.06,6.506417274,6.06,7.108836174,6.06,6.638456821,3.2,4.715266228,3.2,4.21848774,3.2,4.733363152,3.2,4.680188179,1.93,2.350447178,1.93,1.852265358,1.93,2.299930334,1.93,1.86602354,3.2,4.613124371,3.2,4.252642155,3.2,4.651769638,3.2,4.603234768,1.49,1.538791299,1.49,1.701473951,1.49,1.741891265,1.49,1.640042067,7.44,8.002331734,7.44,8.323950768,7.44,8.005184174,7.44,8.135806084,6.47,6.692191124,6.47,6.920361042,6.47,6.408578873,6.47,6.81517458,9.7,8.83056736,9.7,8.921473503,9.7,9.442883492,9.7,9.267597198,0.87,0.930166006,0.87,0.929055095,0.87,0.88978982,0.87,0.803858638,7.89,7.607040405,7.89,7.524152756,7.89,7.893191338,7.89,8.451560974,4.01,4.389447212,4.01,3.945486784,4.01,4.439017296,4.01,4.692869663,5.27,4.215051174,5.27,4.502906322,5.27,4.375441551,5.27,4.771879673,9.45,8.870221138,9.45,9.010651588,9.45,8.912912369,9.45,8.853795052,8.6,9.002516747,8.6,8.678851128,8.6,9.559481621,8.6,8.905408859,4.36,4.449185371,4.36,4.310743332,4.36,4.466882706,4.36,4.478397846,5.98,5.952135086,5.98,5.966929913,5.98,6.201528549,5.98,6.560525894,3.64,3.88032341,3.64,3.369492531,3.64,3.868238926,3.64,4.027429104,3.12,3.10976696,3.12,2.718403339,3.12,3.33880496,3.12,3.02352047,1.42,1.663674116,1.42,1.678610444,1.42,1.565087318,1.42,1.670516968,3.37,3.179132223,3.37,2.726462603,3.37,3.363217592,3.37,3.113188028,0.84,0.90228653,0.84,0.799777865,0.84,1.025804758,0.84,0.930508137,1.88,1.936757326,1.88,1.564852953,1.88,1.847839355,1.88,1.72595191,2.16,2.223582029,2.16,2.232849598,2.16,2.256756306,2.16,2.285330057,4.8,5.212498188,4.8,5.430049896,4.8,5.402181625,4.8,5.870574474,0.56,0.970813274,0.56,0.917422891,0.56,0.632737696,0.56,0.745288551,0.95,1.077461958,0.95,0.668686748,0.95,0.862127781,0.95,0.92006439,0.86,0.914162159,0.86,0.282945722,0.86,0.959887862,0.86,0.631088316,0.56,0.995294809,0.56,0.927377939,0.56,0.94143796,0.56,1.052366018,4.31,4.517733574,4.31,4.521722317,4.31,4.481517792,4.31,4.534777641,6.5,6.434456825,6.5,6.15161705,6.5,6.294618607,6.5,6.670483112,0.73,0.911996484,0.73,1.014101863,0.73,0.988310337,0.73,0.782524765,0.82,0.652377605,0.82,0.482112974,0.82,0.815676749,0.82,0.644804418,4.01,4.414248943,4.01,4.133680344,4.01,4.342815399,4.01,4.92388916,0.88,1.10353899,0.88,1.141118884,0.88,1.21810329,0.88,0.999356329,4.36,5.536095142,4.36,5.331812859,4.36,5.487898827,4.36,5.262541771,4.2,4.182125568,4.2,4.265238285,4.2,4.436302185,4.2,4.415759087,1.88,1.983594418,1.88,1.833887935,1.88,2.074282885,1.88,1.811885595,0.95,0.82303226,0.95,1.106659889,0.95,0.927623272,0.95,1.055166006,0.93,1.044587851,0.93,1.323943496,0.93,1.160656571,0.93,1.106661081,0.95,0.984509706,0.95,0.908068895,0.95,0.961981654,0.95,0.922030568,0.94,0.880132198,0.94,0.982604861,0.94,0.856769085,0.94,0.849584758,7.1,5.273069859,7.1,5.237065315,7.1,5.558081627,7.1,5.816595078,4.36,5.434997559,4.36,5.327887535,4.36,5.654456139,4.36,5.306838036,0.95,1.083831787,0.95,1.067038655,0.95,1.02623105,0.95,1.042660713,4.01,4.22406435,4.01,3.931481123,4.01,4.18104744,4.01,4.61298275,3.2,3.308714151,3.2,3.280901194,3.2,3.830719709,3.2,3.599876404,4.88,4.894400597,4.88,4.741150856,4.88,5.035390854,4.88,4.59936142,7.1,5.298991203,7.1,5.200833797,7.1,5.659014702,7.1,5.778890133,4.85,4.876871109,4.85,4.728475571,4.85,4.964216232,4.85,4.562855721,9.7,9.149104118,9.7,9.310730934,9.7,9.131178856,9.7,9.356327057,0.6,0.977371693,0.6,0.824396968,0.6,1.12333405,0.6,1.094422817,3.62,3.946678162,3.62,3.328720331,3.62,3.873833418,3.62,4.404187679,0.69,0.500892401,0.69,0.117982246,0.69,0.671612501,0.69,0.793648362,6.12,6.100282192,6.12,5.78227663,6.12,6.405739784,6.12,6.164947987,4.36,5.526836395,4.36,5.392178535,4.36,5.574728966,4.36,5.292031288,0.7,1.124387026,0.7,0.994511008,0.7,1.168001413,0.7,1.120480537,7.62,7.720504284,7.62,7.551615715,7.62,7.852786064,7.62,8.240704536,0.95,1.001530886,0.95,0.931106329,0.95,1.113022923,0.95,0.91063714,7.62,6.416926861,7.62,6.302463055,7.62,6.44857502,7.62,6.546900272,0.9,1.096348524,0.9,0.864765286,0.9,1.149382949,0.9,1.662653208,4.75,4.61913538,4.75,4.288988113,4.75,4.634709358,4.75,5.3478055,2.12,1.870854497,2.12,2.167016745,2.12,2.297367334,2.12,2.246002197,1.93,2.066863775,1.93,1.849803805,1.93,2.170277834,1.93,2.20389986,7.1,5.477002144,7.1,5.247739792,7.1,6.064471245,7.1,6.029236317,0.68,1.254316092,0.68,1.071584344,0.68,1.405768991,0.68,1.118244171,7.89,7.880504608,7.89,7.579937935,7.89,8.456302643,7.89,7.593224049,4.02,3.913557768,4.02,3.963172674,4.02,3.74228406,4.02,4.149559498,3.62,2.925789356,3.62,2.910223722,3.62,3.009356499,3.62,3.495818138
0.59,0.320359677,0.59,1.43892777,0.59,-0.053543448,0.59,0.105293423,0.9,0.755746841,0.9,2.078478336,0.9,0.889401078,0.9,1.287753105,7.62,5.085398674,7.62,5.438157558,7.62,6.73412323,7.62,6.225871563,4.2,5.26540184,4.2,5.627043247,4.2,5.089616776,4.2,5.288174152,4.01,5.061296463,4.01,4.907303333,4.01,5.827257156,4.01,5.384276867,0.95,1.099507093,0.95,1.255741239,0.95,1.030099273,0.95,0.840356827,0.69,0.639742732,0.69,0.652659297,0.69,0.726470232,0.69,0.754296184,1.1,0.80370903,1.1,0.641967356,1.1,0.530737877,1.1,1.176544905,0.7,0.09756729,0.7,0.705003023,0.7,0.764044166,0.7,0.725940585,8.6,2.609763861,8.6,1.992084384,8.6,1.964604616,8.6,2.584887266,4.1,4.962921143,4.1,5.264601707,4.1,5.245560646,4.1,4.754461288,0.93,1.07785368,0.93,0.62171334,0.93,0.37649405,0.93,0.701315641,4.88,5.60509491,4.88,5.405109406,4.88,6.050242424,4.88,5.372334957,0.76,0.873499155,0.76,0.318077147,0.76,0.549309731,0.76,1.194795489,6.47,5.418374062,6.47,5.464231491,6.47,6.218753815,6.47,5.44359684,0.95,0.850396156,0.95,0.862972736,0.95,1.070817828,0.95,0.885596633,0.81,0.990074396,0.81,0.880797744,0.81,0.883646011,0.81,0.96541065,0.95,0.878346205,0.95,1.086520076,0.95,0.937092543,0.95,1.029666662,0.8,0.827499628,0.8,0.771306872,0.8,1.169816494,0.8,0.752512574,5,6.680508137,5,6.821723938,5,6.261947632,5,6.431079865,3.95,3.561828852,3.95,3.696249485,3.95,3.721593618,3.95,4.054300308,1.04,0.995868683,1.04,0.75920403,1.04,1.13329792,1.04,0.824555337,6.15,6.081335068,6.15,6.561127186,6.15,6.628371239,6.15,6.857602119,0.95,1.123261929,0.95,0.928365588,0.95,0.953839064,0.95,0.929978013,4.1,4.41709137,4.1,4.41934824,4.1,4.613948822,4.1,4.454458237,3.12,2.296130657,3.12,2.772007227,3.12,2.532240391,3.12,2.42779541,5.73,6.57235527,5.73,6.270363808,5.73,6.707244873,5.73,6.520069599,9.7,8.246967316,9.7,9.525007248,9.7,9.00163269,9.7,9.392579079,4.4,4.336661816,4.4,4.403352737,4.4,4.458230972,4.4,4.688318253,0.95,1.334911346,0.95,1.113164067,0.95,0.974934697,0.95,0.93001157,7.62,6.816767216,7.62,6.590927601,7.62,6.946134567,7.62,6.996134758,5.9,5.160683632,5.9,5.517997265,5.9,4.500380516,5.9,4.995285988,4.52,4.387162209,4.52,4.445358276,4.52,4.459816933,4.52,4.622779369,3.62,3.567506075,3.62,3.535650015,3.62,3.591562986,3.62,3.696251869,5.73,6.427368164,5.73,6.446021557,5.73,6.303426743,5.73,6.725355625,0.9,0.872664928,0.9,1.145305037,0.9,1.09105289,0.9,0.955497682,7.62,6.704881668,7.62,6.771214008,7.62,6.547207832,7.62,7.062395096,0.95,0.967152715,0.95,1.171151161,0.95,0.945239067,0.95,1.020882845,0.7,0.778283358,0.7,0.528898358,0.7,1.099783301,0.7,0.810986996,8.6,8.829349518,8.6,8.594773293,8.6,9.925947189,8.6,9.050086021,6.48,6.197646141,6.48,6.375136375,6.48,6.129901886,6.48,6.215207577,8.4,8.56890583,8.4,8.461267471,8.4,8.890815735,8.4,8.775602341,3.6,3.409084797,3.6,2.984161854,3.6,3.463770628,3.6,3.643832684,0.95,1.0256387,0.95,0.895932317,0.95,1.090129375,0.95,0.996406555,0.93,1.02528739,0.93,1.276723027,0.93,1.01092124,0.93,1.039788485,3.12,2.413447618,3.12,2.474058628,3.12,2.747919083,3.12,2.659067392,0.86,0.93732357,0.86,0.443793148,0.86,0.950945258,0.86,0.618251979,0.95,1.047455192,0.95,0.920473456,0.95,0.997715473,0.95,0.91564095,1.42,1.625027895,1.42,1.633562446,1.42,1.546246767,1.42,1.6169765,5,5.930851936,5,5.930099487,5,6.120000839,5,6.26184082,4.36,4.423111916,4.36,4.313258171,4.36,4.469679832,4.36,4.480212212,0.9,0.878185153,0.9,0.979420781,0.9,1.212779999,0.9,0.91489464,4.32,4.604619503,4.32,4.445074081,4.32,4.478344917,4.32,4.556167603,6.6,7.357680798,6.6,7.251976967,6.6,6.974163055,6.6,7.371260166,3.37,3.248905897,3.37,3.180215597,3.37,3.335933924,3.37,3.064958096,5.27,4.094964504,5.27,4.2034235,5.27,4.324651718,5.27,4.468092918,0.85,0.817198038,0.85,0.864876866,0.85,0.950471401,0.85,1.140683651,6.47,5.939105988,6.47,5.9450984,6.47,6.303218842,6.47,6.082503319,3.37,3.243761778,3.37,3.179038286,3.37,3.369223833,3.37,3.141916037,8.4,8.81162262,8.4,8.865139008,8.4,8.550048828,8.4,8.69062233,0.94,0.983672619,0.94,0.91786468,0.94,0.88266468,0.94,0.860427976,0.95,0.91702342,0.95,0.818047404,0.95,0.95571208,0.95,1.010964036,1.05,1.038138747,1.05,1.154230475,1.05,1.142539263,1.05,0.93633604,8.39,8.246567726,8.39,8.46316433,8.39,8.186121941,8.39,8.452000618,3.04,2.822585821,3.04,2.614541769,3.04,2.839416265,3.04,3.246315002,0.82,1.09347558,0.82,0.407623142,0.82,0.897730589,0.82,0.952743888,2.79,2.903728724,2.79,2.774585724,2.79,3.116454363,2.79,2.824444294,0.95,0.922170639,0.95,0.828137279,0.95,0.960569143,0.95,1.01087451,0.73,1.255913973,0.73,1.354149818,0.73,1.409666061,0.73,1.351250887,6.8,6.848991394,6.8,6.995689392,6.8,7.009370804,6.8,6.890209675,3.6,3.695277929,3.6,3.291969061,3.6,3.486377954,3.6,3.743822098,8.6,8.815767288,8.6,9.151497841,8.6,8.786030769,8.6,9.048259735,2.72,2.299516439,2.72,2.275785446,2.72,2.481681347,2.72,2.313843966,7.94,5.360496998,7.94,5.404626846,7.94,5.931158066,7.94,6.01386261,0.84,0.91724658,0.84,1.109171748,0.84,1.05575943,0.84,0.962840557,0.95,0.861138463,0.95,1.080990076,0.95,0.905768275,0.95,1.024749637,3.04,2.822766066,3.04,2.593622684,3.04,2.857456923,3.04,3.136046648,6.5,6.390769958,6.5,6.192212105,6.5,6.416376114,6.5,6.510832787,1.49,1.661841154,1.49,1.714672089,1.49,1.868018746,1.49,1.635398388,3.12,3.578546762,3.12,2.968071699,3.12,3.247381926,3.12,3.382176638,0.64,0.622029066,0.64,0.494464725,0.64,0.839983702,0.64,0.603401124,4.35,4.115929604,4.35,4.240729332,4.35,4.4395504,4.35,4.270717621,0.7,0.589128256,0.7,0.837819219,0.7,0.822600186,0.7,0.681000173,2.62,2.236843348,2.62,2.722539663,2.62,2.766240835,2.62,2.935779333,3.75,3.881164074,3.75,3.635547876,3.75,3.811615229,3.75,3.896511316,0.97,0.814605713,0.97,0.886974931,0.97,1.460814595,0.97,1.47896862,0.73,0.941073418,0.73,0.757187247,0.73,1.001191616,0.73,0.781554759,2.71,2.186200619,2.71,2.682377577,2.71,2.879074812,2.71,2.863147259,4.02,3.994805336,4.02,3.839425802,4.02,3.881804943,4.02,4.080048084,0.95,0.924838066,0.95,0.687344074,0.95,0.95012784,0.95,0.950242937,0.81,0.8622123,0.81,1.061172366,0.81,0.956906557,0.81,0.783597291,0.95,0.676397681,0.95,0.827182174,0.95,1.14467454,0.95,1.101445675,0.69,1.09836936,0.69,1.119598269,0.69,0.569399834,0.69,0.649954975,5.9,5.526997566,5.9,5.879131317,5.9,6.322638512,5.9,6.22908926,9.45,9.470844269,9.45,9.365361214,9.45,9.780834198,9.45,9.740222931,3.2,3.025364637,3.2,3.319965124,3.2,3.893793583,3.2,3.466822863,4.75,4.590993881,4.75,4.257199764,4.75,4.63934803,4.75,5.304180145,4.35,3.805672407,4.35,4.431359291,4.35,4.389073372,4.35,4.193361282,0.59,0.755848169,0.59,0.953986049,0.59,0.507583022,0.59,0.77176553,6.06,5.896664143,6.06,5.625715256,6.06,6.059201241,6.06,5.644230843
1.88,1.824083805,1.88,2.382586241,1.88,1.689777374,1.88,2.325562716,4.35,7.417478561,4.35,5.728861332,4.35,6.164542198,4.35,6.108530045,4.39,4.591590881,4.39,4.320799828,4.39,4.559167862,4.39,4.424753189,1.1,1.613316059,1.1,0.780430138,1.1,1.645282984,1.1,1.529336691,0.8,0.883301616,0.8,0.613141179,0.8,0.745703816,0.8,0.583016217,0.95,1.252100229,0.95,1.383586049,0.95,1.038243651,0.95,1.297125816,3.37,3.65299511,3.37,3.860576391,3.37,3.65914464,3.37,3.792615175,3.62,3.854574203,3.62,3.986162901,3.62,3.868861437,3.62,3.535722494,1.93,2.451747179,1.93,2.469865084,1.93,2.339204073,1.93,2.096402645,0.7,1.431998849,0.7,1.164162397,0.7,1.406305432,0.7,1.611411095,0.68,0.702571869,0.68,0.387458414,0.68,0.637185812,0.68,0.735440433,3.37,4.039950848,3.37,3.446733236,3.37,3.705879927,3.37,3.567968607,7.62,7.227866173,7.62,6.840684891,7.62,7.797586441,7.62,7.048484802,4.2,3.567515612,4.2,4.1817379,4.2,3.903615713,4.2,4.695672512,1.49,2.013423443,1.49,1.744220376,1.49,1.418470383,1.49,1.463509798,0.95,0.981997132,0.95,0.796904445,0.95,0.937166035,0.95,1.013986349,4.38,4.463572502,4.38,4.350615501,4.38,4.470877647,4.38,4.545520306,0.88,0.867914677,0.88,0.834028661,0.88,0.753009796,0.88,0.975373149,0.6,0.603608489,0.6,0.560183406,0.6,0.865305066,0.6,0.566643655,4.7,5.939297676,4.7,6.390879631,4.7,5.952803612,4.7,5.165812969,3.75,4.422154903,3.75,3.951686144,3.75,4.157576561,3.75,4.042871475,3.12,2.44167614,3.12,2.90170598,3.12,2.324908018,3.12,2.421127319,0.8,0.747964144,0.8,0.806059718,0.8,1.091379166,0.8,0.804404974,2.93,3.625914812,2.93,3.66089654,2.93,4.078564644,2.93,4.40443182,4.39,4.72193718,4.39,4.586235046,4.39,4.483887672,4.39,4.70212698,0.95,0.984121442,0.95,0.976914525,0.95,0.885005891,0.95,0.910523534,0.84,0.983609676,0.84,0.795615435,0.84,1.024508715,0.84,0.841542542,5.27,4.827101231,5.27,4.939065933,5.27,5.349250793,5.27,5.200980186,1.63,1.814993501,1.63,2.00871563,1.63,1.776736736,1.63,1.533566475,0.6,0.850076437,0.6,0.813004494,0.6,0.959559023,0.6,1.001236916,0.6,0.838992953,0.6,0.313005358,0.6,0.724215984,0.6,0.84816277,6.1,6.171312809,6.1,6.24920845,6.1,6.55597496,6.1,6.251196384,0.6,0.911852598,0.6,0.337504774,0.6,0.705317199,0.6,0.844820857,0.95,0.997615457,0.95,0.988245964,0.95,1.000649691,0.95,0.931207657,0.93,0.910974741,0.93,1.250918269,0.93,0.986688852,0.93,1.025328159,3.62,3.539359808,3.62,3.562236786,3.62,3.605053425,3.62,3.683663368,0.84,0.939028263,0.84,0.794471622,0.84,0.968450546,0.84,0.796049654,0.97,0.879394174,0.97,1.159166455,0.97,1.380404115,0.97,1.11466527,0.7,0.466656983,0.7,0.621093273,0.7,0.704627633,0.7,0.709815204,3.18,3.255950212,3.18,3.32817173,3.18,3.281396151,3.18,3.546491146,2.79,2.597357512,2.79,2.606305838,2.79,2.676577568,2.79,2.64891386,1.1,0.829952478,1.1,0.850944996,1.1,0.867336094,1.1,0.790193081,1.93,2.154849768,1.93,1.662778735,1.93,2.126245022,1.93,1.897335529,3.18,3.077392817,3.18,3.101656199,3.18,3.260388613,3.18,3.335726976,0.68,0.793070793,0.68,0.543970942,0.68,0.884960532,0.68,0.862259388,9.7,9.104637146,9.7,8.910634995,9.7,9.334632874,9.7,9.586271286,0.64,0.59374547,0.64,0.454706997,0.64,0.644311428,0.64,0.425594866,0.95,0.978658319,0.95,0.886431575,0.95,0.943596601,0.95,0.926160276,0.84,0.90865016,0.84,0.805816054,0.84,1.004885197,0.84,0.93180728,7.39,7.787904739,7.39,7.751004219,7.39,7.201933861,7.39,7.586845398,4.36,5.424199104,4.36,5.31486702,4.36,5.308148384,4.36,5.036083221,4.8,5.241065979,4.8,5.518304348,4.8,5.40805912,4.8,5.906086445,0.67,0.711222768,0.67,0.799963832,0.67,1.084391356,0.67,0.7580809,0.95,0.895913839,0.95,0.916355968,0.95,0.971718311,0.95,0.980290055,6.48,6.307965755,6.48,6.069307327,6.48,6.286670685,6.48,6.324793339,3.62,3.691751719,3.62,3.495218754,3.62,3.754307032,3.62,3.711743832,2.79,2.770193815,2.79,2.652439117,2.79,2.891450405,2.79,2.611066341,0.95,0.95032227,0.95,0.939457297,0.95,1.120592475,0.95,1.041728616,0.7,0.941831589,0.7,0.924486756,0.7,0.612515211,0.7,0.646742642,5.9,5.380544662,5.9,5.640201092,5.9,5.190592766,5.9,5.294289589,1.05,1.041365862,1.05,1.105107188,1.05,1.130567312,1.05,0.920823395,9.7,9.433474541,9.7,9.423175812,9.7,9.096072197,9.7,9.340168953,6.47,6.6328578,6.47,6.701198578,6.47,6.664463997,6.47,6.661912441,0.97,0.933151484,0.97,0.953354716,0.97,1.324827552,0.97,1.239022017,4.02,3.825888872,4.02,3.830353498,4.02,3.990406752,4.02,4.181518555,9.7,9.284557343,9.7,9.557373047,9.7,9.012461662,9.7,9.250839233,0.87,1.049601316,0.87,1.000498652,0.87,0.861210585,0.87,0.866039455,7.39,7.58180809,7.39,7.523953915,7.39,7.288215637,7.39,7.479094505,3.95,4.569229603,3.95,4.057070255,3.95,4.551213264,3.95,4.232257366,4.68,4.86929512,4.68,4.725809097,4.68,5.142054558,4.68,5.061094761,0.77,0.830846667,0.77,0.932630897,0.77,0.961930573,0.77,0.892080724,0.88,1.17735219,0.88,0.851040721,0.88,1.231158733,0.88,1.048857927,0.68,0.860296011,0.68,0.651441693,0.68,0.925161719,0.68,1.17013073,3.62,3.832665205,3.62,3.368493795,3.62,3.811523914,3.62,4.191102028,1.63,1.835390568,1.63,1.811380148,1.63,1.993263364,1.63,1.758242369,3.12,3.674706221,3.12,2.899122477,3.12,3.228165627,3.12,3.432382822,0.84,0.967350721,0.84,0.846960425,0.84,1.048481107,0.84,0.858562112,0.95,1.215521216,0.95,0.680424154,0.95,0.974813938,0.95,0.897355139,4.85,4.84756279,4.85,4.694369316,4.85,4.980454445,4.85,4.557126045,6.8,6.829153538,6.8,6.83073473,6.8,7.086969376,6.8,7.030572414,6.15,6.122030735,6.15,5.92209959,6.15,5.934437752,6.15,6.111183167,5.27,4.235944271,5.27,4.140239716,5.27,4.524755478,5.27,4.342768192,6.48,6.185903549,6.48,5.994081497,6.48,6.226381302,6.48,6.650906086,0.97,0.80615437,0.97,0.83825767,0.97,1.449680328,0.97,1.452606678,3.75,3.881164074,3.75,3.635547876,3.75,3.811615229,3.75,3.896511316,9.7,9.103772163,9.7,9.241034508,9.7,9.19696331,9.7,9.40412426,3.75,3.869341612,3.75,3.664973974,3.75,3.783600807,3.75,3.899920225,0.95,0.893576443,0.95,0.679722905,0.95,1.045137167,0.95,1.064441919,0.73,0.944153547,0.73,0.678562999,0.73,1.003080845,0.73,0.808990061,1.63,2.062510014,1.63,2.064002037,1.63,1.747658849,1.63,1.737127542,0.7,0.736879706,0.7,0.896404386,0.7,0.869333148,0.7,0.703912914,0.82,0.840224504,0.82,0.576326728,0.82,0.659496307,0.82,1.109149933,4.01,4.169661522,4.01,3.859862804,4.01,4.187660217,4.01,4.804073334,3.18,2.939486504,3.18,3.069968939,3.18,2.992275,3.18,2.909648418,0.6,1.215507746,0.6,1.036993384,0.6,1.366133928,0.6,1.135853291,1.49,1.805384994,1.49,2.137614965,1.49,1.699215174,1.49,1.643231392,2.72,2.549361467,2.72,2.442346334,2.72,2.15790987,2.72,2.133209705,0.95,1.566539288,0.95,0.725877285,0.95,1.066977501,0.95,0.94530499,1.63,2.106723309,1.63,2.054466009,1.63,2.060178041,1.63,2.043988943,1.88,1.876309395,1.88,2.39786458,1.88,1.965930939,1.88,1.90391469
2.16,2.048018456,2.16,2.12924099,2.16,1.942216516,2.16,1.884904385,0.95,0.774797916,0.95,1.07015574,0.95,1.029351711,0.95,0.835107684,6.47,5.118774414,6.47,5.433279991,6.47,6.798041344,6.47,6.274560928,6.8,5.155035973,6.8,6.298677444,6.8,6.646631241,6.8,7.228497505,0.67,0.411651105,0.67,0.529120326,0.67,0.643810511,0.67,0.614537477,0.82,2.384740114,0.82,1.763647079,0.82,2.446122408,0.82,2.285462141,3.95,3.15753293,3.95,3.344017744,3.95,3.300009012,3.95,3.243550301,0.95,0.750728548,0.95,1.045072436,0.95,0.916719496,0.95,1.01293993,3.75,4.504233837,3.75,4.719680786,3.75,4.611710548,3.75,4.490057945,9.7,7.504768372,9.7,7.096127987,9.7,8.080454826,9.7,8.499687195,3.37,3.378974199,3.37,4.13922739,3.37,4.449421883,3.37,3.988494635,6.8,5.989024162,6.8,6.718495846,6.8,6.896914482,6.8,6.429764748,0.69,0.882822394,0.69,0.635120034,0.69,0.78541398,0.69,1.062879443,1.1,1.867148519,1.1,1.15637219,1.1,1.132666111,1.1,1.823372364,6.06,6.63781929,6.06,6.765458107,6.06,7.167099953,6.06,6.69540453,0.95,0.933424115,0.95,0.92764461,0.95,0.962198019,0.95,0.882751584,2.72,2.488437891,2.72,2.23678422,2.72,2.092243671,2.72,2.423133135,3.64,3.581814051,3.64,3.397552013,3.64,3.852965117,3.64,4.448266983,0.73,1.509533882,0.73,1.362400055,0.73,1.764439344,0.73,1.362025738,0.95,1.022723079,0.95,0.873272777,0.95,0.933115363,0.95,0.928100765,0.77,0.649223089,0.77,0.943268657,0.77,0.915517092,0.77,0.891822815,0.82,0.842490315,0.82,1.174430728,0.82,0.803234696,0.82,0.974467337,0.69,0.715978503,0.69,0.61864078,0.69,0.719797134,0.69,0.802719593,6.5,6.038917542,6.5,6.078124046,6.5,6.393696785,6.5,6.75606966,0.77,0.857436299,0.77,0.858380675,0.77,0.746304691,0.77,0.858873188,6.06,6.31690073,6.06,5.964410305,6.06,6.662039757,6.06,6.710207939,4.52,4.359830856,4.52,4.395819187,4.52,4.460464478,4.52,4.68257618,2.12,2.261453867,2.12,2.479089975,2.12,2.506468773,2.12,2.288313627,1.05,0.928033412,1.05,0.832889915,1.05,1.018343925,1.05,0.954535484,6.1,6.184304237,6.1,6.406366825,6.1,6.765575409,6.1,6.131659508,6.15,5.971439362,6.15,6.094007492,6.15,6.69979763,6.15,6.332881927,0.95,1.320838332,0.95,1.168525815,0.95,0.875290573,0.95,0.923894823,0.87,0.9328475,0.87,0.940968394,0.87,0.93190217,0.87,0.810307264,0.95,0.952780008,0.95,0.869729877,0.95,0.941857934,0.95,1.016786575,0.73,0.951677203,0.73,0.812633872,0.73,0.928076744,0.73,0.95347929,0.82,1.712584496,0.82,1.274521232,0.82,1.343837738,0.82,1.075512171,0.73,1.220973253,0.73,1.167649746,0.73,1.145813227,0.73,1.35978508,2.71,2.737426996,2.71,2.689768791,2.71,2.946695566,2.71,3.063209534,0.68,0.839452624,0.68,0.427518994,0.68,0.72614795,0.68,0.844870627,1.49,1.548432231,1.49,1.637751698,1.49,1.810612679,1.49,1.667944431,4.85,4.654612541,4.85,4.868299484,4.85,4.598752022,4.85,4.435092926,0.95,1.134106636,0.95,0.874167442,0.95,0.977239907,0.95,0.938750327,3.64,3.785084009,3.64,3.2979424,3.64,3.886431694,3.64,4.072557926,9.7,8.991412163,9.7,8.885962486,9.7,9.338752747,9.7,9.442989349,0.75,0.76357615,0.75,0.594055057,0.75,0.908488274,0.75,0.797065258,0.95,0.929852605,0.95,1.03023541,0.95,0.943391919,0.95,0.980111897,4.43,4.449185371,4.43,4.310743332,4.43,4.466882706,4.43,4.478397846,0.95,0.938076138,0.95,0.799414754,0.95,1.133351326,0.95,1.031236172,5.73,6.468626976,5.73,6.67288208,5.73,6.444776535,5.73,6.274144173,0.95,1.012337565,0.95,0.932213187,0.95,1.007460713,0.95,0.930678129,0.67,0.718672991,0.67,0.810713649,0.67,1.107804537,0.67,0.754163861,3.2,3.617928028,3.2,3.597063541,3.2,3.537337542,3.2,3.361270428,4.1,4.204555988,4.1,3.708905935,4.1,4.041694641,4.1,4.278615475,0.95,0.97640276,0.95,0.910396218,0.95,1.005198002,0.95,0.93005091,4.38,4.500528336,4.38,4.483372211,4.38,4.476111412,4.38,4.51954937,5.1,4.593142509,5.1,4.494900703,5.1,4.758927345,5.1,5.094880104,1.05,1.050972223,1.05,1.010360122,1.05,1.109551907,1.05,0.934902251,7.1,5.301372051,7.1,5.497281075,7.1,5.498706818,7.1,5.911188126,0.75,0.698895335,0.75,0.703437686,0.75,0.849897623,0.75,0.759558439,1.1,0.526852131,1.1,0.714687228,1.1,0.739759266,1.1,0.942426145,4.75,5.058110714,4.75,4.78278017,4.75,4.990948677,4.75,5.541388035,6.06,6.005351067,6.06,6.013804436,6.06,6.410342216,6.06,6.191962719,3.75,3.682066202,3.75,3.668853045,3.75,3.831982374,3.75,3.908606768,1.63,1.916008472,1.63,1.496447682,1.63,1.762691379,1.63,1.543605804,4.51,4.388568401,4.51,4.459517956,4.51,4.478940964,4.51,4.481085777,0.95,0.997790933,0.95,0.937580824,0.95,0.977265716,0.95,0.928176284,3.37,3.256214857,3.37,3.201860189,3.37,3.457826853,3.37,3.374615192,4.68,4.842622757,4.68,4.712363243,4.68,5.111274719,4.68,5.08357811,0.67,0.685136795,0.67,0.702512622,0.67,0.850574732,0.67,0.722397566,8.6,8.877848625,8.6,9.224741936,8.6,8.799143791,8.6,9.098725319,0.86,0.909377813,0.86,0.400022835,0.86,0.982031107,0.86,0.655604303,0.82,0.667419195,0.82,0.48848471,0.82,0.84130311,0.82,0.704458535,0.64,0.533642054,0.64,0.44061026,0.64,0.641605854,0.64,0.516434491,1.1,0.652359962,1.1,0.71478498,1.1,0.784292281,1.1,1.014865875,0.84,0.91724658,0.84,1.109171748,0.84,1.05575943,0.84,0.962840557,0.95,1.200098515,0.95,0.857577026,0.95,1.094471216,0.95,1.079878807,0.6,0.578379631,0.6,0.677563548,0.6,0.646062315,0.6,0.535953701,0.95,1.059526682,0.95,0.886826694,0.95,1.08874917,0.95,1.036044955,4.31,4.485582352,4.31,4.461506844,4.31,4.494105339,4.31,4.542938709,0.56,1.208772063,0.56,0.960112929,0.56,0.950816453,0.56,0.891607404,4.36,4.437036514,4.36,4.421683311,4.36,4.49315834,4.36,4.519609928,8,7.591315269,8,7.560742855,8,7.713571548,8,7.699586868,0.75,0.627146959,0.75,0.459427685,0.75,0.645473719,0.75,0.69751817,0.95,1.118851423,0.95,1.068457007,0.95,0.999245048,0.95,1.015814781,0.6,0.483903736,0.6,0.742859244,0.6,0.705011189,0.6,0.569904745,6.8,6.837882996,6.8,6.754034996,6.8,7.157497406,6.8,7.133879185,1.42,1.573809981,1.42,1.800965428,1.42,1.647558451,1.42,1.738554001,2.8,3.625730276,2.8,3.40420866,2.8,3.568746328,2.8,3.460064888,3.75,3.857521772,3.75,3.694402933,3.75,3.755586147,3.75,3.910909176,4.7,5.298357487,4.7,4.828821182,4.7,5.382499695,4.7,5.096666813,4.75,4.627918243,4.75,4.299833298,4.75,4.599209785,4.75,5.324950695,0.95,0.617612481,0.95,0.798111677,0.95,1.119257808,0.95,1.093460321,0.84,0.932352543,0.84,0.62328136,0.84,1.054645538,0.84,0.866427541,0.95,0.993553638,0.95,0.930955172,0.95,0.820206165,0.95,0.949260831,4.36,5.630883217,4.36,5.528595448,4.36,5.525305748,4.36,5.391289234,0.86,0.933535337,0.86,1.231024623,0.86,1.362570524,0.86,1.446520329,0.6,1.254316092,0.6,1.071584344,0.6,1.405768991,0.6,1.118244171,0.95,1.477300882,0.95,1.274726033,0.95,1.141857147,0.95,0.983316958,0.8,1.21557188,0.8,1.025399804,0.8,1.375193119,0.8,0.994493127,0.56,0.941041231,0.56,1.595193028,0.56,0.982640147,0.56,1.199200273
6.64,5.764267921,6.64,4.819490433,6.64,6.157970428,6.64,5.447636127,3.18,2.989290953,3.18,4.18140316,3.18,3.677497387,3.18,3.069156647,0.73,0.921596169,0.73,0.851328254,0.73,1.010916233,0.73,0.774559021,3.12,3.892649651,3.12,4.297852516,3.12,5.202306747,3.12,5.424289703,0.69,0.412725538,0.69,0.453298897,0.69,0.740679741,0.69,0.714252055,0.95,1.032102346,0.95,0.97764957,0.95,0.973387718,0.95,1.024121165,4.31,4.70532608,4.31,4.345485687,4.31,4.530482292,4.31,4.595983505,4.8,4.479176998,4.8,5.627654076,4.8,5.324303627,4.8,5.111255646,0.59,0.577545881,0.59,0.848647356,0.59,0.819842875,0.59,0.999668002,7.1,4.565422535,7.1,5.717844963,7.1,5.457190514,7.1,5.205928326,6.15,5.758412361,6.15,6.288297176,6.15,6.514712334,6.15,6.81347084,0.76,0.77246809,0.76,0.468219131,0.76,0.620734096,0.76,1.175249338,0.84,0.948262215,0.84,0.920318127,0.84,0.973272204,0.84,1.005735397,0.95,1.198426604,0.95,0.919426203,0.95,1.232469559,0.95,0.930932522,3.6,3.660248041,3.6,3.190035343,3.6,3.034767866,3.6,2.748399258,0.95,0.933380306,0.95,0.926648974,0.95,0.99813962,0.95,0.932082891,0.6,0.62731111,0.6,0.505579829,0.6,0.886348844,0.6,0.595531106,2.62,3.147783279,2.62,2.561564207,2.62,3.017410517,2.62,3.130113363,4.85,4.496501923,4.85,4.485420704,4.85,4.388903618,4.85,4.441081524,0.95,0.955690205,0.95,0.851660609,0.95,0.933268785,0.95,1.017172813,0.86,0.7902807,0.86,0.53278172,0.86,0.980282307,0.86,0.752263844,0.95,1.080098867,0.95,0.710847974,0.95,0.983721733,0.95,0.927645326,4.36,4.891227722,4.36,4.957599163,4.36,5.396660805,4.36,4.963868618,0.95,0.861409426,0.95,1.184232831,0.95,0.92817378,0.95,1.029040575,4.85,4.226067543,4.85,4.583034992,4.85,4.603765488,4.85,4.720869064,0.95,1.277891994,0.95,0.935970426,0.95,1.201185822,0.95,0.989578545,1.05,0.980262101,1.05,0.829482913,1.05,1.017074347,1.05,0.925547302,0.95,1.000968933,0.95,0.952820301,0.95,0.899639845,0.95,0.912928939,2.79,2.554124355,2.79,2.897832394,2.79,2.619229078,2.79,2.422969341,4.68,5.02175808,4.68,4.661284447,4.68,5.154733658,4.68,5.200521469,0.85,0.847911477,0.85,0.477168053,0.85,1.074992776,0.85,0.880214512,6.12,5.750417709,6.12,5.605120659,6.12,6.268745422,6.12,5.954480648,4.85,4.397564411,4.85,4.81080246,4.85,4.424798965,4.85,4.577144146,6.15,5.974790096,6.15,5.758488655,6.15,6.025465012,6.15,6.43568325,4.31,4.614715576,4.31,4.525864124,4.31,4.472718239,4.31,4.634552479,0.95,0.998562574,0.95,0.888372302,0.95,0.962427557,0.95,0.921949446,4.01,4.199625492,4.01,4.296149731,4.01,4.404064178,4.01,4.843174458,8,7.689792633,8,7.595567703,8,8.11421299,8,7.645702839,4.88,5.267554283,4.88,5.493645191,4.88,4.913833618,4.88,5.091277122,6.12,5.767874241,6.12,5.524557114,6.12,5.885640144,6.12,5.887603283,4.42,4.688930988,4.42,4.470150948,4.42,4.472827911,4.42,4.580435276,7.89,8.042913437,7.89,7.840264797,7.89,7.759040833,7.89,8.015289307,0.85,0.750997543,0.85,0.587807417,0.85,1.145473123,0.85,0.810347795,0.95,0.967585325,0.95,0.903144717,0.95,1.015474319,0.95,0.999131739,0.6,0.525742471,0.6,0.599174738,0.6,0.584148705,0.6,0.619412482,0.95,1.163388968,0.95,0.676194549,0.95,0.901285887,0.95,0.921501935,2.16,2.135008335,2.16,2.195960283,2.16,2.301758766,2.16,2.086889267,6.8,7.246809959,6.8,7.044279575,6.8,7.166543961,6.8,7.104384422,1.42,1.625027895,1.42,1.633562446,1.42,1.546246767,1.42,1.6169765,5.1,5.327665329,5.1,5.395422935,5.1,5.328531265,5.1,5.237307549,7.62,8.315134048,7.62,7.676020622,7.62,8.288051605,7.62,7.856142998,8,7.828194141,8,7.638404846,8,7.501211166,8,7.67062521,1.63,1.803161263,1.63,1.717710257,1.63,1.859954953,1.63,1.689060211,8.4,9.026402473,8.4,8.657783508,8.4,8.668207169,8.4,8.816045761,0.59,0.516222239,0.59,0.635302186,0.59,0.643541455,0.59,0.577521741,0.95,0.899317384,0.95,0.915834546,0.95,1.016273975,0.95,1.08466959,3.37,3.247755289,3.37,3.181199789,3.37,3.353954792,3.37,3.104104757,2.8,3.255424738,2.8,2.938843489,2.8,3.525999069,2.8,3.32886076,6.47,6.649430752,6.47,6.705605507,6.47,6.612117767,6.47,6.560577393,0.9,0.962552667,0.9,0.939365745,0.9,1.243567467,0.9,1.024471045,0.77,0.715817809,0.77,0.860261321,0.77,0.835646808,0.77,0.86436075,1.3,2.432966948,1.3,1.985192418,1.3,2.150396109,1.3,2.325232267,0.75,0.699643135,0.75,0.691191554,0.75,0.779882431,0.75,0.744018495,0.95,1.03103745,0.95,1.152332783,0.95,0.965567231,0.95,0.92224884,0.75,0.710508943,0.75,0.608906627,0.75,0.726090193,0.75,0.736284614,0.95,1.086527824,0.95,0.662306666,0.95,0.89319253,0.95,0.919218242,6.47,6.250191689,6.47,6.216388226,6.47,6.534422874,6.47,6.335546494,3.64,3.427865267,3.64,2.976873875,3.64,3.307010889,3.64,3.395109177,6.47,6.293475628,6.47,6.244256973,6.47,6.559158325,6.47,6.397592068,6.8,6.848991394,6.8,6.995689392,6.8,7.009370804,6.8,6.890209675,4.5,4.494713783,4.5,4.503396511,4.5,4.488661766,4.5,4.540874004,1.63,2.023488522,1.63,1.489566684,1.63,1.728782058,1.63,1.62485671,2.16,2.140067101,2.16,2.148060322,2.16,2.330818176,2.16,2.177705288,0.95,1.012364864,0.95,0.945420146,0.95,1.02622366,0.95,0.956250012,2.16,2.0843997,2.16,2.146312714,2.16,2.28971076,2.16,2.165955305,8.6,8.691606522,8.6,9.005002022,8.6,8.759805679,8.6,8.947320938,7.62,7.748606682,7.62,7.544726372,7.62,7.790184021,7.62,8.37680912,3.75,4.023505211,3.75,3.27700305,3.75,3.756595135,3.75,3.897056103,0.7,0.862576962,0.7,0.551068664,0.7,0.88813585,0.7,1.069595814,6.12,6.026870251,6.12,5.715002537,6.12,6.227841377,6.12,6.077848434,4.01,4.185347557,4.01,3.889596701,4.01,4.150431633,4.01,4.622170925,4.7,5.05377388,4.7,4.840977192,4.7,5.264242172,4.7,4.898454666,6.47,6.611068726,6.47,6.54029417,6.47,6.708717346,6.47,6.881718636,8.4,8.382329941,8.4,8.44997406,8.4,8.474915504,8.4,8.617448807,4.32,4.523476601,4.32,4.458479404,4.32,4.490938187,4.32,4.567547798,0.95,1.130474567,0.95,0.972427964,0.95,1.042654276,0.95,0.950351357,0.64,0.576502085,0.64,0.621314883,0.64,0.844214201,0.64,0.624218881,8.4,8.353762627,8.4,8.361722946,8.4,8.525212288,8.4,8.648106575,0.84,0.929344177,0.84,0.783883452,0.84,1.057227373,0.84,0.812923014,6.1,6.182200432,6.1,5.922395706,6.1,6.784153938,6.1,6.207081318,4.02,3.978556871,4.02,3.864174128,4.02,3.849719286,4.02,4.093950748,0.95,0.917064428,0.95,0.840495348,0.95,0.988189936,0.95,1.007439375,3.64,3.768459082,3.64,3.51798439,3.64,3.696895123,3.64,4.161571503,6.5,6.902023315,6.5,6.810266495,6.5,6.734226227,6.5,7.108927727,4.32,4.495587349,4.32,4.428733349,4.32,4.459280968,4.32,4.588497639,6.47,6.102823734,6.47,5.67496109,6.47,6.09670639,6.47,5.847299099,0.8,1.172869682,0.8,0.985759139,0.8,1.320859671,0.8,1.005470514,8.6,8.559673309,8.6,8.34240818,8.6,8.825336456,8.6,8.672766685,1.93,2.128616095,1.93,1.903841376,1.93,2.290326357,1.93,2.148775101,7.89,7.751667023,7.89,7.526526451,7.89,8.145550728,7.89,7.947145462
5.73,4.834840775,5.73,5.153074265,5.73,6.285447121,5.73,6.093429565,0.93,0.530943394,0.93,0.821270645,0.93,0.243830368,0.93,0.550119519,0.84,1.112037301,0.84,1.206259251,0.84,0.783089757,0.84,1.337808371,1.49,1.378934503,1.49,1.733940005,1.49,1.070132256,1.49,1.222577095,3.95,3.101026773,3.95,3.098939419,3.95,3.368670225,3.95,3.238878489,0.95,0.805613399,0.95,1.063246369,0.95,1.492008448,0.95,1.045373917,0.93,1.267173767,0.93,1.315244794,0.93,1.141363978,0.93,0.854045272,0.95,0.885915756,0.95,0.961676478,0.95,0.989074051,0.95,1.021567702,3.95,3.459966421,3.95,3.576268435,3.95,3.275633574,3.95,3.486304998,7.89,6.319791794,7.89,6.552922726,7.89,7.551995277,7.89,7.281233788,3.6,3.290688753,3.6,3.412163734,3.6,3.548202991,3.6,2.9913764,0.95,0.916989803,0.95,0.899479806,0.95,1.0232476,0.95,0.888474703,6.64,5.948384285,6.64,5.625141144,6.64,6.323030472,6.64,6.134765625,0.95,1.40716815,0.95,0.951999307,0.95,0.983230352,0.95,1.023160458,1.88,2.276453733,1.88,1.90058291,1.88,1.785966277,1.88,2.000425816,6.12,5.621062279,6.12,5.723916531,6.12,6.027297974,6.12,6.025265694,0.56,0.723150969,0.56,0.544330359,0.56,0.796551108,0.56,0.498458624,0.95,1.200327873,0.95,0.943008542,0.95,0.990393162,0.95,0.968066394,3.04,2.990945101,3.04,2.997830629,3.04,3.022485256,3.04,2.977000713,3.62,3.37240243,3.62,2.897829294,3.62,3.140018702,3.62,2.981527567,4.88,5.545751572,4.88,5.241373539,4.88,5.388347626,4.88,5.056342125,0.95,1.194646597,0.95,0.508562565,0.95,0.881827354,0.95,0.848094106,1.93,1.889912248,1.93,2.14101696,1.93,2.626224756,1.93,2.084969759,8.4,7.935734749,8.4,8.951053619,8.4,8.388271332,8.4,8.778706551,0.6,0.60257411,0.6,0.604709983,0.6,0.796480536,0.6,0.587328076,0.95,1.085837126,0.95,0.685016274,0.95,0.972091675,0.95,0.925633252,6.48,6.208669662,6.48,5.618848801,6.48,6.371132851,6.48,6.354506493,0.86,1.547033906,0.86,0.881192327,0.86,1.051196575,0.86,0.977235973,4.39,4.675600052,4.39,4.614292622,4.39,4.479419708,4.39,4.753245831,0.97,0.854486346,0.97,0.980905175,0.97,1.438718081,0.97,1.104997158,0.59,0.463570565,0.59,0.533195734,0.59,0.693824172,0.59,0.833545268,8.39,8.375123978,8.39,8.303750992,8.39,8.711266518,8.39,8.850988388,1.63,1.655030608,1.63,1.857706547,1.63,1.761530161,1.63,1.589207411,5.27,4.347484589,5.27,4.277476788,5.27,4.393449783,5.27,4.823772907,0.84,0.925192118,0.84,0.788835883,0.84,0.974734426,0.84,0.800788581,5.1,5.213793755,5.1,5.191146374,5.1,5.297679901,5.1,4.797262192,0.81,0.847436428,0.81,0.91201961,0.81,0.862087965,0.81,0.804801106,0.93,0.411021173,0.93,0.551307082,0.93,0.841989994,0.93,0.68510592,3.6,3.548542976,3.6,3.074459314,3.6,3.437963247,3.6,3.696161032,3.12,3.002494574,3.12,2.902208805,3.12,3.162647486,3.12,3.073806286,4.36,5.381932735,4.36,5.529250622,4.36,5.04830265,4.36,5.172570229,0.95,0.986821532,0.95,0.8942644,0.95,1.113964081,0.95,0.985396385,0.86,0.95008111,0.86,0.457450479,0.86,0.950311184,0.86,0.616049826,0.95,0.979649544,0.95,0.904040694,0.95,1.014653444,0.95,1.002376795,0.81,0.846884012,0.81,0.829024196,0.81,0.847518206,0.81,0.817124307,0.95,0.950747252,0.95,0.784953475,0.95,1.122616053,0.95,1.030455232,1.49,1.673010945,1.49,1.643970013,1.49,1.833926797,1.49,1.642128706,0.88,0.913889885,0.88,0.9747895,0.88,1.103379726,0.88,0.90645349,4.88,5.083256245,4.88,5.042193413,4.88,5.061500549,4.88,4.751291275,0.95,0.937873602,0.95,0.853167653,0.95,1.162207007,0.95,1.038677931,0.73,1.331554055,0.73,1.32847631,0.73,1.155843019,0.73,1.393873453,1.3,2.434037924,1.3,2.124217987,1.3,2.117436409,1.3,2.297350168,0.86,0.921019554,0.86,0.318773836,0.86,0.953216553,0.86,0.622723401,0.82,0.65885067,0.82,0.485200971,0.82,0.787843227,0.82,0.628401875,4.51,4.415139675,4.51,4.449642181,4.51,4.472402573,4.51,4.481242657,0.95,1.017623663,0.95,0.955708027,0.95,0.972003698,0.95,1.069790125,3.6,3.665326834,3.6,3.379710436,3.6,3.512811422,3.6,3.775235415,3.62,3.069765329,3.62,2.852208614,3.62,3.002619743,3.62,3.068745613,0.69,0.523392439,0.69,0.587055087,0.69,0.72446847,0.69,0.486300558,0.95,1.040712357,0.95,0.837467194,0.95,1.074866533,0.95,0.967675865,0.81,0.951485634,0.81,0.876695514,0.81,0.922836065,0.81,0.866030455,0.95,0.945333123,0.95,0.911650062,0.95,0.97038126,0.95,1.01678884,4.36,4.411202431,4.36,4.46313715,4.36,4.478072166,4.36,4.485651016,5.27,5.749434948,5.27,5.515460491,5.27,6.086241722,5.27,5.933804035,0.85,0.88325119,0.85,0.54817903,0.85,0.924713969,0.85,1.269657493,6.12,5.930819988,6.12,5.640092373,6.12,5.911110878,6.12,5.982176781,3.95,4.572915077,3.95,4.076075554,3.95,4.532689095,3.95,4.262403011,0.95,0.98538208,0.95,0.896377623,0.95,0.957700253,0.95,0.926097751,4.31,4.502305984,4.31,4.517235756,4.31,4.487565994,4.31,4.543095589,0.95,1.039273143,0.95,1.069629073,0.95,1.06031239,0.95,1.046379924,1.63,1.903450251,1.63,1.797617197,1.63,1.9924016,1.63,1.763342142,7.89,7.538818359,7.89,7.913989067,7.89,7.791007996,7.89,7.755582809,4.31,4.484089375,4.31,4.48762989,4.31,4.489606857,4.31,4.537090778,0.95,1.146812916,0.95,0.655936122,0.95,0.941233873,0.95,0.974444509,0.67,0.673792362,0.67,0.659734607,0.67,0.806316137,0.67,0.699339151,0.95,0.914912343,0.95,0.946010709,0.95,0.903768063,0.95,1.005143881,0.67,0.670624256,0.67,0.648971438,0.67,0.79404664,0.67,0.691677094,0.95,1.036012411,0.95,0.948529601,0.95,1.020921946,0.95,0.949570119,3.04,2.845710278,3.04,2.613069534,3.04,2.882107735,3.04,3.137795448,0.95,1.009101033,0.95,0.946408391,0.95,0.971774578,0.95,0.921994805,1.93,1.89567709,1.93,1.703586459,1.93,1.987736344,1.93,2.099423409,0.95,1.039675713,0.95,1.073814988,0.95,0.980922341,0.95,1.020432234,4.52,4.371809483,4.52,4.371274471,4.52,4.489017487,4.52,4.487681866,3.2,3.27608943,3.2,3.298432112,3.2,3.829300404,3.2,3.516089439,3.64,3.771864653,3.64,3.509124279,3.64,3.704394579,3.64,4.098548889,8,7.543324471,8,7.544125557,8,7.771255493,8,7.635213852,0.67,0.733063221,0.67,0.626588702,0.67,0.755055189,0.67,0.715225577,0.9,1.151475549,0.9,0.873464465,0.9,1.156844497,0.9,1.575569391,0.56,0.76198566,0.56,0.925773859,0.56,0.90956229,0.56,0.745097339,2.8,3.652691603,2.8,3.453933716,2.8,3.578403711,2.8,3.485561371,0.56,0.794450045,0.56,0.941282153,0.56,0.922264695,0.56,0.751746356,6.26,5.945878029,6.26,6.16845417,6.26,6.360264778,6.26,6.129015446,0.6,0.654200077,0.6,0.822163343,0.6,0.77617389,0.6,0.614895284,3.2,3.06221962,3.2,3.318515539,3.2,3.873142958,3.2,3.466032028,4.36,4.465955257,4.36,4.408526421,4.36,4.457491875,4.36,4.572081089,3.2,3.991002798,3.2,3.801873446,3.2,4.492651939,3.2,4.372881889,0.8,1.172869682,0.8,0.985759139,0.8,1.320859671,0.8,1.005470514,5.1,5.856788635,5.1,5.043503761,5.1,5.167963982,5.1,5.374116898,4.36,5.598679543,4.36,5.478075981,4.36,5.528248787,4.36,5.383823395,0.6,0.802211642,0.6,1.476047635,0.6,0.863102674,0.6,1.156578779
1.49,1.123962283,1.49,1.691577554,1.49,1.021108627,1.49,1.902972698,1.49,0.595057368,1.49,2.048517466,1.49,0.742487192,1.49,0.948826492,1.63,1.324815035,1.63,1.936656833,1.63,1.971718431,1.63,2.209175825,0.82,1.567409873,0.82,0.978464127,0.82,2.142615557,0.82,1.298226595,4.4,4.056179047,4.4,4.25590229,4.4,4.480496407,4.4,4.201877594,3.64,3.502532244,3.64,3.610566854,3.64,3.518820763,3.64,3.008388996,1.63,2.016019344,1.63,2.093853712,1.63,1.92963028,1.63,1.648427725,0.95,0.765024304,0.95,0.995663047,0.95,1.342118979,0.95,0.769961059,3.37,3.706555367,3.37,4.004550934,3.37,4.019422531,3.37,3.921666622,5.9,4.321195126,5.9,4.378280163,5.9,3.389846087,5.9,3.415713787,0.93,1.086477876,0.93,1.046973348,0.93,1.122447252,0.93,0.893437564,1.49,1.387821794,1.49,1.744588017,1.49,1.43837595,1.49,1.880150318,0.93,1.053527594,0.93,1.009712577,0.93,1.117004275,0.93,0.959124148,3.62,3.397953749,3.62,3.06646204,3.62,3.34947443,3.62,3.957734346,7.62,7.172279358,7.62,6.674406052,7.62,7.798897743,7.62,7.153428078,1.3,2.9003613,1.3,2.37343359,1.3,2.675056934,1.3,2.511053562,4.4,4.209370136,4.4,4.192409039,4.4,4.454983711,4.4,4.334918022,1.04,0.575649858,1.04,0.945304632,1.04,0.898618102,1.04,1.4696908,0.73,1.509533882,0.73,1.362400055,0.73,1.764439344,0.73,1.362025738,0.95,0.921688616,0.95,0.972814441,0.95,0.93005842,0.95,1.025143743,0.81,0.931373715,0.81,0.854541183,0.81,0.872821331,0.81,0.976137578,6.12,5.585947037,6.12,5.593937874,6.12,5.868418694,6.12,6.277799129,3.64,3.779234648,3.64,3.629726887,3.64,3.558187008,3.64,3.609647274,0.86,1.630842566,0.86,1.034251332,0.86,1.146111727,0.86,0.922171652,3.64,3.719765425,3.64,3.657682896,3.64,3.713705778,3.64,3.75406599,1.1,1.076485872,1.1,1.083516002,1.1,1.578831077,1.1,1.196361184,0.84,0.851655006,0.84,0.748196959,0.84,0.799012184,0.84,0.784915864,8.4,7.909197807,8.4,9.064373016,8.4,8.586086273,8.4,8.778751373,0.85,0.763314962,0.85,0.492320389,0.85,1.097095251,0.85,0.934618652,0.95,0.926121831,0.95,0.850645661,0.95,1.039614797,0.95,0.930208623,4.75,4.597734928,4.75,4.588292122,4.75,4.881819725,4.75,5.165732861,3.18,3.986601591,3.18,3.590005159,3.18,3.619462013,3.18,4.132227421,5.73,6.418365479,5.73,6.343923569,5.73,6.442054749,5.73,6.58067894,3.18,3.747909069,3.18,3.467577219,3.18,3.490537882,3.18,3.985572577,1.88,1.67492187,1.88,1.890660882,1.88,1.845890284,1.88,1.716786146,2.12,2.014524698,2.12,2.241935968,2.12,2.357156515,2.12,2.233264446,6.15,6.294374943,6.15,6.148171425,6.15,6.634554863,6.15,6.14315033,0.95,0.923477054,0.95,1.097392797,0.95,0.935427785,0.95,1.025809288,0.85,0.778283358,0.85,0.528898358,0.85,1.099783301,0.85,0.810986996,3.62,3.108725548,3.62,2.899825811,3.62,2.838778257,3.62,2.862241983,6.47,6.785029411,6.47,7.148869991,6.47,6.409008026,6.47,6.700348854,0.95,1.129368424,0.95,0.899573684,0.95,1.093372822,0.95,1.055630684,0.56,0.623541594,0.56,0.705077291,0.56,0.781420708,0.56,0.751446784,0.95,1.033674479,0.95,0.904577136,0.95,0.950925946,0.95,0.927292347,2.72,2.164584398,2.72,2.22645092,2.72,2.347605467,2.72,2.098441601,3.18,3.025468111,3.18,2.996158838,3.18,3.258271933,3.18,3.260107517,0.84,0.943934679,0.84,0.808471084,0.84,0.993766785,0.84,0.930665016,1.1,0.674527884,1.1,0.724078298,1.1,0.822011113,1.1,0.869319797,0.73,0.918818235,0.73,0.795042872,0.73,0.955538273,0.73,0.93037641,7.1,5.392892361,7.1,5.71090889,7.1,5.543617249,7.1,6.001673222,3.04,2.78567028,3.04,2.325814962,3.04,3.02596879,3.04,2.896269321,5.1,5.316146851,5.1,5.366565228,5.1,5.369949341,5.1,5.351860523,4.36,4.410075665,4.36,4.382729053,4.36,4.471078873,4.36,4.481118202,0.95,0.952125192,0.95,0.962923765,0.95,1.013971925,0.95,0.890397251,7.62,6.521694183,7.62,6.622537136,7.62,6.486820221,7.62,6.393046379,0.95,0.824257672,0.95,0.854281783,0.95,1.0694139,0.95,0.945232868,3.75,3.705417395,3.75,3.669561148,3.75,3.797189474,3.75,3.75664711,3.18,2.90068531,3.18,2.617450714,3.18,3.030230999,3.18,2.965306282,0.93,1.042030573,0.93,1.188331246,0.93,1.077481866,0.93,1.072801828,1.3,2.450917482,1.3,2.007394791,1.3,2.16688776,1.3,2.311096907,0.75,0.688939452,0.75,0.747280002,0.75,0.832926989,0.75,0.751752496,6.15,5.739667892,6.15,5.540420532,6.15,6.096165657,6.15,5.904443741,0.64,0.444754809,0.64,0.494769901,0.64,0.611663818,0.64,0.528632581,0.95,0.97873342,0.95,0.841820359,0.95,1.018041372,0.95,0.977059782,3.75,3.655332088,3.75,3.641508579,3.75,3.825226068,3.75,3.9314785,5.27,5.773936272,5.27,5.523518562,5.27,6.109021187,5.27,5.98007822,0.7,0.842605591,0.7,0.87208569,0.7,0.78417176,0.7,0.642533243,6.8,6.863276482,6.8,7.039817333,6.8,7.00735569,6.8,6.87168026,0.6,0.673916817,0.6,0.743959188,0.6,0.62680763,0.6,0.505683124,2.8,3.358845234,2.8,3.058694363,2.8,3.575637817,2.8,3.321964025,3.75,3.702715635,3.75,3.589212418,3.75,3.83172226,3.75,3.985614777,8.71,8.07420826,8.71,8.121162415,8.71,8.085974693,8.71,8.082566261,3.64,3.943299532,3.64,3.535917044,3.64,3.780263662,3.64,4.072350025,4.8,5.187105179,4.8,5.144262791,4.8,5.475194931,4.8,5.702405453,0.56,0.772891283,0.56,0.82558167,0.56,0.8206532,0.56,0.69855994,0.95,0.935152531,0.95,0.839555085,0.95,0.978773594,0.95,1.013741493,5.73,6.037195206,5.73,6.063722134,5.73,6.310222626,5.73,6.303250313,0.56,1.189724088,0.56,0.955108523,0.56,0.953335762,0.56,0.881712794,4.1,3.708318472,4.1,3.445981026,4.1,3.647885084,4.1,3.985572577,6.06,6.025728703,6.06,5.745035648,6.06,6.184965134,6.06,6.135241985,0.75,0.634836197,0.75,0.459713787,0.75,0.650291681,0.75,0.69173938,0.82,0.89073658,0.82,0.36498484,0.82,0.749117851,0.82,1.011654615,0.59,0.723835945,0.59,0.842011333,0.59,0.559144676,0.59,0.613902986,2.93,2.76072216,2.93,2.364227057,2.93,2.753439665,2.93,2.99789691,4.02,4.049448013,4.02,3.813317537,4.02,3.938747168,4.02,4.08316803,9.7,9.103772163,9.7,9.241034508,9.7,9.19696331,9.7,9.40412426,4.1,4.032764912,4.1,3.712787151,4.1,3.948571682,4.1,4.338506699,0.95,0.917864501,0.95,0.683532834,0.95,1.061903715,0.95,1.065485716,4.01,4.160789967,4.01,3.856312037,4.01,4.139149666,4.01,4.726382256,0.93,0.063778132,0.93,0.863237739,0.93,0.679088235,0.93,0.949294269,4.1,4.078653336,4.1,3.757565498,4.1,3.989560366,4.1,4.364061832,7.89,7.690716743,7.89,7.589163303,7.89,8.002240181,7.89,7.95215416,6.06,6.684867859,6.06,6.394481182,6.06,6.417035103,6.06,6.308693886,5,5.746564865,5,5.93686676,5,6.41960144,5,6.119039536,3.75,3.835343599,3.75,3.796720266,3.75,3.683758259,3.75,3.985351086,0.95,0.997217655,0.95,0.929120421,0.95,0.827187061,0.95,0.945247889,6.15,6.139640808,6.15,6.003246307,6.15,5.97420311,6.15,6.001296043,0.9,1.00837183,0.9,0.847946525,0.9,1.134921074,0.9,1.789414167,4.38,4.512276649,4.38,4.43762064,4.38,4.448460579,4.38,4.526772499,0.9,0.979045033,0.9,0.875668406,0.9,1.130100369,0.9,1.831669092
0.75,0.487909526,0.75,0.004649498,0.75,0.697896481,0.75,0.751290143,4.8,4.26561451,4.8,5.544644356,4.8,5.502953529,4.8,6.076086521,9.45,5.096236229,9.45,5.436531544,9.45,6.755428314,9.45,6.242101192,0.95,0.832627177,0.95,0.958752632,0.95,1.026602983,0.95,0.874358892,3.6,2.959385395,3.6,3.507493734,3.6,3.164394617,3.6,3.411587715,7.89,6.185564995,7.89,5.236461163,7.89,6.605557442,7.89,6.292291164,4.01,5.199215412,4.01,4.955457687,4.01,5.334785461,4.01,4.980810642,4.2,3.99946332,4.2,5.382442951,4.2,4.629793167,4.2,4.67986536,0.73,1.617553353,0.73,1.855716825,0.73,1.52431941,0.73,1.752039671,0.95,0.867042184,0.95,0.981336713,0.95,0.957067251,0.95,0.885439992,4.02,3.763195276,4.02,4.28799963,4.02,4.533928871,4.02,4.175071716,2.12,1.562831521,2.12,2.28021121,2.12,1.750921607,2.12,1.610874176,3.6,3.446470022,3.6,3.271872759,3.6,3.216157675,3.6,2.79287076,7.1,6.550848961,7.1,5.838030815,7.1,6.426722527,7.1,7.444563866,0.69,0.867710471,0.69,0.605757833,0.69,0.816844702,0.69,0.96572113,3.12,2.378666878,3.12,2.804701805,3.12,2.46435976,3.12,2.311525345,1.05,1.21584034,1.05,0.844124675,1.05,1.112369537,1.05,0.863074303,0.56,0.772592545,0.56,0.642444491,0.56,1.037049413,0.56,0.695460856,0.84,0.902598441,0.84,0.725469947,0.84,0.764733315,0.84,0.676371098,2.8,3.527213097,2.8,3.927000284,2.8,3.913165569,2.8,3.939509392,0.59,0.529520035,0.59,0.764365911,0.59,0.747036278,0.59,0.825357616,1.3,2.976093054,1.3,2.202244997,1.3,2.515099525,1.3,2.164606333,0.6,0.76513195,0.6,0.647544622,0.6,0.823780894,0.6,0.590307951,7.89,7.514715195,7.89,7.548125267,7.89,7.306915283,7.89,7.710183144,3.04,2.656525135,3.04,2.946596622,3.04,3.351794958,3.04,3.066403151,0.95,1.200847507,0.95,0.992686987,0.95,0.872961402,0.95,0.905659437,0.64,0.552442193,0.64,0.739934087,0.64,0.884543061,0.64,0.21733892,2.93,3.522323608,2.93,3.384732246,2.93,3.675486326,2.93,4.284051895,0.75,0.81200254,0.75,0.512766719,0.75,0.489628792,0.75,0.724600315,1.88,1.743014097,1.88,1.738538027,1.88,1.912147522,1.88,1.956503391,6.15,5.971439362,6.15,6.094007492,6.15,6.69979763,6.15,6.332881927,0.95,0.980181575,0.95,1.122441173,0.95,0.943635345,0.95,1.021378875,0.73,0.868506789,0.73,0.807617068,0.73,0.901936531,0.73,0.916005492,1.1,1.114923358,1.1,1.123056293,1.1,0.957160771,1.1,0.996730268,2.72,2.210456133,2.72,2.279261351,2.72,2.171173573,2.72,2.270863056,7.1,5.822832108,7.1,5.405247211,7.1,5.791561127,7.1,5.971385956,4.4,4.452730179,4.4,4.419872284,4.4,4.461403847,4.4,4.557241917,0.95,1.005307436,0.95,0.920657277,0.95,1.02607584,0.95,0.994689345,0.75,0.784673452,0.75,0.55676353,0.75,0.744844437,0.75,0.772224069,4.2,4.302375793,4.2,4.45761013,4.2,4.567989349,4.2,4.537243843,0.73,1.005534053,0.73,0.797240615,0.73,0.942633152,0.73,0.943552613,1.3,2.426451683,1.3,2.274750948,1.3,2.047986507,1.3,2.114240885,4.32,4.706051826,4.32,4.452820778,4.32,4.474378586,4.32,4.582904816,8.6,8.929813385,8.6,8.640031815,8.6,9.691987991,8.6,8.929400444,9.45,8.870221138,9.45,9.010651588,9.45,8.912912369,9.45,8.853795052,6.1,6.435094833,6.1,6.186988354,6.1,6.265404701,6.1,6.133377552,0.73,0.925199151,0.73,0.801344752,0.73,0.950997114,0.73,0.933665752,0.95,1.155325413,0.95,0.675389647,0.95,0.893894196,0.95,0.921234131,0.93,1.02764225,0.93,1.257621646,0.93,1.023448944,0.93,1.048219681,0.93,0.388618797,0.93,0.607846975,0.93,0.828863621,0.93,0.455464214,0.84,0.900784254,0.84,0.802432895,0.84,1.014687777,0.84,0.954104722,4.2,4.345881939,4.2,4.595538139,4.2,4.388755798,4.2,4.567409992,6.06,6.575084686,6.06,6.548579216,6.06,6.910351753,6.06,6.40296936,0.95,0.984007001,0.95,0.935926795,0.95,1.067141414,0.95,1.093861818,4.43,4.408169746,4.43,4.445786953,4.43,4.472100258,4.43,4.478116512,0.95,0.915337443,0.95,0.809822917,0.95,0.951474905,0.95,1.011131048,6.64,6.565633774,6.64,6.28027153,6.64,6.487914085,6.64,6.565720081,6.15,5.765359879,6.15,5.665399551,6.15,6.088692665,6.15,5.89646101,4.42,4.599843502,4.42,4.564876556,4.42,4.483751297,4.42,4.571395874,0.95,0.92592895,0.95,0.911152959,0.95,0.96048069,0.95,1.016821623,0.7,0.920714378,0.7,0.92685616,0.7,0.659442306,0.7,0.626269519,0.95,0.917411208,0.95,0.995990753,0.95,0.927860737,0.95,1.075812578,0.7,0.892218411,0.7,0.906704307,0.7,0.698343813,0.7,0.62923795,9.7,9.350419044,9.7,9.484214783,9.7,9.047009468,9.7,9.286932945,7.62,7.957536697,7.62,7.491934776,7.62,7.912654877,7.62,8.430104256,0.95,0.946408749,0.95,0.933872104,0.95,1.014054298,0.95,0.963399589,0.7,0.889053106,0.7,0.478556484,0.7,0.909772873,0.7,1.218528271,0.95,0.984224081,0.95,0.880396843,0.95,0.9902457,0.95,0.968540192,4.42,4.566010475,4.42,4.557653904,4.42,4.490744591,4.42,4.575929165,0.95,0.925276637,0.95,0.89415741,0.95,0.967401505,0.95,0.979230523,6.64,6.386795044,6.64,6.19870472,6.64,6.363501549,6.64,6.948759079,5,5.769335747,5,5.848880768,5,6.164275169,5,6.288750172,4.36,4.412801743,4.36,4.442401409,4.36,4.486049652,4.36,4.500347614,4.35,4.086269855,4.35,4.201451302,4.35,4.386995316,4.35,4.325488567,3.6,3.573700905,3.6,3.276322603,3.6,3.452804327,3.6,3.743795872,6.8,6.823336124,6.8,6.881872177,6.8,7.039951324,6.8,6.961701393,1.63,1.80320549,1.63,1.819986463,1.63,1.997822165,1.63,1.757530451,5.27,5.874200821,5.27,5.472815514,5.27,6.028728485,5.27,6.022619247,3.95,4.234001637,3.95,4.081529617,3.95,4.302009583,3.95,4.026334286,0.95,1.056408405,0.95,0.951416373,0.95,1.02396512,0.95,0.948586643,0.87,0.858288407,0.87,1.081549525,0.87,0.850212812,0.87,0.791699231,2.93,2.729117632,2.93,2.364310026,2.93,2.753111124,2.93,2.991242647,4.4,4.518932819,4.4,4.464621544,4.4,4.497284889,4.4,4.563514233,8.4,8.382329941,8.4,8.44997406,8.4,8.474915504,8.4,8.617448807,0.7,0.780215025,0.7,0.638271451,0.7,0.884875357,0.7,1.086482286,3.64,3.48715353,3.64,2.752915144,3.64,3.273193598,3.64,3.652634859,6.47,6.697756767,6.47,6.561723232,6.47,6.705845833,6.47,6.877836704,7.89,7.628002167,7.89,7.637304783,7.89,7.942407608,7.89,7.895755768,4.75,4.636702061,4.75,4.310680866,4.75,4.588670731,4.75,5.302096367,3.12,3.3083179,3.12,3.189979553,3.12,3.384791374,3.12,3.327302217,1.88,1.990151167,1.88,1.873323798,1.88,2.021586418,1.88,1.848605156,7.39,7.418235779,7.39,7.325844765,7.39,7.902263641,7.39,7.523077011,1.88,2.009328127,1.88,1.878478169,1.88,2.022073507,1.88,1.886398792,5.27,6.045493126,5.27,5.589709282,5.27,6.022816658,5.27,5.823043823,4.43,4.398225307,4.43,4.362337112,4.43,4.453401566,4.43,4.534555912,4.35,3.876552582,4.35,4.366889,4.35,4.461224556,4.35,4.231196404,0.6,0.727986813,0.6,0.860087395,0.6,0.80971992,0.6,0.635549486,0.95,0.582191348,0.95,0.85831368,0.95,1.114732385,0.95,1.165185928,0.6,1.293123484,0.6,1.106177211,0.6,1.459343791,0.6,1.100633144,9.7,9.030183792,9.7,9.117738724,9.7,9.432814598,9.7,9.682834625
3.6,2.410804749,3.6,4.481049538,3.6,3.581794977,3.6,3.521843433,8.39,7.1928339,8.39,6.555102348,8.39,7.268508911,8.39,8.27654171,4.85,4.427230358,4.85,4.629935741,4.85,4.53619194,4.85,4.721209526,9.7,5.835329056,9.7,7.173774242,9.7,8.338980675,9.7,8.175812721,9.45,5.974279404,9.45,5.777884483,9.45,6.942502022,9.45,6.358311653,5.98,4.254673004,5.98,4.320290565,5.98,4.211667061,5.98,4.792939186,4.1,4.182929039,4.1,5.203306675,4.1,5.229371071,4.1,4.617175102,5.27,4.277419567,5.27,4.310640335,5.27,5.024663925,5.27,5.193525314,4.85,4.39876318,4.85,4.494325638,4.85,4.868944168,4.85,4.361826897,0.95,0.860149741,0.95,0.965603709,0.95,0.917063653,0.95,0.923458695,0.77,0.149528593,0.77,0.84965694,0.77,0.981250763,0.77,0.631174505,5.98,5.07201767,5.98,4.933036804,5.98,5.05300045,5.98,4.197214603,0.59,0.569295883,0.59,0.965304017,0.59,0.789805353,0.59,1.147562504,4.8,5.350395679,4.8,5.000350475,4.8,5.195354462,4.8,5.344741344,1.63,2.150655746,1.63,1.825800657,1.63,1.607045054,1.63,1.743639469,6.1,6.609228611,6.1,6.679349899,6.1,6.919185638,6.1,6.664054394,0.6,0.689301014,0.6,0.515526414,0.6,0.788204074,0.6,0.477461338,6.12,5.239326954,6.12,5.749948025,6.12,5.807542801,6.12,6.01732254,1.63,1.871555328,1.63,1.838379145,1.63,1.667834044,1.63,1.626839638,0.95,0.982722521,0.95,0.973809123,0.95,0.927698612,0.95,0.923451543,9.45,7.476665497,9.45,6.903685093,9.45,7.805882454,9.45,8.154332161,0.95,0.907377779,0.95,1.209622622,0.95,0.936973929,0.95,1.033014774,0.87,0.962370753,0.87,0.887600303,0.87,0.892034769,0.87,0.955767155,0.7,1.534315944,0.7,1.252018213,0.7,1.179325342,0.7,0.973024309,4.4,4.286160946,4.4,4.328016281,4.4,4.456644058,4.4,4.644007683,2.8,3.529300213,2.8,3.695350647,2.8,3.665985823,2.8,3.71814394,0.6,0.709195971,0.6,0.293748826,0.6,0.784017861,0.6,0.835356474,0.9,0.693125606,0.9,1.38606298,0.9,0.998805761,0.9,1.173606515,1.05,0.928033412,1.05,0.832889915,1.05,1.018343925,1.05,0.954535484,0.95,0.994055152,0.95,1.021600008,0.95,1.00759697,0.95,0.931577265,3.6,3.224352837,3.6,3.40662837,3.6,3.606157541,3.6,3.718288183,0.95,1.381238341,0.95,1.259163976,0.95,1.056148529,0.95,0.945934534,1.88,1.751294136,1.88,1.962247491,1.88,1.850169659,1.88,1.685360432,0.95,1.255363703,0.95,0.810018063,0.95,0.94730258,0.95,0.854338288,2.16,2.18690443,2.16,2.251060009,2.16,2.147012711,2.16,2.248675585,1.49,1.550979853,1.49,1.706794858,1.49,1.829710722,1.49,1.707254171,1.63,1.594436884,1.63,1.756357789,1.63,1.788427234,1.63,1.690521955,0.95,0.948444128,0.95,0.808243632,0.95,0.945520401,0.95,1.012641907,2.79,2.564909458,2.79,2.643912077,2.79,2.645080566,2.79,2.666388035,0.95,0.922307968,0.95,1.085358977,0.95,0.936530232,0.95,1.018197179,4.4,4.504140854,4.4,4.406043053,4.4,4.464503288,4.4,4.507368088,0.95,0.990727544,0.95,0.872393966,0.95,1.011053205,0.95,0.927745283,2.79,2.645706892,2.79,2.59663558,2.79,2.71803689,2.79,2.633276939,6.8,7.395726681,6.8,6.910080433,6.8,7.178689003,6.8,7.11850214,0.56,0.67071563,0.56,0.733160853,0.56,0.754850864,0.56,0.745143473,8.39,8.487691879,8.39,8.859273911,8.39,8.167204857,8.39,8.392299652,1.42,1.586382151,1.42,1.588514328,1.42,1.527405262,1.42,1.563436031,3.2,3.628898859,3.2,3.655554056,3.2,3.550682306,3.2,3.390927315,7.62,6.60716486,7.62,6.847826481,7.62,6.584547997,7.62,6.40653801,0.95,0.954079747,0.95,1.039674163,0.95,0.950770736,0.95,1.020180941,4.38,4.552809715,4.38,4.354821205,4.38,4.474524498,4.38,4.530244827,0.56,0.924853086,0.56,0.925299287,0.56,0.99023068,0.56,1.095909119,1.63,1.803161263,1.63,1.717710257,1.63,1.859954953,1.63,1.689060211,8,7.88066864,8,7.699706078,8,7.509075165,8,7.751338005,4.36,4.40468502,4.36,4.443857193,4.36,4.471948624,4.36,4.476552486,6.06,6.070416451,6.06,6.17773056,6.06,6.373794556,6.06,6.205358505,0.81,0.892877817,0.81,0.851071239,0.81,0.917394876,0.81,0.852864325,8.4,8.84309864,8.4,8.767733574,8.4,8.555567741,8.4,8.692434311,4.32,4.557691574,4.32,4.535947323,4.32,4.481480598,4.32,4.547943115,5,5.802762985,5,5.886696815,5,6.087778091,5,6.462465763,4.38,4.506424904,4.38,4.514007568,4.38,4.480911255,4.38,4.528523922,0.95,0.978210688,0.95,0.828787804,0.95,1.032489896,0.95,0.973525047,3.95,4.629842758,3.95,4.176234245,3.95,4.491140366,3.95,4.276134968,0.95,0.98108995,0.95,0.973505378,0.95,1.095883846,0.95,1.037491679,4.52,4.347614765,4.52,4.433480263,4.52,4.476898193,4.52,4.45997858,2.93,2.619992495,2.93,2.683910608,2.93,2.938490629,2.93,3.103437424,0.87,1.049601316,0.87,1.000498652,0.87,0.861210585,0.87,0.866039455,5,5.765057564,5,5.841891766,5,6.126024246,5,6.333718777,2.16,2.255705595,2.16,2.155012369,2.16,2.340495348,2.16,2.204883337,0.86,0.626765251,0.86,0.576368213,0.86,1.019129515,0.86,1.284852743,4.36,5.468939781,4.36,5.306459427,4.36,5.584941864,4.36,5.313723564,1.49,1.915538669,1.49,1.441355467,1.49,1.665232897,1.49,1.555383921,0.84,0.972583771,0.84,0.800325274,0.84,1.037855148,0.84,0.846238077,1.88,2.14244318,1.88,1.583479643,1.88,1.747445345,1.88,1.674834013,4.31,4.488631248,4.31,4.481488228,4.31,4.491308212,4.31,4.54112339,0.95,1.029603243,0.95,0.948669314,0.95,1.029235125,0.95,0.955479085,1.42,1.528838873,1.42,1.744123816,1.42,1.77562499,1.42,1.727389574,1.49,2.045330048,1.49,1.576486349,1.49,1.628546834,1.49,1.555981159,0.6,0.899755478,0.6,0.755215764,0.6,1.044065118,0.6,1.090831041,2.12,2.016107082,2.12,1.874384284,2.12,2.221325397,2.12,2.194359541,4.85,4.876871109,4.85,4.728475571,4.85,4.964216232,4.85,4.562855721,0.56,1.14850688,0.56,0.972339034,0.56,0.950944781,0.56,0.904145718,0.56,0.633443832,0.56,0.87578845,0.56,0.86738646,0.56,0.721472681,3.37,3.382774115,3.37,2.977587223,3.37,3.181966305,3.37,3.24720192,6.47,6.667970181,6.47,6.527617931,6.47,6.686081886,6.47,6.862248898,0.95,1.025099754,0.95,0.998245597,0.95,0.978936672,0.95,0.921365678,6.48,6.148932457,6.48,5.88151741,6.48,6.153364182,6.48,6.605875969,6.5,6.614075661,6.5,6.500015259,6.5,6.567116737,6.5,6.784662724,4.43,4.422580242,4.43,4.382680893,4.43,4.472616196,4.43,4.524018288,0.95,0.915635586,0.95,0.837186575,0.95,0.987019539,0.95,1.008149862,5.73,6.100657463,5.73,5.97498703,5.73,6.146548271,5.73,6.067495823,6.15,5.774289131,6.15,5.298095226,6.15,5.825406075,6.15,5.63828516,0.59,0.751960516,0.59,0.82313478,0.59,0.519322276,0.59,0.655896485,1.04,1.143364906,1.04,1.46976006,1.04,1.049685717,1.04,1.119404793,4.31,4.473009109,4.31,4.413336277,4.31,4.457919121,4.31,4.575989246,0.95,1.170707107,0.95,0.614714503,0.95,1.163232803,0.95,0.887946546,6.06,6.671061993,6.06,6.442201614,6.06,6.45716095,6.06,6.386426449,0.95,1.028871775,0.95,0.968970895,0.95,0.921535015,0.95,0.921822786,6.47,6.520041466,6.47,6.380397797,6.47,6.725909233,6.47,6.841536999,5.1,4.244111538,5.1,4.160179615,5.1,4.93596077,5.1,4.690918922
0.81,0.830839753,0.81,1.071488738,0.81,1.279955626,0.81,0.805140674,9.7,7.434192657,9.7,8.088496208,9.7,9.456469536,9.7,8.476538658,4.32,4.542815208,4.32,4.322493553,4.32,4.553870201,4.32,4.402488708,0.95,1.165081263,0.95,0.432557315,0.95,0.664871454,0.95,0.876920342,0.81,0.837046862,0.81,1.000697017,0.81,1.282786846,0.81,0.803018093,6.8,5.808756351,6.8,6.214453697,6.8,6.659674644,6.8,7.201003075,3.95,3.15753293,3.95,3.344017744,3.95,3.300009012,3.95,3.243550301,8,5.927636147,8,6.018595219,8,7.360782623,8,7.415957928,4.32,4.650706291,4.32,4.361700058,4.32,4.504030228,4.32,4.501749992,0.95,0.95458889,0.95,0.877425909,0.95,1.040819883,0.95,0.936910152,4.36,4.933609962,4.36,4.953779697,4.36,5.409920692,4.36,4.724376678,0.97,0.478264064,0.97,0.931414604,0.97,0.273217291,0.97,0.910074651,0.6,0.480551928,0.6,0.475969046,0.6,0.783962607,0.6,0.534398735,8.6,8.079110146,8.6,6.805817127,8.6,8.267245293,8.6,8.140181541,0.69,0.867710471,0.69,0.605757833,0.69,0.816844702,0.69,0.96572113,6.26,6.789680004,6.26,6.732003689,6.26,6.207407951,6.26,6.301951885,2.72,2.488437891,2.72,2.23678422,2.72,2.092243671,2.72,2.423133135,6.5,5.902261734,6.5,5.635620594,6.5,5.716722488,6.5,7.080287933,0.86,0.733597994,0.86,0.57426405,0.86,0.966739416,0.86,0.792040408,3.64,3.55574441,3.64,3.513813734,3.64,4.070819855,3.64,4.286819458,4.01,4.735939026,4.01,4.391769409,4.01,4.646717072,4.01,4.599817753,0.95,1.018331289,0.95,0.881032825,0.95,0.933423281,0.95,0.928403676,3.6,3.157180071,3.6,3.169855833,3.6,3.133838892,3.6,3.243093014,3.12,2.923473597,3.12,2.981999636,3.12,3.105211496,3.12,3.204274893,2.72,2.36984396,2.72,2.269454956,2.72,2.195730209,2.72,2.332547426,6.1,6.204705238,6.1,6.878269672,6.1,7.032850266,6.1,5.998922348,0.56,0.599024773,0.56,0.676869035,0.56,0.79798311,0.56,0.639142573,0.95,1.162281513,0.95,0.806703448,0.95,1.071633101,0.95,1.030869007,0.59,0.477985829,0.59,0.577920079,0.59,0.703637123,0.59,0.867265522,0.93,0.678555965,0.93,0.546743393,0.93,0.822356403,0.93,1.102462292,0.73,0.786784172,0.73,0.791813731,0.73,0.876876593,0.73,0.867715359,8.4,8.024232864,8.4,8.71368885,8.4,8.856509209,8.4,8.551527977,0.59,0.469941825,0.59,0.532258987,0.59,0.698635459,0.59,0.839110911,0.95,1.002328873,0.95,0.894218326,0.95,0.946848929,0.95,0.920062482,0.67,0.764492869,0.67,0.67720449,0.67,0.687067032,0.67,0.766893387,0.95,0.950744867,0.95,0.871074557,0.95,0.942805767,0.95,1.01667285,0.6,0.408607185,0.6,0.548935771,0.6,0.600805461,0.6,0.579969823,5.9,5.132135868,5.9,5.717329025,5.9,4.559201241,5.9,5.148247719,3.95,4.041326046,3.95,4.297634125,3.95,4.074853897,3.95,3.859203339,5.1,5.058897018,5.1,4.803099632,5.1,5.174446106,5.1,5.252837181,0.81,0.842903376,0.81,0.83797729,0.81,0.817211866,0.81,0.807033718,0.95,0.918329597,0.95,0.794363856,0.95,0.942827344,0.95,1.011675596,4.75,4.843128204,4.75,4.640727997,4.75,4.944454193,4.75,5.184445381,5.9,5.194230556,5.9,5.565910339,5.9,4.690167427,5.9,5.069412231,3.6,3.403949022,3.6,2.964272261,3.6,3.555908442,3.6,3.633604527,3.2,4.313242912,3.2,4.133006096,3.2,4.388203621,3.2,4.479063034,0.77,0.927213073,0.77,0.745014906,0.77,0.653508544,0.77,0.83656925,8.4,8.871090889,8.4,8.486791611,8.4,8.823661804,8.4,8.992894173,0.64,0.552911758,0.64,0.383730263,0.64,0.635644436,0.64,0.438778341,3.37,3.143989325,3.37,2.751422405,3.37,3.368723631,3.37,3.068194628,0.67,0.718672991,0.67,0.810713649,0.67,1.107804537,0.67,0.754163861,5.27,4.123531342,5.27,4.285141468,5.27,4.330530167,5.27,4.554129601,4.39,4.624886036,4.39,4.45156765,4.39,4.479101181,4.39,4.563985348,5.27,5.743666172,5.27,5.672973633,5.27,5.978794098,5.27,5.812068939,0.77,0.795707107,0.77,0.804066837,0.77,0.745433748,0.77,0.860585511,0.95,0.976099491,0.95,0.912299514,0.95,1.006492019,0.95,0.929975927,4.85,4.923117638,4.85,4.681032181,4.85,4.814237595,4.85,4.560756683,7.89,7.716168404,7.89,7.890334606,7.89,7.876144409,7.89,7.857150078,4.51,4.423780441,4.51,4.450122833,4.51,4.47474575,4.51,4.478365421,0.95,0.966263175,0.95,1.006785274,0.95,0.950990677,0.95,0.921719074,4.39,4.546007156,4.39,4.541006565,4.39,4.483031273,4.39,4.550414085,0.95,0.945663452,0.95,0.829404593,0.95,1.04596734,0.95,1.089448094,0.6,0.748337507,0.6,0.795888305,0.6,0.541867614,0.6,0.485739172,0.95,0.998388886,0.95,0.797255099,0.95,1.063332558,0.95,1.086029768,0.87,1.096133709,0.87,0.989319682,0.87,0.864172459,0.87,0.869700313,5.1,4.461452961,5.1,4.460711479,5.1,4.74740696,5.1,4.841211319,4.43,4.385525703,4.43,4.452165127,4.43,4.480264664,4.43,4.481211185,2.8,3.338742733,2.8,3.034470081,2.8,3.589432955,2.8,3.319307327,0.85,0.92818141,0.85,0.493305534,0.85,0.921279073,0.85,1.204990029,3.2,3.500113487,3.2,3.308818579,3.2,3.737967491,3.2,3.536968946,1.42,1.652741432,1.42,1.71485877,1.42,1.853799701,1.42,1.725843191,2.8,3.39613986,2.8,3.108416796,2.8,3.585295916,2.8,3.347459316,4.02,3.93975544,4.02,3.758391619,4.02,3.950124979,4.02,4.19041872,8.02,7.904528618,8.02,8.318937302,8.02,8.113937378,8.02,8.219405174,4.32,4.514413834,4.32,4.497848034,4.32,4.492594719,4.32,4.554414749,0.95,0.979987979,0.95,0.945310354,0.95,0.90083313,0.95,0.953442991,9.45,9.196024895,9.45,9.665994644,9.45,9.674173355,9.45,9.709856987,0.95,1.208007932,0.95,0.676148295,0.95,0.971659362,0.95,0.896121979,4.88,4.894400597,4.88,4.741150856,4.88,5.035390854,4.88,4.59936142,0.95,0.951588511,0.95,0.838949084,0.95,0.973632336,0.95,1.011279583,2.72,2.098400354,2.72,2.286045313,2.72,2.337638378,2.72,2.28524518,0.95,1.211840391,0.95,0.660650194,0.95,0.950083137,0.95,0.902157187,4.51,4.408211231,4.51,4.39437151,4.51,4.491064072,4.51,4.506444931,8.39,8.37114048,8.39,8.196487427,8.39,8.331514359,8.39,8.372415543,2.16,1.989451766,2.16,2.1444664,2.16,2.092327118,2.16,2.114567995,0.95,0.941893458,0.95,0.90591532,0.95,1.109861612,0.95,0.902299881,0.86,0.787579298,0.86,0.502227187,0.86,0.929400325,0.86,0.691666067,0.95,1.153010607,0.95,0.945914865,0.95,1.035870314,0.95,0.944654524,7.62,6.399207115,7.62,6.2683568,7.62,6.42881012,7.62,6.512093544,0.95,0.971624732,0.95,0.919052005,0.95,0.972734571,0.95,0.955030978,7.62,7.716580868,7.62,7.522022247,7.62,7.83402729,7.62,8.21818924,2.93,2.881719828,2.93,2.476726294,2.93,2.741219759,2.93,3.024226904,7.62,6.400824547,7.62,6.336565018,7.62,6.46833992,7.62,6.581708908,4.2,4.065823078,4.2,4.497171402,4.2,4.54981041,4.2,4.529340267,4.52,4.375648022,4.52,4.346936226,4.52,4.452037811,4.52,4.52204752,0.95,0.533495426,0.95,0.833681822,0.95,1.073547125,0.95,1.153338671,4.32,4.486998558,4.32,4.421630383,4.32,4.452848434,4.32,4.591750145,0.6,0.827030182,0.6,1.397656083,0.6,0.856646121,0.6,1.116894722,0.87,0.819597125,0.87,1.181226611,0.87,1.21378541,0.87,0.788624346,4.8,5.414049625,4.8,5.153877258,4.8,5.977454185,4.8,5.94814539
3.64,2.843877554,3.64,4.448737144,3.64,3.845356226,3.64,4.395815372,8.02,7.212095261,8.02,7.435897827,8.02,7.30537796,8.02,7.016088963,3.04,3.160333633,3.04,3.560889006,3.04,3.621235132,3.04,3.201070547,0.9,1.254777193,0.9,1.341084242,0.9,1.932719707,0.9,1.382917881,1.49,1.647359848,1.49,1.865117669,1.49,2.079004765,1.49,1.633877516,0.9,1.284484386,0.9,1.235266805,0.9,1.137779832,0.9,1.402407885,0.64,0.479028076,0.64,0.222930044,0.64,0.63490653,0.64,0.65910387,1.63,1.625366092,1.63,1.560579658,1.63,1.431859612,1.63,1.654770613,1.63,2.204849482,1.63,2.039641142,1.63,1.932959199,1.63,1.789310932,0.95,1.36960578,0.95,1.583852887,0.95,1.103599072,0.95,0.837720394,1.42,1.205763221,1.42,1.31224525,1.42,1.409573555,1.42,1.207094431,1.1,1.015143394,1.1,0.937062621,1.1,0.852231264,1.1,1.213977575,0.73,0.844814777,0.73,0.743627429,0.73,0.809215784,0.73,0.623016655,8.71,6.792541504,8.71,6.969313622,8.71,6.72830677,8.71,6.225273132,0.86,0.623123169,0.86,0.554605961,0.86,0.938863397,0.86,0.875485778,5.1,5.170552254,5.1,5.392426491,5.1,5.016609192,5.1,5.044685364,3.04,3.264753103,3.04,3.043926001,3.04,2.912472725,3.04,2.867609501,1.88,1.751786947,1.88,1.996092677,1.88,1.804190993,1.88,1.77143693,4.36,4.343564034,4.36,4.29788065,4.36,4.462589264,4.36,4.52507925,0.95,0.976275802,0.95,0.801260829,0.95,0.938693643,0.95,1.013878345,6.47,6.905414104,6.47,6.553125381,6.47,6.860225677,6.47,6.798176289,0.95,1.06337893,0.95,1.089808345,0.95,0.943806112,0.95,0.92440474,1.42,1.572177649,1.42,1.401205063,1.42,1.667572856,1.42,1.356256962,4.8,4.746528149,4.8,5.354194641,4.8,5.547423363,4.8,5.472743988,6.47,5.328727722,6.47,5.574368954,6.47,5.566494942,6.47,5.917640686,1.3,2.75232482,1.3,2.257522821,1.3,2.248306274,1.3,2.077273607,2.16,2.292639494,2.16,2.246156454,2.16,2.042232037,2.16,2.142825603,6.8,6.377149105,6.8,7.003636837,6.8,6.882896423,6.8,7.093344688,3.6,3.146915674,3.6,3.526770353,3.6,3.630822182,3.6,3.662970066,3.2,3.768776655,3.2,4.112241268,3.2,3.71122241,3.2,3.445527315,6.47,6.544068336,6.47,6.377585411,6.47,6.689944267,6.47,6.653831482,0.95,1.006032825,0.95,0.858358502,0.95,1.019452453,0.95,0.973146498,3.95,3.893211126,3.95,4.277493954,3.95,3.889620781,3.95,3.941394329,0.95,0.968480468,0.95,0.962376475,0.95,0.934332848,0.95,0.922655463,0.6,0.437931985,0.6,0.5473423,0.6,0.585589886,0.6,0.521827996,0.95,0.92383337,0.95,0.854039073,0.95,0.938062906,0.95,1.015914679,0.64,0.615417242,0.64,0.808260798,0.64,0.710545301,0.64,0.367081881,5.27,4.378250599,5.27,4.423794746,5.27,4.390259743,5.27,4.79219532,0.81,0.845701814,0.81,0.875227332,0.81,0.840145826,0.81,0.802757561,0.95,1.129249096,0.95,0.678633809,0.95,0.923357964,0.95,0.922352433,7.62,8.055873871,7.62,7.920218468,7.62,7.991319656,7.62,7.970138073,1.04,0.825849533,1.04,1.009974599,1.04,1.137805104,1.04,0.769145191,1.63,1.675312996,1.63,1.677126408,1.63,1.860177517,1.63,1.694852591,0.82,0.734352112,0.82,0.56592381,0.82,0.760730624,0.82,0.787958384,3.37,3.375048876,3.37,3.323916674,3.37,3.397243261,3.37,3.306710482,0.76,0.863984644,0.76,0.574481845,0.76,0.689200163,0.76,0.821065843,0.69,0.527103186,0.69,0.588484883,0.69,0.671997428,0.69,0.662272394,3.2,4.281376362,3.2,4.119279861,3.2,4.355916977,3.2,4.488975048,3.04,2.85357213,3.04,2.337664366,3.04,3.085007429,3.04,2.869212151,0.95,0.915383816,0.95,0.802533031,0.95,0.947547674,0.95,1.011336803,1.05,1.074844599,1.05,0.878751636,1.05,1.095558882,1.05,1.027318001,0.97,1.106533885,0.97,1.14534986,0.97,1.266121626,0.97,1.171608686,4.43,4.395889282,4.43,4.378183365,4.43,4.470549583,4.43,4.475645542,2.93,2.609063864,2.93,3.015274048,2.93,3.06917882,2.93,3.498942852,4.02,3.902709723,4.02,3.812256098,4.02,3.969126225,4.02,3.98381424,2.62,2.431563377,2.62,2.342763901,2.62,2.389120817,2.62,2.939225197,9.45,9.148499489,9.45,9.267001152,9.45,9.224255562,9.45,8.926106453,4.2,4.347640038,4.2,4.481868267,4.2,4.381791115,4.2,4.485423088,0.86,0.914162159,0.86,0.282945722,0.86,0.959887862,0.86,0.631088316,0.95,0.865473747,0.95,0.95562613,0.95,1.064702749,0.95,0.879251003,4.02,3.822507381,4.02,3.800190687,4.02,3.9488585,4.02,4.052429199,4.35,4.168336391,4.35,4.294124126,4.35,4.385308266,4.35,4.417453766,1.88,2.033345938,1.88,1.833040237,1.88,2.006318092,1.88,1.828736067,6.06,5.998693466,6.06,5.984587669,6.06,6.434347153,6.06,6.204410076,9.45,9.057051659,9.45,9.382407188,9.45,9.349333763,9.45,9.194972038,0.95,0.958378196,0.95,0.816235423,0.95,1.049004555,0.95,1.087681055,0.56,0.868428946,0.56,0.891979218,0.56,0.812256694,0.56,0.668290794,0.6,0.942110658,0.6,0.850151181,0.6,0.825596571,0.6,0.844672441,3.37,3.280646801,3.37,3.180169821,3.37,3.500625134,3.37,3.373114109,0.95,1.066066742,0.95,0.710562706,0.95,1.016064882,0.95,0.875373125,3.04,2.806810617,3.04,2.58577323,3.04,2.833452463,3.04,3.174459457,3.37,3.691074133,3.37,2.770734549,3.37,3.189080238,3.37,3.397819996,6.47,6.365328789,6.47,6.603675365,6.47,6.766393661,6.47,6.979070187,6.8,6.837619781,6.8,6.92599678,6.8,7.030957222,6.8,6.943172455,4.39,4.511380196,4.39,4.49592495,4.39,4.492443085,4.39,4.552850723,0.95,1.01561451,0.95,0.945644736,0.95,1.017879486,0.95,0.950552285,0.84,0.921903729,0.84,1.105492473,0.84,1.059610844,0.84,0.930703521,0.95,0.907937527,0.95,0.818031251,0.95,0.9801054,0.95,1.012432814,0.64,0.641633987,0.64,0.48973164,0.64,0.841631889,0.64,0.582618535,5,5.789458275,5,5.880081177,5,6.279799461,5,6.208514214,1.49,1.703933954,1.49,1.716377258,1.49,1.864433289,1.49,1.627328873,0.95,1.00052464,0.95,0.912022829,0.95,1.109029293,0.95,0.966151059,4.36,4.464330673,4.36,4.429976463,4.36,4.494216919,4.36,4.53537035,0.95,0.931341171,0.95,0.845049262,0.95,0.988085747,0.95,1.010669231,4.75,4.696572304,4.75,4.372760296,4.75,4.63926506,4.75,5.307563305,3.37,3.328728437,3.37,3.021969557,3.37,3.209448576,3.37,3.23622632,3.64,3.768368959,3.64,3.511370182,3.64,3.700034618,3.64,4.111675739,0.56,1.058714867,0.56,1.121706605,0.56,0.953977406,0.56,0.969858587,0.77,0.827960968,0.77,1.068081498,0.77,0.787106097,0.77,0.947498262,6.5,6.723563194,6.5,6.614448547,6.5,6.631393433,6.5,6.906783581,4.36,5.585453033,4.36,5.460385323,4.36,5.542251587,4.36,5.341660976,9.7,9.06849575,9.7,9.182891846,9.7,9.334357262,9.7,9.518673897,1.63,2.027043104,1.63,1.892285109,1.63,2.038360596,1.63,1.906047106,3.75,3.509201527,3.75,3.546203375,3.75,3.846039772,3.75,3.722532988,0.8,1.134119987,0.8,0.951166272,0.8,1.281226158,0.8,1.023078918,8.6,8.548792839,8.6,8.391566277,8.6,8.806983948,8.6,8.681145668,0.85,1.032902002,0.85,0.901355386,0.85,1.125698805,0.85,1.475390911,4.68,5.223734379,4.68,4.768053532,4.68,5.402804375,4.68,5.441250324,6.47,6.70795536,6.47,6.52093792,6.47,6.537592888,6.47,6.554364681,0.93,0.241832823,0.93,0.972605824,0.93,0.707728803,0.93,1.108085632
1.42,1.381034374,1.42,1.353179097,1.42,1.303325415,1.42,0.640948594,2.8,4.108072281,2.8,5.341989517,2.8,5.248153687,2.8,5.790833473,0.69,0.552690744,0.69,1.00614202,0.69,0.64948225,0.69,0.626643717,0.95,0.839573145,0.95,0.891893089,0.95,0.977763891,0.95,0.858131707,6.48,5.084677696,6.48,4.902362347,6.48,5.838121414,6.48,5.428755283,1.1,1.749496937,1.1,0.85484004,1.1,1.546473742,1.1,1.642409801,3.75,4.180986881,3.75,4.664740562,3.75,4.52237606,3.75,4.651947021,0.95,1.01491642,0.95,0.72285527,0.95,0.910767913,0.95,0.900171876,0.69,0.88023746,0.69,0.665099502,0.69,0.747728825,0.69,0.825659275,3.75,4.600001335,3.75,4.537209511,3.75,4.584700584,3.75,4.865493298,0.77,0.149528593,0.77,0.84965694,0.77,0.981250763,0.77,0.631174505,0.95,0.961522698,0.95,0.907916903,0.95,0.942643642,0.95,0.930220306,3.37,3.432903767,3.37,4.009725571,3.37,4.029735088,3.37,3.589243889,0.95,0.978239179,0.95,0.856473804,0.95,0.933367968,0.95,1.01788187,0.68,0.623433113,0.68,0.424966961,0.68,0.737117231,0.68,0.63519752,0.95,1.026166558,0.95,0.877931476,0.95,0.930889547,0.95,0.928783417,1.42,1.482619762,1.42,1.29481566,1.42,1.659372091,1.42,1.247429371,1.04,0.930364609,1.04,0.774719536,1.04,1.078578472,1.04,0.722950101,6.06,6.970376492,6.06,6.666323662,6.06,7.774365425,6.06,6.847286224,4.2,3.90195775,4.2,4.281431675,4.2,4.371210098,4.2,4.244429111,0.7,0.602729797,0.7,0.721460402,0.7,0.75568074,0.7,0.786591172,0.95,0.719973862,0.95,1.106337428,0.95,1.000212312,0.95,0.91927141,0.84,0.949820161,0.84,0.732959151,0.84,0.769436598,0.84,0.719506621,2.62,3.129207134,2.62,2.970958471,2.62,2.985289574,2.62,2.807459593,9.45,7.571116924,9.45,7.434250355,9.45,8.21087265,9.45,8.265964508,8,7.659788132,8,7.537969589,8,7.631850243,8,7.801138878,4.85,4.219851971,4.85,4.594841957,4.85,4.492350578,4.85,4.684916973,7.89,7.573215961,7.89,7.61702013,7.89,7.652497292,7.89,7.725502968,6.48,6.307095051,6.48,5.696596146,6.48,6.303795815,6.48,6.432651043,0.95,1.08941412,0.95,0.683025718,0.95,0.958841801,0.95,0.924380124,0.69,0.527518749,0.69,0.695953131,0.69,0.58172667,0.69,0.608773768,0.95,1.289228201,0.95,0.796510339,0.95,0.942586899,0.95,0.852659702,0.86,0.871596813,0.86,0.447226852,0.86,0.976446867,0.86,0.635070145,3.12,2.258802414,3.12,2.723484278,3.12,2.591529369,3.12,2.666796207,0.87,0.928984046,0.87,0.970145583,0.87,0.941812754,0.87,0.807603538,4.2,4.314574242,4.2,4.464388847,4.2,4.704872131,4.2,4.588793755,0.7,0.479262948,0.7,0.619500995,0.7,0.689411402,0.7,0.644871414,6.6,7.382494926,6.6,7.182955742,6.6,7.648447037,6.6,7.315342426,1.93,2.349415541,1.93,1.732739925,1.93,2.185381651,1.93,1.827714682,0.95,0.948004305,0.95,0.922104239,0.95,1.137799025,0.95,0.987934351,1.05,1.131048441,1.05,0.842306495,1.05,1.092580557,1.05,0.944057703,0.95,0.922003746,0.95,1.069905996,0.95,0.93778801,0.95,1.001324415,4.88,5.134092331,4.88,5.250115871,4.88,4.968700409,4.88,4.83873558,0.9,0.852133512,0.9,1.037107348,0.9,1.145128727,0.9,0.813250124,4.4,4.478434086,4.4,4.344387531,4.4,4.466090202,4.4,4.483745575,9.7,9.104637146,9.7,8.910634995,9.7,9.334632874,9.7,9.586271286,6.47,6.716467381,6.47,7.024971485,6.47,6.549354553,6.47,6.488265991,0.95,0.927134871,0.95,0.876578927,0.95,1.00906086,0.95,1.077153206,0.56,0.767904758,0.56,0.791951299,0.56,0.705061197,0.56,0.763141692,6.6,7.398625374,6.6,7.18204689,6.6,7.02545929,6.6,7.25454998,3.04,2.78567028,3.04,2.325814962,3.04,3.02596879,3.04,2.896269321,1.1,0.618145943,1.1,0.717788577,1.1,0.792721927,1.1,0.892286003,4.75,5.013355255,4.75,4.608901978,4.75,5.098996162,4.75,5.393566608,0.97,1.098809361,0.97,1.108391643,0.97,1.27455616,0.97,1.181809425,0.85,0.81139636,0.85,0.830623746,0.85,0.965411544,0.85,1.091004133,0.95,0.926537752,0.95,0.951990247,0.95,0.949596405,0.95,1.018326283,4.75,5.056467056,4.75,4.67210865,4.75,5.026395798,4.75,5.441020966,2.93,2.64193964,2.93,2.928862095,2.93,3.153326273,2.93,3.3433671,1.63,1.910572529,1.63,1.770436287,1.63,1.904440999,1.63,1.763917923,3.12,3.418948412,3.12,2.722378969,3.12,3.368841887,3.12,3.279350042,4.85,5.050853252,4.85,4.689293385,4.85,4.855787277,4.85,4.644918919,0.56,1.014341235,0.56,0.928817868,0.56,0.941704869,0.56,1.02806735,4.01,4.469762802,4.01,4.197367668,4.01,4.393084526,4.01,4.877220154,8.6,9.055914879,8.6,9.092969894,8.6,8.880435944,8.6,9.101365089,4.36,5.569673061,4.36,5.344488621,4.36,5.439377785,4.36,5.210577488,2.62,2.291846037,2.62,2.353600025,2.62,2.508172035,2.62,2.89309001,0.81,1.025397539,0.81,0.916297793,0.81,0.935056448,0.81,0.886206508,0.95,0.921518803,0.95,0.902072787,0.95,0.920184135,0.95,1.015281796,0.87,1.003068089,0.87,1.011678576,0.87,0.858246326,0.87,0.855419576,3.62,3.150394678,3.62,2.713903666,3.62,3.254637003,3.62,3.159281492,1.88,1.932964802,1.88,1.825236559,1.88,2.025021076,1.88,1.792778254,6.47,5.956486702,6.47,5.77883625,6.47,6.25997448,6.47,6.237286568,4.88,5.036804199,4.88,4.732400894,4.88,5.125890732,4.88,4.713755608,8.4,8.488131523,8.4,8.707732201,8.4,8.42432785,8.4,8.575088501,6.64,6.37567997,6.64,6.211256027,6.64,6.37157917,6.64,6.890947819,0.93,0.112587899,0.93,0.771065593,0.93,0.74510932,0.93,0.729431033,0.84,0.921903729,0.84,1.105492473,0.84,1.059610844,0.84,0.930703521,0.95,1.041893721,0.95,1.010682344,0.95,0.976693869,0.95,0.922014117,5.73,6.09409523,5.73,6.051047802,5.73,6.287586212,5.73,6.269570827,9.7,9.167381287,9.7,9.354854584,9.7,9.106030464,9.7,9.340997696,0.64,0.622029066,0.64,0.494464725,0.64,0.839983702,0.64,0.603401124,8.4,8.396613121,8.4,8.494102478,8.4,8.449765205,8.4,8.602120399,6.48,6.185903549,6.48,5.994081497,6.48,6.226381302,6.48,6.650906086,5.1,4.325588226,5.1,4.027928352,5.1,4.972317696,5.1,4.662649155,0.85,0.813338995,0.85,0.673614621,0.85,0.911320746,0.85,1.123279452,0.95,0.911915541,0.95,0.829862833,0.95,0.984421253,0.95,1.009549379,0.94,0.808590412,0.94,1.061790347,0.94,0.83927536,0.94,0.775245488,6.06,6.243391514,6.06,5.700197697,6.06,6.109954834,6.06,5.944036484,3.64,3.76487422,3.64,3.513620615,3.64,3.695673943,3.64,4.124803066,0.95,0.97571969,0.95,0.905555964,0.95,0.95857048,0.95,0.921220005,1.42,1.707363129,1.42,1.825083733,1.42,1.597961426,1.42,1.744491339,5.9,5.570747375,5.9,5.884851456,5.9,6.271383286,5.9,6.243932247,1.05,1.041765213,1.05,0.618569255,1.05,1.117945671,1.05,0.903473437,1.63,2.001912594,1.63,2.206591845,1.63,1.85209775,1.63,1.786098242,2.16,2.257767677,2.16,2.156424284,2.16,1.94167459,2.16,2.033066511,8,7.643290997,8,7.520442486,8,7.946927071,8,7.530715942,0.7,1.001173735,0.7,0.871063828,0.7,1.095887542,0.7,1.443851471,0.82,0.733203888,0.82,0.728597045,0.82,0.60950315,0.82,1.28568244,0.64,0.512017727,0.64,0.912238002,0.64,0.768660069,0.64,0.51652056,0.76,0.825461388,0.76,0.696246028,0.76,0.827360392,0.76,0.877250791
7.62,6.594376564,7.62,5.370754242,7.62,7.345297813,7.62,5.608514309,1.04,0.796277761,1.04,1.054541111,1.04,1.347228527,1.04,1.197453022,0.69,0.205623955,0.69,0.298314422,0.69,0.816644669,0.69,0.721678376,0.76,1.747214556,0.76,2.16224432,0.76,0.924663782,0.76,1.336307764,1.88,1.682599306,1.88,2.252674341,1.88,2.852061987,1.88,2.196444273,8.4,5.836797237,8.4,6.785570145,8.4,7.395483971,8.4,8.00489521,0.94,0.828068376,0.94,0.964606643,0.94,0.952853203,0.94,0.860265434,5.1,5.522412777,5.1,4.199928284,5.1,5.038543701,5.1,5.3769207,3.75,4.504233837,3.75,4.719680786,3.75,4.611710548,3.75,4.490057945,8,6.816444397,8,6.099815845,8,7.526762962,8,7.533000469,4.75,4.390776157,4.75,4.46405983,4.75,5.013204575,4.75,4.881892204,0.95,1.04901123,0.95,1.046370387,0.95,1.163261175,0.95,0.945478559,6.47,6.788199902,6.47,6.485997677,6.47,7.420325279,6.47,6.634552956,3.2,4.918725491,3.2,5.078660965,3.2,4.733293533,3.2,4.654112816,0.84,0.877913356,0.84,0.724721789,0.84,0.781658888,0.84,0.647113085,1.63,1.593509436,1.63,2.017191648,1.63,1.709162235,1.63,1.741054773,0.64,0.694659591,0.64,0.299709886,0.64,0.438996077,0.64,0.393619478,2.8,3.659927368,2.8,3.709509611,2.8,4.312427521,2.8,3.922298193,3.75,4.411271095,3.75,4.196549416,3.75,4.19242382,3.75,4.128583908,9.7,7.951537132,9.7,8.46113205,9.7,8.634466171,9.7,9.201288223,1.42,1.489955783,1.42,1.362137675,1.42,1.722090125,1.42,1.400430679,0.95,1.22995007,0.95,1.113546133,0.95,1.202242851,0.95,0.93215251,2.72,2.366423845,2.72,2.196756601,2.72,2.27536273,2.72,2.414099216,0.93,0.815722704,0.93,0.603006124,0.93,0.815248907,0.93,0.966098666,0.73,0.847800612,0.73,0.763394237,0.73,0.814673185,0.73,0.746872365,5,6.175680637,5,6.19840765,5,6.21467495,5,6.345322609,0.69,0.563547969,0.69,0.678608298,0.69,0.663755417,0.69,0.698012352,4.2,4.008746624,4.2,4.655462265,4.2,5.176999092,4.2,4.182407379,0.6,0.486554831,0.6,0.566081882,0.6,0.742864609,0.6,0.599313915,2.8,3.37518239,2.8,3.474458456,2.8,3.608300924,2.8,3.591171265,4.88,4.975348473,4.88,5.314025879,4.88,5.073424339,4.88,5.033510208,3.64,3.611921787,3.64,3.720361471,3.64,3.802158117,3.64,3.924232721,0.64,0.587218523,0.64,0.816058993,0.64,0.747763634,0.64,0.350586355,1.49,1.568020463,1.49,1.721943498,1.49,1.852650166,1.49,1.738098621,1.49,1.535340548,1.49,1.739083648,1.49,1.717362881,1.49,1.577365637,0.95,1.022446871,0.95,0.893665671,0.95,0.997367859,0.95,0.972919524,0.69,0.547718406,0.69,0.899506927,0.69,0.924019575,0.69,0.885580719,1.88,1.61924684,1.88,1.765408635,1.88,1.92419529,1.88,1.774541616,4.85,4.660013676,4.85,4.927114964,4.85,4.528504372,4.85,4.454176426,8.6,8.829349518,8.6,8.594773293,8.6,9.925947189,8.6,9.050086021,4.75,4.692882061,4.75,4.704049587,4.75,4.885707855,4.75,5.172423363,0.95,0.983408451,0.95,0.870086312,0.95,1.007925153,0.95,1.037443161,0.69,0.501936197,0.69,0.949491858,0.69,0.826230764,0.69,0.763460875,0.95,0.991623163,0.95,0.893491626,0.95,0.943074465,0.95,0.927055836,4.1,4.172738552,4.1,3.695189714,4.1,4.330787659,4.1,4.274652481,0.95,1.073996544,0.95,0.911717653,0.95,1.100638151,0.95,0.937140107,3.37,3.355843782,3.37,3.289587259,3.37,3.362956762,3.37,3.22940588,0.97,1.036251545,0.97,1.219265223,0.97,1.278540373,0.97,1.151203871,0.6,0.76850462,0.6,0.629314661,0.6,0.95414561,0.6,0.899857461,2.71,2.638602734,2.71,2.847358942,2.71,2.782049656,2.71,2.856604815,0.73,0.914014578,0.73,0.789471507,0.73,0.961394072,0.73,0.904764354,2.8,3.229502916,2.8,2.917163134,2.8,3.468506575,2.8,3.366565228,0.69,0.525441408,0.69,0.56487453,0.69,0.698776245,0.69,0.538725436,0.95,0.933681607,0.95,0.954731584,0.95,1.005006313,0.95,0.885861814,0.73,0.907559633,0.73,0.798335433,0.73,0.975738049,0.73,0.850362182,0.95,0.956097603,0.95,0.834309459,0.95,0.958696365,0.95,1.012199163,6.48,6.333733082,6.48,6.055689812,6.48,6.259577751,6.48,6.387682915,1.49,1.841615677,1.49,1.481057763,1.49,1.73287034,1.49,1.603574514,0.68,0.691792011,0.68,0.860848546,0.68,0.909669042,0.68,1.227236748,8,7.8267169,8,7.866053104,8,7.511691093,8,7.978569984,4.36,4.418777943,4.36,4.454217434,4.36,4.476220131,4.36,4.480053902,0.95,0.966825724,0.95,1.02553606,0.95,0.952402592,0.95,0.921663344,0.8,0.66421771,0.8,0.729057908,0.8,0.842009783,0.8,1.288943291,0.95,0.913025141,0.95,0.929046988,0.95,0.999561548,0.95,0.962885737,4.75,4.98468399,4.75,4.789783001,4.75,4.95550251,4.75,5.641756058,7.44,7.814443588,7.44,7.943313599,7.44,7.861569405,7.44,7.891607285,2.16,2.315681934,2.16,2.160212517,2.16,2.321654558,2.16,2.220310926,0.95,0.985689163,0.95,0.936081052,0.95,0.962389231,0.95,0.939488947,4.36,4.420402527,4.36,4.465271473,4.36,4.483478546,4.36,4.500880241,0.95,0.983947277,0.95,0.906999946,0.95,0.960568547,0.95,0.922086179,3.37,3.288024187,3.37,3.136998177,3.37,3.461805344,3.37,3.342139721,6.8,6.851901054,6.8,6.970125198,6.8,7.022768974,6.8,6.924644947,6.15,6.027535439,6.15,5.904554367,6.15,6.055418968,6.15,6.238937855,6.5,6.374379635,6.5,6.128568649,6.5,6.340379715,6.5,6.477077484,3.6,3.573700905,3.6,3.276322603,3.6,3.452804327,3.6,3.743795872,6.5,6.362317085,6.5,6.143867493,6.5,6.362167358,6.5,6.472905159,4.75,4.816310883,4.75,4.496914387,4.75,4.740450859,4.75,5.322350025,0.95,0.924927235,0.95,0.782817364,0.95,0.951571226,0.95,0.927355111,6.06,6.611082077,6.06,6.465224266,6.06,6.538194656,6.06,6.504340172,3.64,3.450901031,3.64,2.755905867,3.64,3.276681423,3.64,3.54287672,1.42,1.447673678,1.42,1.764790773,1.42,1.721951962,1.42,1.729649067,0.95,1.059069514,0.95,1.001954198,0.95,0.965567231,0.95,0.946195245,0.87,0.918879628,0.87,1.093662143,0.87,0.850498199,0.87,0.781078756,9.7,9.132982254,9.7,9.285162926,9.7,9.171813965,9.7,9.388795853,4.42,4.578077316,4.42,4.493121147,4.42,4.494006157,4.42,4.595692158,7.44,7.729129314,7.44,7.656662941,7.44,7.828683853,7.44,7.904094219,0.67,0.733063221,0.67,0.626588702,0.67,0.755055189,0.67,0.715225577,8.4,8.353762627,8.4,8.361722946,8.4,8.525212288,8.4,8.648106575,4.31,4.501600266,4.31,4.436573029,4.31,4.477388382,4.31,4.567797661,0.95,1.026625395,0.95,0.96468544,0.95,0.977855921,0.95,0.922045529,2.16,2.147629738,2.16,2.149567604,2.16,1.981236696,2.16,2.090360641,5,5.736297607,5,5.914741039,5,6.39743042,5,6.12212038,1.05,1.041765213,1.05,0.618569255,1.05,1.117945671,1.05,0.903473437,8.4,8.328104973,8.4,8.247900009,8.4,8.616145134,8.4,8.711232185,0.85,0.994092464,0.85,0.866764188,0.85,1.087859154,0.85,1.420209408,1.1,1.118806839,1.1,1.066327929,1.1,0.854097307,1.1,1.240273952,2.16,2.310494423,2.16,2.203760386,2.16,1.939797521,2.16,1.934479237,0.95,1.213683605,0.95,0.988163352,0.95,1.115128756,0.95,0.973664582,4.88,5.062616825,4.88,4.953089237,4.88,4.826075554,4.88,4.656140804,8.4,8.319641113,8.4,8.152637482,8.4,8.722565651,8.4,8.791499138
0.69,0.357507437,0.69,1.346215367,0.69,0.005222559,0.69,0.129903972,0.82,1.289639235,0.82,1.209646702,0.82,2.289072037,0.82,1.137665272,0.7,0.846094608,0.7,0.202783495,0.7,1.19111681,0.7,0.859254718,5.9,4.532942772,5.9,4.238901615,5.9,5.356505394,5.9,5.151648521,4.75,4.574164391,4.75,4.690749168,4.75,5.087459564,4.75,4.585264683,0.93,1.02277112,0.93,0.472243816,0.93,0.23363328,0.93,0.635953546,6.48,5.421348095,6.48,5.245538712,6.48,5.792098999,6.48,5.368386269,4.8,4.479176998,4.8,5.627654076,4.8,5.324303627,4.8,5.111255646,7.62,6.854335785,7.62,5.713672161,7.62,7.683573723,7.62,7.284061432,2.12,1.963439822,2.12,2.378554106,2.12,1.757168055,2.12,1.946518898,0.85,0.803088546,0.85,0.544677138,0.85,0.760725975,0.85,1.009394765,8,7.392306328,8,6.312242031,8,7.855689049,8,7.801903248,4.36,4.38886261,4.36,4.314872742,4.36,4.467777252,4.36,4.383021355,0.95,0.892051458,0.95,0.883546591,0.95,1.047396421,0.95,0.887722731,0.69,0.607144117,0.69,0.551925063,0.69,0.742237449,0.69,0.463083923,0.86,1.605950832,0.86,1.179481626,0.86,1.624286175,0.86,1.056143165,1.88,2.124772072,1.88,1.866033196,1.88,1.74262321,1.88,1.848648787,6.06,6.631505489,6.06,6.303664207,6.06,6.607358932,6.06,7.610081673,4.1,4.744447708,4.1,4.639927387,4.1,4.830885887,4.1,4.443384171,0.95,0.951295137,0.95,1.041682363,0.95,0.850077331,0.95,0.903978586,6.47,5.231368542,6.47,5.824969292,6.47,5.450279236,6.47,5.805932999,0.93,0.818609834,0.93,0.583316207,0.93,0.770411074,0.93,0.905890226,0.73,0.891887426,0.73,0.755269885,0.73,0.79826498,0.73,0.716283858,4.2,3.894568682,4.2,4.67566967,4.2,4.883376122,4.2,4.106840134,4.52,4.34668541,4.52,4.365684032,4.52,4.460428238,4.52,4.652079105,6.26,6.73926878,6.26,6.582395554,6.26,7.144667625,6.26,6.882352829,4.01,4.537024021,4.01,4.259332657,4.01,4.835582733,4.01,4.590952396,2.62,3.178613901,2.62,3.050614119,2.62,2.850934029,2.62,2.728704453,3.64,3.632064104,3.64,3.842932701,3.64,4.002407551,3.64,3.995940924,0.95,0.912123203,0.95,0.83409512,0.95,1.017277718,0.95,0.928766787,1.93,2.110022545,1.93,2.041183233,1.93,2.418274403,1.93,2.02720809,2.93,3.514250517,2.93,3.243075132,2.93,3.321444035,2.93,4.00097847,4.02,4.164046764,4.02,4.129659176,4.02,4.196522713,4.02,4.096500397,6.8,6.7075243,6.8,6.762479305,6.8,7.152485847,6.8,7.011983871,4.36,5.108261585,4.36,5.444540024,4.36,4.978199005,4.36,5.285660744,8.6,8.751356125,8.6,8.459658623,8.6,9.74533844,8.6,9.224146843,1.93,2.456127644,1.93,1.780937791,1.93,2.229725599,1.93,1.807995081,5.27,5.601655006,5.27,5.342983723,5.27,5.552062988,5.27,5.63665247,0.94,0.895186067,0.94,0.915678859,0.94,0.881873369,0.94,0.804161072,0.86,1.258330345,0.86,0.886374116,0.86,0.863722563,0.86,1.384570599,4.32,4.698132515,4.32,4.475978851,4.32,4.473585129,4.32,4.588252544,0.95,1.026534677,0.95,0.935157657,0.95,1.008278966,0.95,0.931268513,7.62,6.86580658,7.62,7.226449966,7.62,6.409438133,7.62,6.585522175,0.95,0.998787522,0.95,0.885979533,0.95,1.058293939,0.95,0.979670584,0.8,0.768552899,0.8,0.514231682,0.8,0.851711631,0.8,0.843773246,0.95,1.018136501,0.95,0.932631135,0.95,1.007270694,0.95,0.930944324,4.85,4.673045158,4.85,4.723323345,4.85,4.741364479,4.85,4.409043789,9.7,9.227233887,9.7,8.947428703,9.7,9.344212532,9.7,9.644255638,0.85,0.737782955,0.85,0.697649002,0.85,1.046360493,0.85,0.932318509,2.8,3.226593971,2.8,2.938635826,2.8,3.45486784,2.8,3.386746168,3.75,3.785619736,3.75,3.681635141,3.75,3.817456484,3.75,3.728800535,0.95,0.984609604,0.95,0.916251063,0.95,1.070183039,0.95,1.0982939,6.48,6.315325737,6.48,6.115008354,6.48,6.346383095,6.48,6.287338257,8.4,9.026402473,8.4,8.657783508,8.4,8.668207169,8.4,8.816045761,2.79,2.748604059,2.79,2.626276731,2.79,2.851405382,2.79,2.555541754,3.2,4.189052582,3.2,4.098815918,3.2,4.263324738,3.2,4.533913612,1.88,1.914565563,1.88,1.789640069,1.88,1.945783257,1.88,1.743584156,0.95,0.938954711,0.95,1.027487397,0.95,1.089386702,0.95,0.996499896,3.64,3.982306242,3.64,3.780455589,3.64,3.842231989,3.64,4.183432102,0.95,0.921002507,0.95,0.837440014,0.95,0.940925837,0.95,0.88854605,1.05,1.041365862,1.05,1.105107188,1.05,1.130567312,1.05,0.920823395,6.1,5.923700333,6.1,6.309856415,6.1,6.292181015,6.1,5.863550186,0.87,1.071751833,0.87,0.97860992,0.87,0.868760347,0.87,0.863886118,9.7,9.350419044,9.7,9.484214783,9.7,9.047009468,9.7,9.286932945,6.15,5.900115013,6.15,5.826043606,6.15,6.132189751,6.15,6.014318466,0.95,1.003005624,0.95,0.802579403,0.95,1.063710928,0.95,1.084933877,2.72,2.457894564,2.72,2.274133682,2.72,2.454056501,2.72,2.341733217,0.95,0.850831509,0.95,1.081295371,0.95,0.933963418,0.95,1.064988852,1.93,1.836816788,1.93,1.642448306,1.93,1.894775748,1.93,2.172806263,0.95,0.756703377,0.95,0.850177169,0.95,0.987735331,0.95,0.880865693,4.02,3.875885725,4.02,3.771063566,4.02,3.972912312,4.02,4.231216431,5.9,5.403697491,5.9,5.727114677,5.9,5.585027695,5.9,5.720576763,1.49,1.771655321,1.49,1.713020802,1.49,1.882844925,1.49,1.663286448,0.95,0.99217248,0.95,0.899793506,0.95,0.955235243,0.95,0.94628191,0.94,0.833599687,0.94,0.993783832,0.94,0.853803873,0.94,0.83896488,0.6,1.035551667,0.6,0.866985202,0.6,0.831405163,0.6,0.747541547,3.37,3.419169903,3.37,3.055802584,3.37,3.45544219,3.37,3.31798625,0.95,1.042762637,0.95,0.971565366,0.95,0.977625847,0.95,0.950752318,0.85,0.895701885,0.85,0.584829211,0.85,0.914582968,0.85,1.100546837,0.95,1.04551971,0.95,0.982165694,0.95,0.961213827,0.95,0.940696418,4.75,4.75644207,4.75,4.434835434,4.75,4.689857483,4.75,5.313029289,6.8,6.832064629,6.8,6.805166245,6.8,7.110478401,6.8,7.06500721,4.32,4.531066895,4.32,4.47232008,4.32,4.49796772,4.32,4.569768429,0.93,0.067600697,0.93,0.824579835,0.93,0.707134664,0.93,0.855648935,0.69,0.500892401,0.69,0.117982246,0.69,0.671612501,0.69,0.793648362,0.95,0.950676918,0.95,0.824240625,0.95,0.977404356,0.95,1.011054635,0.85,0.82299757,0.85,0.713249564,0.85,0.931322992,0.85,1.183716774,8.02,8.095129013,8.02,8.142033577,8.02,8.297084808,8.02,8.40825367,5.73,6.118185997,5.73,5.987663746,5.73,6.174409866,5.73,6.101172447,5.98,6.492444038,5.98,5.8433218,5.98,5.728129387,5.98,6.040030003,3.6,3.496982813,3.6,3.261258841,3.6,3.442776442,3.6,3.875098228,0.95,1.014668941,0.95,0.990816236,0.95,0.981004953,0.95,0.920927763,0.77,0.939593196,0.77,1.100822568,0.77,0.757471502,0.77,0.94200176,0.95,0.925095797,0.95,0.760941625,0.95,0.949244738,0.95,1.026393533,6.47,6.594122887,6.47,6.604584217,6.47,6.708098412,6.47,6.87007618,0.95,0.933247328,0.95,0.744559169,0.95,0.956866264,0.95,1.027072072,0.81,0.845912576,0.81,1.095177531,0.81,1.136278152,0.81,0.80094403,0.95,1.142458081,0.95,1.021458864,0.95,0.973562956,0.95,0.90415585,0.73,1.515474916,0.73,1.53501296,0.73,1.182284713,0.73,1.130596638,0.95,0.883181989,0.95,0.818576932,0.95,0.967651248,0.95,0.982587218
9.45,5.024578571,9.45,5.505927086,9.45,6.636997223,9.45,6.349779129,0.95,0.961915851,0.95,0.555163741,0.95,0.84827894,0.95,0.93569541,0.85,0.891148448,0.85,0.310752898,0.85,1.330183387,0.85,0.864137113,0.95,1.761881232,0.95,2.899130583,0.95,1.864158869,0.95,1.254841089,3.37,3.429202795,3.37,4.024521351,3.37,3.760812759,3.37,3.917023182,0.95,0.84557569,0.95,1.040917277,0.95,1.026440024,0.95,1.026304245,3.75,4.180986881,3.75,4.664740562,3.75,4.52237606,3.75,4.651947021,0.95,1.002069831,0.95,0.608306944,0.95,0.916300178,0.95,0.795012176,0.87,0.89394331,0.87,0.973101974,0.87,1.03140378,0.87,0.892900169,5.1,5.688673973,5.1,4.406779766,5.1,4.797709465,5.1,5.466882706,0.69,0.922360539,0.69,0.62704289,0.69,0.758503199,0.69,0.894008398,0.95,1.092558146,0.95,0.874237895,0.95,0.992392838,0.95,1.035429358,0.6,0.480551928,0.6,0.475969046,0.6,0.783962607,0.6,0.534398735,3.62,3.399808168,3.62,3.486995459,3.62,3.421363592,3.62,3.883481503,2.16,2.341446161,2.16,2.039337397,2.16,1.842426777,2.16,2.022258759,0.95,0.929721117,0.95,0.938450813,0.95,0.826948881,0.95,0.89962697,1.42,1.482619762,1.42,1.29481566,1.42,1.659372091,1.42,1.247429371,3.62,3.327805042,3.62,3.007015705,3.62,3.235833645,3.62,3.171752214,3.37,4.048707962,3.37,3.496178389,3.37,3.677052259,3.37,3.623209476,9.7,7.951537132,9.7,8.46113205,9.7,8.634466171,9.7,9.201288223,2.16,2.178465128,2.16,1.904336333,2.16,2.149522781,2.16,2.174674988,2.93,3.590514183,2.93,3.581019402,2.93,4.175276756,2.93,4.410639286,0.59,0.51755619,0.59,0.716622472,0.59,0.736236036,0.59,0.79260689,0.95,1.089627028,0.95,0.693219781,0.95,0.978290081,0.95,0.926459908,4.5,4.479839802,4.5,4.448553562,4.5,4.468752861,4.5,4.669838905,0.95,1.301052809,0.95,1.144197822,0.95,1.113549948,0.95,0.934556544,0.86,0.920900106,0.86,0.461733788,0.86,1.012839079,0.86,0.67264384,0.95,1.054677725,0.95,1.083216548,0.95,0.946184874,0.95,0.924005628,2.16,2.356976271,2.16,2.376991749,2.16,2.019976616,2.16,2.14300251,1.1,1.283989072,1.1,1.239989996,1.1,1.026730061,1.1,1.104340315,4.75,4.597734928,4.75,4.588292122,4.75,4.881819725,4.75,5.165732861,0.95,0.976097584,0.95,0.873737931,0.95,1.026176572,0.95,0.946225941,4.85,4.397564411,4.85,4.81080246,4.85,4.424798965,4.85,4.577144146,1.3,2.483989239,1.3,2.234941244,1.3,2.091001034,1.3,1.967676163,6.06,6.426193237,6.06,6.511543751,6.06,7.069195747,6.06,6.643316269,0.95,1.200760722,0.95,1.216878653,0.95,0.883767366,0.95,0.936722279,7.62,7.986675262,7.62,7.821870327,7.62,7.913751602,7.62,8.200431824,0.95,1.107235312,0.95,0.943256855,0.95,1.049428701,0.95,0.930197239,3.37,3.465832949,3.37,3.466265678,3.37,3.458812237,3.37,3.55645895,8.02,7.83189249,8.02,7.972239494,8.02,8.469017982,8.02,9.096261024,4.38,4.628880501,4.38,4.441010475,4.38,4.469043732,4.38,4.543609619,7.1,7.062190533,7.1,6.591603756,7.1,6.656549454,7.1,6.888175964,0.84,1.020008802,0.84,0.817427039,0.84,0.978107452,0.84,0.937222183,1.04,0.832960546,1.04,0.996812701,1.04,1.146515012,1.04,0.795122921,1.63,1.699745655,1.63,1.684192777,1.63,1.8691113,1.63,1.692621946,0.95,0.899759889,0.95,0.918623328,0.95,1.023361444,0.95,0.996404529,6.15,6.19771862,6.15,6.201359272,6.15,6.561597824,6.15,5.991889,4.7,4.924857616,4.7,5.373370171,4.7,4.950454712,4.7,4.839880943,3.95,4.252033234,3.95,4.286819458,3.95,4.400779724,3.95,4.040261269,0.95,0.956143141,0.95,0.827011943,0.95,0.954769015,0.95,1.012404799,0.73,1.331554055,0.73,1.32847631,0.73,1.155843019,0.73,1.393873453,8.71,7.701528072,8.71,7.954776764,8.71,7.605055809,8.71,7.727318764,6.47,6.243883133,6.47,6.219049931,6.47,6.56717205,6.47,6.097297668,0.95,0.904581428,0.95,0.86448276,0.95,1.14309597,0.95,1.033560276,6.06,6.549329758,6.06,6.477588654,6.06,6.832135201,6.06,6.366783142,0.6,0.819199562,0.6,0.835968494,0.6,0.839456081,0.6,1.016936183,3.37,3.247755289,3.37,3.181199789,3.37,3.353954792,3.37,3.104104757,0.95,0.975409508,0.95,0.872892141,0.95,0.949574113,0.95,0.925746441,4.75,5.065694809,4.75,4.703711987,4.75,4.990096092,4.75,5.464746952,2.8,3.258333921,2.8,2.93756938,2.8,3.539638042,2.8,3.308680534,0.73,0.908917189,0.73,0.9579705,0.73,0.986419678,0.73,0.777170956,0.86,0.768241405,0.86,0.614648938,0.86,0.925672412,0.86,1.305068731,0.85,0.863168478,0.85,0.624683976,0.85,0.928318977,0.85,1.307545424,0.95,0.977933407,0.95,0.96331346,0.95,0.955557823,0.95,0.922156394,0.73,0.913499713,0.73,1.068481803,0.73,0.988240719,0.73,0.805347025,7.94,5.382545948,7.94,5.356206417,7.94,5.779978752,7.94,6.08453846,0.84,0.91123271,0.84,1.136826396,0.84,1.056041002,0.84,0.871548176,0.95,0.964734077,0.95,0.82783401,0.95,1.050523281,0.95,1.086797476,4.88,5.103961468,4.88,4.757752419,4.88,5.038398743,4.88,4.824648857,6.12,5.947046757,6.12,5.620088577,6.12,5.986473083,6.12,5.993478775,6.15,5.948863029,6.15,5.876682758,6.15,6.106274605,6.15,6.176891804,6.15,5.75396347,6.15,5.349579334,6.15,5.981138229,6.15,6.017419815,4.42,4.559926987,4.42,4.535747051,4.42,4.493391037,4.42,4.576179504,2.71,2.258434772,2.71,2.509716749,2.71,2.755316973,2.71,2.789880037,0.73,0.924170375,0.73,1.032578349,0.73,0.991809845,0.73,0.923305213,5.27,4.175637245,5.27,4.128983974,5.27,4.51076889,5.27,4.334796906,4.85,4.865093231,4.85,4.707047939,4.85,5.051630974,4.85,4.609336376,2.8,3.47363925,2.8,3.206590176,2.8,3.567364216,2.8,3.378268242,7.62,7.740639687,7.62,7.563542366,7.62,7.806118011,7.62,8.353281021,8.6,8.567443848,8.6,8.85850811,8.6,8.733579636,8.6,8.846385002,3.75,3.926949024,3.75,3.60008359,3.75,3.82513237,3.75,3.914250851,0.95,1.06703186,0.95,0.705414176,0.95,1.045143604,0.95,1.000187635,4.1,3.886406183,4.1,3.591468573,4.1,3.813140154,4.1,4.195810795,0.6,0.986304998,0.6,0.913690448,0.6,0.837213516,0.6,0.848795831,1.63,1.932614565,1.63,1.857861638,1.63,2.020126343,1.63,1.758366108,1.1,0.90243578,1.1,0.795960307,1.1,0.824413657,1.1,1.1182971,0.7,0.671949267,0.7,0.86538291,0.7,0.84393096,0.7,0.690616786,0.76,0.728065372,0.76,0.627176642,0.76,0.76638186,0.76,0.753401518,3.04,2.928704262,3.04,2.680006504,3.04,2.975390196,3.04,3.23591876,0.7,1.149147749,0.7,1.054275393,0.7,1.210173965,0.7,1.184421778,7.62,7.716580868,7.62,7.522022247,7.62,7.83402729,7.62,8.21818924,1.3,2.243391275,1.3,1.969131351,1.3,1.890416741,1.3,2.645110369,3.75,3.838310003,3.75,3.757932425,3.75,3.703629732,3.75,3.955080271,0.95,0.981168509,0.95,0.911498547,0.95,0.931277514,0.95,0.921205521,0.86,0.7261374,0.86,0.546792388,0.86,0.892388284,0.86,0.708902299,0.82,0.727923393,0.82,0.860451102,0.82,1.005547285,0.82,1.047848701,1.05,1.041618586,1.05,0.454611629,1.05,1.110751867,1.05,0.955611229,2.8,3.519433737,2.8,3.595844746,2.8,3.657387495,2.8,3.587539196,1.88,2.062436342,1.88,2.007682323,1.88,2.019461155,1.88,1.994869947,7.44,7.2937994,7.44,7.896921158,7.44,7.706437111,7.44,7.676223755
0.73,1.815515518,0.73,1.950477481,0.73,2.102312565,0.73,1.630004168,7.1,4.931580067,7.1,6.40131855,7.1,7.0632658,7.1,7.273298264,6.48,4.831915855,6.48,4.317728996,6.48,5.492366791,6.48,6.239133835,2.62,3.667663336,2.62,4.140057087,2.62,3.007535219,2.62,2.733714581,5.73,5.823863983,5.73,5.710462093,5.73,6.559111595,5.73,6.31604147,3.18,3.469448328,3.18,4.444706917,3.18,4.337496758,3.18,3.109658241,0.7,0.907409191,0.7,0.250787318,0.7,0.784602165,0.7,1.140872955,4.35,5.173013687,4.35,4.996181011,4.35,3.938236475,4.35,3.940825224,6.06,5.796051502,6.06,6.528949261,6.06,6.748595238,6.06,7.45140028,9.7,7.504768372,9.7,7.096127987,9.7,8.080454826,9.7,8.499687195,3.04,2.983431101,3.04,3.341605663,3.04,3.077112913,3.04,2.953626156,8.71,6.725224018,8.71,6.659136295,8.71,6.479306221,8.71,5.97868824,0.77,0.501696229,0.77,0.781303167,0.77,1.05532968,0.77,0.593611002,0.9,1.244722009,0.9,1.218645692,0.9,0.880516827,0.9,1.432017803,0.7,0.782825947,0.7,0.585953116,0.7,0.812221289,0.7,0.45443669,7.94,5.230721474,7.94,5.436854362,7.94,5.029959679,7.94,5.072745323,7.62,7.973093987,7.62,6.686671734,7.62,7.645664215,7.62,7.885982037,9.7,8.056485176,9.7,8.161472321,9.7,8.653067589,9.7,8.838757515,0.84,1.079698324,0.84,0.854603767,0.84,1.023392558,0.84,0.952373862,6.8,6.444181442,6.8,6.839991093,6.8,6.614175797,6.8,6.916201591,3.04,2.805682898,3.04,2.997042179,3.04,3.096614361,3.04,3.072894573,8.6,8.588681221,8.6,7.959821701,8.6,8.660390854,8.6,8.581738472,6.06,6.550188065,6.06,6.809440136,6.06,7.261153221,6.06,7.553110123,0.95,0.979518771,0.95,0.971100688,0.95,0.929748654,0.95,0.923243403,6.48,6.192344666,6.48,5.522727966,6.48,6.235138893,6.48,6.37982893,0.95,1.299352884,0.95,0.660375595,0.95,0.892068982,0.95,0.847856522,3.64,3.642836809,3.64,3.728752375,3.64,3.842376471,3.64,3.83010745,0.88,0.811508536,0.88,0.819199622,0.88,1.07719779,0.88,1.244030595,4.75,4.664237022,4.75,4.459740639,4.75,4.927225113,4.75,4.932388306,2.12,2.167475224,2.12,2.419234037,2.12,2.45264864,2.12,2.260826111,0.64,0.573880672,0.64,0.791298747,0.64,0.78076005,0.64,0.335420132,3.2,4.715000153,3.2,4.197363853,3.2,4.833494186,3.2,4.778858662,4.32,4.580841064,4.32,4.538606644,4.32,4.471925735,4.32,4.659882069,0.95,0.980497241,0.95,0.860282063,0.95,1.015082121,0.95,0.985675395,0.56,0.551043749,0.56,0.670175076,0.56,0.739829063,0.56,0.594215333,0.95,1.112609863,0.95,0.736186385,0.95,0.968596697,0.95,0.922252655,4.88,5.148334503,4.88,5.480974674,4.88,4.907808304,4.88,5.241753578,0.95,0.986782074,0.95,0.935096979,0.95,1.009975433,0.95,0.931141675,0.8,0.844902039,0.8,0.434128433,0.8,0.733538151,0.8,0.848900795,0.95,0.984746456,0.95,0.913302064,0.95,1.010470271,0.95,0.931028008,1.49,1.613925695,1.49,1.644549489,1.49,1.806461096,1.49,1.662227631,1.49,1.584887266,1.49,1.607841611,1.49,1.806213856,1.49,1.652594328,0.67,0.745968103,0.67,0.881366134,0.67,0.890864611,0.67,0.804876149,1.1,0.768674612,1.1,0.785837889,1.1,0.85269177,1.1,0.789984882,0.7,0.605334997,0.7,0.672734618,0.7,0.677868247,0.7,0.688441455,6.8,7.312671185,6.8,6.971118927,6.8,7.207985878,6.8,7.158227921,0.67,0.732947111,0.67,0.839123607,0.67,0.998395205,0.67,0.777569294,3.62,3.678926468,3.62,3.430068254,3.62,3.848727465,3.62,3.85592556,0.8,0.738538504,0.8,0.59296608,0.8,0.912587881,0.8,0.877263188,0.82,0.688525915,0.82,0.488329977,0.82,0.776685119,0.82,0.71432066,4.02,3.956179142,4.02,3.82030344,4.02,3.98263669,4.02,3.965307713,2.62,2.468360186,2.62,2.354124546,2.62,2.35737586,2.62,2.97418952,4.51,4.399942875,4.51,4.379480839,4.51,4.470701218,4.51,4.477209568,4.2,4.34275341,4.2,4.557648659,4.2,4.386434555,4.2,4.540082932,0.73,0.907559633,0.73,0.798335433,0.73,0.975738049,0.73,0.850362182,0.95,0.965140939,0.95,0.956829906,0.95,0.948165894,0.95,0.921830297,2.79,2.770193815,2.79,2.652439117,2.79,2.891450405,2.79,2.611066341,2.12,1.894516349,2.12,2.097998857,2.12,2.230206251,2.12,2.271976471,0.8,0.652588129,0.8,0.814588785,0.8,0.856778085,0.8,1.169237852,0.95,0.945370078,0.95,0.98380208,0.95,0.957586288,0.95,1.015734196,1.88,1.997541428,1.88,1.835298419,1.88,1.991489053,1.88,1.847844601,0.95,0.913432837,0.95,0.928100944,0.95,1.005298853,0.95,0.970138788,3.6,3.661005735,3.6,3.388775349,3.6,3.533978701,3.6,3.910263538,8,7.75003624,8,7.797878742,8,7.516932487,8,8.047481537,1.88,2.06641221,1.88,1.833934426,1.88,2.045219421,1.88,1.83170557,0.95,0.977656603,0.95,0.883311987,0.95,0.955223322,0.95,0.925523937,4.01,4.35787487,4.01,4.071533203,4.01,4.292544365,4.01,4.846061707,0.95,1.039085269,0.95,1.102173686,0.95,0.969631791,0.95,0.922292352,0.8,0.752991676,0.8,0.528894305,0.8,0.82732451,0.8,1.157628536,0.95,1.027291298,0.95,1.038988948,0.95,1.066851139,0.95,1.039857864,6.64,6.386795044,6.64,6.19870472,6.64,6.363501549,6.64,6.948759079,0.95,0.976652861,0.95,0.90500927,0.95,0.970157385,0.95,0.960406244,0.59,0.606435299,0.59,0.863932967,0.59,0.703817844,0.59,0.584291279,2.8,3.416243792,2.8,3.132640839,2.8,3.571501255,2.8,3.35011673,4.42,4.558401585,4.42,4.525756836,4.42,4.494789124,4.42,4.577085972,4.8,5.20720768,4.8,5.14264679,4.8,5.50733757,4.8,5.70506382,0.8,0.777471304,0.8,0.629752517,0.8,0.914526165,0.8,1.014907122,6.12,6.008942604,6.12,5.690058708,6.12,6.176919937,6.12,6.058168411,6.47,6.497267246,6.47,6.565649033,6.47,6.753986359,6.47,6.920658588,0.95,0.925489664,0.95,0.753981113,0.95,0.947804451,0.95,0.909728169,0.73,1.090690613,0.73,1.416134834,0.73,1.310135365,0.73,1.358024597,7.44,7.906584263,7.44,7.719060898,7.44,7.877735138,7.44,7.889319897,0.68,0.977371693,0.68,0.824396968,0.68,1.12333405,0.68,1.094422817,1.3,2.279210329,1.3,1.808623195,1.3,1.93822968,1.3,2.540734291,4.31,4.508308411,4.31,4.448857307,4.31,4.490085602,4.31,4.559730053,1.04,1.12790668,1.04,0.841292977,1.04,1.128973246,1.04,1.494670868,1.49,1.779081464,1.49,1.728382826,1.49,1.86182189,1.49,1.610477209,8.39,8.193683624,8.39,8.134088516,8.39,8.290831566,8.39,8.387188911,0.85,0.861805439,0.85,0.747842669,0.85,0.966728806,0.85,1.23889637,8.4,8.3394804,8.4,8.317597389,8.4,8.550361633,8.4,8.663434982,0.6,1.132603645,0.6,0.962764382,0.6,1.281871319,0.6,1.101240158,0.95,0.890042543,0.95,0.697468638,0.95,1.105150938,0.95,0.906096101,4.1,4.080446243,4.1,3.763844013,4.1,3.990169525,4.1,4.36572361,3.37,3.11619854,3.37,3.202796221,3.37,3.324391842,3.37,3.229291677,1.63,2.05507803,1.63,1.916081786,1.63,2.046989202,1.63,1.953665018,3.64,3.448993206,3.64,2.909445524,3.64,3.286041975,3.64,3.857987881,1.42,1.912381887,1.42,1.864709735,1.42,1.584342957,1.42,1.60326314,1.88,1.912088871,1.88,2.328881502,1.88,1.920474172,1.88,1.855628967,0.87,0.819597125,0.87,1.181226611,0.87,1.21378541,0.87,0.788624346,0.95,1.222746253,0.95,0.568628907,0.95,1.188652277,0.95,0.795980155
6.47,5.019450188,6.47,5.435754299,6.47,5.456535339,6.47,5.264282227,0.95,1.002915978,0.95,0.778205752,0.95,1.351951718,0.95,1.100923419,0.75,0.507365584,0.75,0.515942931,0.75,0.957735538,0.75,0.721732318,7.1,4.913888931,7.1,5.847307205,7.1,6.023309708,7.1,6.593163967,2.72,2.615259171,2.72,2.832213402,2.72,3.00378418,2.72,2.591761351,0.95,0.876900792,0.95,0.734711528,0.95,0.925380349,0.95,0.928873956,9.45,6.016014576,9.45,6.306275845,9.45,6.720861435,9.45,6.866153717,0.95,0.887263417,0.95,1.040835738,0.95,0.953492641,0.95,0.913458467,0.75,0.375287265,0.75,0.626224399,0.75,0.787089586,0.75,0.651581943,1.1,0.962251425,1.1,0.915461779,1.1,0.805353522,1.1,1.202868462,1.42,1.205763221,1.42,1.31224525,1.42,1.409573555,1.42,1.207094431,6.12,6.332045555,6.12,5.103950024,6.12,6.566484451,6.12,6.23693943,0.67,0.690908551,0.67,0.4551166,0.67,0.406357884,0.67,0.653542876,0.95,0.817698956,0.95,0.841635585,0.95,0.894087374,0.95,0.920278609,2.72,2.684098959,2.72,2.414275169,2.72,2.128925323,2.72,2.615813255,0.95,1.029068589,0.95,1.09302032,0.95,0.940497518,0.95,0.924687743,4.36,4.330419064,4.36,4.267745018,4.36,4.462553024,4.36,4.45968771,0.95,0.974028349,0.95,0.78691268,0.95,0.898132861,0.95,0.862842798,4.75,4.626737595,4.75,4.302091599,4.75,4.441390038,4.75,4.217401505,6.26,6.758265972,6.26,6.71684742,6.26,6.308283806,6.26,6.616480827,3.64,3.771294117,3.64,3.659257412,3.64,3.440887928,3.64,3.511048794,5.1,4.834400654,5.1,4.942120552,5.1,5.386609077,5.1,5.19307518,1.42,1.572177649,1.42,1.401205063,1.42,1.667572856,1.42,1.356256962,4.7,5.454202652,4.7,6.089914322,4.7,5.971788406,4.7,4.90318203,0.73,1.580686688,0.73,1.404876828,0.73,1.522292852,0.73,1.279685736,0.95,1.214156151,0.95,1.081856608,0.95,1.009801149,0.95,0.920795918,4.31,4.601929665,4.31,4.546490669,4.31,4.475601196,4.31,4.714864254,0.95,0.993770838,0.95,1.075973392,0.95,0.943443179,0.95,1.022350788,5.73,6.47144413,5.73,6.256093025,5.73,6.617079735,5.73,6.478034496,3.62,3.285622835,3.62,2.938290596,3.62,3.059132338,3.62,2.834534168,4.36,4.374016762,4.36,4.448554993,4.36,4.459780693,4.36,4.657868385,5.1,5.056768417,5.1,5.102191925,5.1,5.378472328,5.1,4.804973602,9.45,8.130293846,9.45,7.720939159,9.45,8.230082512,9.45,8.790091515,2.62,2.926164865,2.62,2.737820387,2.62,2.538111687,2.62,2.841493607,0.73,1.289326072,0.73,1.189055562,0.73,1.171647072,0.73,1.40306735,0.95,1.050867081,0.95,1.079508662,0.95,0.950750172,0.95,0.923647285,3.6,3.522820234,3.6,3.119608879,3.6,3.443886042,3.6,3.704359531,3.64,3.566032648,3.64,3.590231419,3.64,3.663361073,3.64,3.714154243,0.84,0.956851959,0.84,0.802200198,0.84,0.963927627,0.84,0.792868078,0.95,0.994015455,0.95,0.897868514,0.95,1.006327629,0.95,0.998213887,0.6,0.823085308,0.6,0.465235084,0.6,0.77785486,0.6,0.849588156,5.1,4.974324226,5.1,4.745975018,5.1,5.108428001,5.1,5.197599411,6.47,6.86580658,6.47,7.226449966,6.47,6.409438133,6.47,6.585522175,0.95,0.964365482,0.95,0.95815742,0.95,0.940156579,0.95,0.922222197,0.94,0.896367669,0.94,0.881513476,0.94,0.869590044,0.94,0.816476464,7.44,8.00299263,7.44,8.315386772,7.44,7.776539803,7.44,7.902385235,0.84,0.943934679,0.84,0.808471084,0.84,0.993766785,0.84,0.930665016,6.06,6.263958931,6.06,6.344960213,6.06,6.307785034,6.06,6.150186539,0.6,0.76850462,0.6,0.629314661,0.6,0.95414561,0.6,0.899857461,2.12,1.894999981,2.12,2.100785971,2.12,2.264989138,2.12,2.371812344,6.47,6.636397839,6.47,6.845622063,6.47,6.61685276,6.47,6.457206726,0.82,0.672374487,0.82,0.485186905,0.82,0.781481147,0.82,0.671082616,0.6,0.72580725,0.6,0.722017527,0.6,0.491261363,0.6,0.672881186,0.95,1.052874684,0.95,0.899504423,0.95,1.097177029,0.95,0.954539239,4.88,5.101690292,4.88,4.897217751,4.88,4.986174583,4.88,4.724236965,0.95,1.07649827,0.95,0.726100802,0.95,0.910977602,0.95,0.91975379,4.43,4.421201706,4.43,4.450846195,4.43,4.473649025,4.43,4.480586052,0.95,0.895820618,0.95,0.922688842,0.95,0.996809959,0.95,0.977090657,0.77,0.742526174,0.77,0.841644585,0.77,0.805664659,0.77,0.854400694,0.95,1.023855209,0.95,1.073111415,0.95,0.961658478,0.95,0.922224641,5.73,6.366955757,5.73,6.309781075,5.73,6.301085472,5.73,6.313356876,0.7,1.001956463,0.7,0.870518804,0.7,1.002666473,0.7,0.849225819,4.51,4.404133797,4.51,4.458314419,4.51,4.477694511,4.51,4.481741905,1.04,1.174263954,1.04,1.02062726,1.04,1.070854187,1.04,1.089545727,0.73,0.913499713,0.73,1.068481803,0.73,0.988240719,0.73,0.805347025,0.95,0.862898588,0.95,1.041983128,0.95,0.916801333,0.95,1.064568758,0.73,0.913426995,0.73,1.118700862,0.73,0.986208439,0.73,0.826247334,1.1,0.601395607,1.1,0.714743972,1.1,0.765207171,1.1,0.993967474,4.36,5.5025177,4.36,5.319140434,4.36,5.536421776,4.36,5.332095146,0.95,0.98594451,0.95,0.898988843,0.95,0.959113002,0.95,0.92604208,6.47,6.398906231,6.47,6.616356373,6.47,6.731647491,6.47,6.897678375,8.4,8.519608498,8.4,8.770417213,8.4,8.429846764,8.4,8.576901436,0.73,1.191148639,0.73,1.371359229,0.73,1.413404584,0.73,1.349828482,6.15,5.762886047,6.15,5.324618816,6.15,5.963297844,6.15,6.023854733,1.88,1.853837013,1.88,1.828641176,1.88,2.01362133,1.88,1.776638269,0.95,0.879279137,0.95,1.089878082,0.95,0.92595315,0.95,1.034284592,4.5,4.484071255,4.5,4.469573975,4.5,4.492555618,4.5,4.540467262,2.12,2.001392841,2.12,1.847174525,2.12,2.210828781,2.12,2.192280769,6.47,6.576796532,6.47,6.428643703,6.47,6.4979496,6.47,6.47927618,6.5,6.419224262,6.5,6.240553856,6.5,6.464349747,6.5,6.548760891,0.6,0.46277222,0.6,0.708395243,0.6,0.675536394,0.6,0.552930295,7.1,5.319093704,7.1,5.204586983,7.1,5.707409859,7.1,5.78154707,6.15,6.147266388,6.15,5.927670479,6.15,5.93437767,6.15,6.09397316,6.47,6.115811348,6.47,5.695114613,6.47,6.126873016,6.47,6.020766735,0.86,0.802940845,0.86,0.49108538,0.86,0.938652694,0.86,0.6862818,1.1,1.39457953,1.1,1.312096,1.1,1.470068216,1.1,1.502597094,4.31,4.507366657,4.31,4.44175148,4.31,4.483651161,4.31,4.562981606,0.95,0.986660957,0.95,0.866207004,0.95,0.832960367,0.95,0.976641357,0.73,1.216220379,0.73,1.464371204,0.73,1.210942268,0.73,1.369897842,4.8,5.296345711,4.8,5.118227005,4.8,5.791213989,4.8,5.660393238,0.84,0.932426691,0.84,0.705260158,0.84,1.058242798,0.84,0.840358496,3.18,2.947680235,3.18,3.023315191,3.18,2.993922949,3.18,2.888936996,7.62,7.712656975,7.62,7.49242878,7.62,7.815268517,7.62,8.195673943,0.9,1.070549846,0.9,0.861681342,0.9,1.146741509,0.9,1.707482815,4.88,5.035189629,4.88,4.92042923,4.88,4.812161446,4.88,4.681995869,0.9,1.041222692,0.9,0.856073976,0.9,1.141920686,0.9,1.749736309,3.04,3.020480871,3.04,2.757789612,3.04,3.133147001,3.04,3.333937883,0.95,1.025876045,0.95,1.002401352,0.95,0.943645954,0.95,0.920973718,0.86,0.691784143,0.86,0.567720294,0.86,0.872175097,0.86,0.709337294,0.7,1.24775219,0.7,1.334127307,0.7,1.54722178,0.7,1.487431049
0.69,0.043385476,0.69,0.193920225,0.69,0.987459898,0.69,0.831025779,6.12,5.60383606,6.12,5.479120731,6.12,6.313457489,6.12,5.757890701,2.72,2.866531134,2.72,2.763056755,2.72,2.663842201,2.72,2.743466377,3.2,4.171245575,3.2,4.291086197,3.2,4.934821129,3.2,5.377497196,0.73,0.91166532,0.73,0.81097877,0.73,0.992520332,0.73,0.736246049,0.95,0.294419378,0.95,0.260201305,0.95,0.834935427,0.95,0.740946054,1.49,2.012973785,1.49,2.028006315,1.49,1.862822294,1.49,1.593157291,3.12,2.595648527,3.12,2.812434435,3.12,2.855794191,3.12,2.653951168,4.88,5.884140491,4.88,5.614235401,4.88,5.947050095,4.88,5.194818497,4.2,4.118513107,4.2,4.766857147,4.2,4.260631561,4.2,5.077522755,1.93,2.742830515,1.93,2.567267656,1.93,2.157470465,1.93,2.061992168,6.47,5.473803043,6.47,5.094581604,6.47,5.194972992,6.47,5.74397707,0.75,0.563632011,0.75,0.544033408,0.75,0.58007884,0.75,0.665173769,0.95,0.894070983,0.95,0.884800315,0.95,1.060472846,0.95,0.891515255,0.77,0.566981554,0.77,0.76510191,0.77,1.093872666,0.77,0.637611985,1.1,1.195317864,1.1,0.854863524,1.1,1.190517426,1.1,1.255633831,1.49,1.860735178,1.49,1.730070353,1.49,1.437172174,1.49,1.386953592,6.8,6.579611778,6.8,6.817524433,6.8,6.616678238,6.8,7.057981968,4.38,4.476718426,4.38,4.380749702,4.38,4.470913887,4.38,4.583193302,0.95,0.907311559,0.95,1.155074954,0.95,0.939433694,0.95,1.031885862,4.39,4.804591179,4.39,4.503096581,4.39,4.490627289,4.39,4.655666351,0.95,0.707555056,0.95,0.7362082,0.95,1.063584089,0.95,0.864217699,4.39,4.769316673,4.39,4.544694424,4.39,4.487636566,4.39,4.679704189,6.1,6.291818619,6.1,7.260469437,6.1,6.858765602,6.1,6.031590939,0.87,0.96129185,0.87,0.879473567,0.87,0.900561571,0.87,0.969466567,0.88,0.876335621,0.88,0.806650937,0.88,1.080443621,0.88,1.225981474,0.8,0.802968264,0.8,0.468880147,0.8,0.913614333,0.8,0.90620023,0.95,0.976314843,0.95,0.96840179,0.95,0.931798816,0.95,0.923035264,6.15,5.855155468,6.15,6.185855865,6.15,6.797221184,6.15,6.50071907,0.95,1.169035912,0.95,1.012496114,0.95,1.012619495,0.95,0.923629701,0.67,0.708223462,0.67,0.660044551,0.67,0.613498449,0.67,0.750227451,0.95,0.964098096,0.95,0.859552264,0.95,1.007030368,0.95,0.94498992,5.73,6.418365479,5.73,6.343923569,5.73,6.442054749,5.73,6.58067894,0.95,0.968640089,0.95,0.93698585,0.95,0.934215665,0.95,0.922971725,0.69,0.507159948,0.69,0.847416759,0.69,0.870651722,0.69,0.743204296,5.1,5.187254429,5.1,4.734790802,5.1,5.320941925,5.1,5.406744957,4.42,4.627772331,4.42,4.50146389,4.42,4.471997261,4.42,4.608264446,3.62,3.545563459,3.62,3.564911604,3.62,3.640951872,3.62,3.692615032,4.36,4.480741978,4.36,4.412958145,4.36,4.462953568,4.36,4.526792049,5.27,4.31238842,5.27,4.496954918,5.27,4.388664246,5.27,4.776404858,6.47,6.785029411,6.47,7.148869991,6.47,6.409008026,6.47,6.700348854,7.1,5.639147282,7.1,5.551993847,7.1,5.690245628,7.1,6.062394619,0.68,0.806715131,0.68,0.502950668,0.68,0.82956028,0.68,0.854306459,4.68,4.977226257,4.68,4.88243866,4.68,4.874992371,4.68,5.257979393,0.64,0.6269629,0.64,0.526582122,0.64,0.649312496,0.64,0.407476485,4.2,4.332000256,4.2,4.506617069,4.2,4.428783417,4.2,4.569142342,4.02,4.024898529,4.02,3.874572039,4.02,4.051208496,4.02,4.11089325,0.9,0.865159392,0.9,1.008264899,0.9,1.178954363,0.9,0.864072859,1.05,1.084379077,1.05,0.871624351,1.05,1.093647718,1.05,1.041835308,0.97,1.071392179,0.97,1.182308078,0.97,1.257688046,0.97,1.16140604,0.85,0.790270805,0.85,0.741973042,0.85,1.013932228,0.85,0.985213161,0.95,0.884863734,0.95,0.908997416,0.95,1.012097359,0.95,1.088792443,3.6,3.685158253,3.6,3.208321333,3.6,3.515860558,3.6,3.704550743,1.04,0.87211597,1.04,0.938557982,1.04,1.229140282,1.04,0.928409994,6.64,6.539865494,6.64,6.283905983,6.64,6.515006065,6.64,6.502830505,8,7.903396606,8,7.752228737,8,7.506451607,8,7.824597836,4.42,4.611208916,4.42,4.55981493,4.42,4.482200623,4.42,4.568925858,8.4,8.84309864,8.4,8.767733574,8.4,8.555567741,8.4,8.692434311,5.73,6.372356892,5.73,6.355717659,5.73,6.320311546,5.73,6.295788765,8.02,8.04436779,8.02,8.267440796,8.02,8.161675453,8.02,8.28680706,0.84,0.906723619,0.84,0.97368753,0.84,1.066059828,0.84,0.834922254,0.95,0.834420443,0.95,0.935203314,0.95,1.060712337,0.95,0.878834128,6.47,6.28725338,6.47,6.193613529,6.47,6.519267082,6.47,6.235019207,1.1,1.598323822,1.1,1.304370761,1.1,1.370252728,1.1,1.363849401,4.88,5.204329491,4.88,4.82988596,4.88,5.007455826,4.88,4.846470833,1.1,0.581427097,1.1,0.711570859,1.1,0.757279515,1.1,0.97968024,0.81,1.025397539,0.81,0.916297793,0.81,0.935056448,0.81,0.886206508,4.7,4.606092453,4.7,4.916938305,4.7,4.989841461,4.7,4.607105255,0.7,0.909137487,0.7,0.47401318,0.7,0.90616703,0.7,1.187302589,3.2,4.101532459,3.2,3.987294436,3.2,4.42388916,3.2,4.378773689,4.31,4.488649368,4.31,4.499547958,4.31,4.488359451,4.31,4.537748337,0.95,1.088603497,0.95,0.834380031,0.95,1.076572537,0.95,1.081645966,0.87,0.911778688,0.87,1.034967303,0.87,0.855569124,0.87,0.834179461,7.44,7.922698021,7.44,7.843855858,7.44,7.869470596,7.44,7.859771729,0.7,0.735998273,0.7,0.797170639,0.7,0.779937625,0.7,0.661765993,0.95,0.582075834,0.95,0.846399546,0.95,0.997731149,0.95,0.914568186,0.6,0.855658293,0.6,0.715575576,0.6,0.99943608,0.6,1.089942455,3.12,3.62792325,3.12,2.930294514,3.12,3.229931831,3.12,3.402570724,1.93,1.883308649,1.93,1.694238544,1.93,1.973074436,1.93,2.125530005,8.4,8.410897255,8.4,8.538230896,8.4,8.424616814,8.4,8.586792946,3.04,2.847502708,3.04,2.6123209,3.04,2.886777878,3.04,3.100565672,3.2,3.297341824,3.2,3.278077841,3.2,3.816570759,3.2,3.530933619,6.64,6.423810482,6.64,6.296992779,6.64,6.449298859,6.64,6.862483025,1.04,1.157234907,1.04,0.846899867,1.04,1.133794546,1.04,1.452417374,0.7,0.780215025,0.7,0.638271451,0.7,0.884875357,0.7,1.086482286,8.6,8.494383812,8.6,8.637352943,8.6,8.715220451,8.6,8.723041534,0.6,0.543522,0.6,0.765278935,0.6,0.725854993,0.6,0.583913028,3.12,3.009931326,3.12,2.598492861,3.12,2.827666044,3.12,2.794728994,0.84,0.875185013,0.84,0.978298068,0.84,0.992964208,0.84,0.89086473,2.8,3.652691603,2.8,3.453933716,2.8,3.578403711,2.8,3.485561371,0.84,0.859825134,0.84,0.996747851,0.84,0.98371172,0.84,0.914465785,0.9,1.096348524,0.9,0.864765286,0.9,1.149382949,0.9,1.662653208,0.84,0.932352543,0.84,0.62328136,0.84,1.054645538,0.84,0.866427541,0.95,1.137933373,0.95,0.963964224,0.95,1.140557885,0.95,0.976117611,4.38,4.509698868,4.38,4.438355446,4.38,4.460134506,4.38,4.596315861,1.3,2.225479841,1.3,2.049387217,1.3,1.866510749,1.3,2.697299719,0.84,0.930627584,0.84,0.457650036,0.84,1.045489073,0.84,0.917882919,1.3,2.169904947,1.3,2.090789557,1.3,1.856432796,1.3,2.724611759,4.42,4.544729233,4.42,4.459756851,4.42,4.45042038,4.42,4.543356895,2.8,3.486117125,2.8,3.616486788,2.8,3.686942577,2.8,3.613034248
4.01,5.549576759,4.01,4.707842827,4.01,5.795765877,4.01,5.309780598,6.06,5.103429794,6.06,5.775490761,6.06,5.032217026,6.06,5.931542397,0.93,1.159008861,0.93,1.387522578,0.93,1.15584898,0.93,0.747007847,0.95,0.473464817,0.95,1.017976046,0.95,1.426354647,0.95,1.031178951,0.7,0.790518284,0.7,-0.030277126,0.7,0.787002265,0.7,0.988467991,0.95,0.906057954,0.95,1.234534144,0.95,0.921996653,0.95,0.962494433,1.63,2.016019344,1.63,2.093853712,1.63,1.92963028,1.63,1.648427725,3.75,4.222797871,3.75,4.25757885,3.75,4.958179474,3.75,5.112418175,6.47,6.580928802,6.47,6.405436039,6.47,7.183357239,6.47,6.517733574,0.76,0.762911797,0.76,0.607338309,0.76,0.61081934,0.76,1.171056151,0.8,0.895706058,0.8,0.878530622,0.8,0.757530928,0.8,0.789142728,8.4,7.712972641,8.4,7.426425457,8.4,8.436347961,8.4,8.407911301,1.42,1.38441658,1.42,1.304189205,1.42,1.49215126,1.42,1.173125267,5.27,3.625595331,5.27,3.271783113,5.27,4.264089584,5.27,3.561058283,0.67,0.675732374,0.67,0.497110218,0.67,0.465181708,0.67,0.671206951,0.95,0.872647047,0.95,0.542977929,0.95,0.815451801,0.95,0.837086558,4.31,4.705670834,4.31,4.419122219,4.31,4.486013412,4.31,4.58498764,5.98,5.471539021,5.98,4.793132782,5.98,5.276896477,5.98,5.318703651,0.85,0.623486757,0.85,0.736002743,0.85,0.745552957,0.85,0.793225825,7.44,7.998022079,7.44,8.30861187,7.44,7.853679657,7.44,7.60094738,4.75,4.686843872,4.75,4.32828474,4.75,4.570412636,4.75,4.504271507,7.89,7.351438522,7.89,8.187561989,7.89,7.845635414,7.89,8.373563766,3.95,3.571347952,3.95,3.71134901,3.95,3.79527092,3.95,4.104932308,3.75,3.662092686,3.75,3.915939093,3.75,4.277317047,3.75,3.752707958,2.79,2.377717257,2.79,2.566785097,2.79,2.693115473,2.79,2.475497723,3.62,3.250599861,3.62,3.476667643,3.62,3.739276171,3.62,3.91210556,9.45,7.64885664,9.45,7.531011581,9.45,8.221097946,9.45,8.477173805,0.95,1.346111298,0.95,1.175756097,0.95,1.085985184,0.95,0.937587261,0.56,0.582819939,0.56,0.670623422,0.56,0.783793688,0.56,0.643288791,0.56,0.909407616,0.56,0.886221647,0.56,1.00103879,0.56,1.011908412,4.42,4.53138113,4.42,4.539692879,4.42,4.469617844,4.42,4.688013077,0.9,0.766825736,0.9,1.239692926,0.9,1.047650337,0.9,0.980582118,4.36,4.387162209,4.36,4.445358276,4.36,4.459816933,4.36,4.622779369,6.5,5.952067375,6.5,6.716360569,6.5,6.781956673,6.5,6.79273653,0.84,0.925192118,0.84,0.788835883,0.84,0.974734426,0.84,0.800788581,3.37,3.233234167,3.37,2.969349623,3.37,3.234009981,3.37,3.484595299,0.84,1.030770063,0.84,0.78896606,0.84,0.949181318,0.84,0.947072983,0.95,0.994264364,0.95,0.887594104,0.95,0.939611554,0.95,0.927319705,0.8,0.844902039,0.8,0.434128433,0.8,0.733538151,0.8,0.848900795,0.56,0.859109879,0.56,0.938776612,0.56,1.022753954,0.56,1.015450478,7.62,6.811411381,7.62,7.168710709,7.62,6.443772316,7.62,6.733447075,0.95,0.992791414,0.95,0.891679645,0.95,0.94197166,0.95,0.927150309,0.77,0.844394207,0.77,0.661878228,0.77,0.619197249,0.77,0.815760553,3.64,3.543707371,3.64,3.382726431,3.64,3.72624135,3.64,3.697929859,0.67,0.739770651,0.67,0.856787086,0.67,0.9441607,0.67,0.805826962,0.95,0.980214,0.95,0.904900193,0.95,1.001220822,0.95,0.930409133,0.56,0.717888713,0.56,0.761243463,0.56,0.72828263,0.56,0.741241992,1.1,1.685691833,1.1,1.392037988,1.1,1.361958623,1.1,1.047718287,0.73,0.918818235,0.73,0.795042872,0.73,0.955538273,0.73,0.93037641,0.86,1.011639833,0.86,0.739554167,0.86,0.810747623,0.86,1.352895737,0.69,0.526125193,0.69,0.563894629,0.69,0.690458655,0.69,0.580349982,0.86,0.968663573,0.86,0.716388106,0.86,0.828071177,0.86,1.343656301,0.84,0.970278263,0.84,0.646111131,0.84,0.969381928,0.84,0.79862994,0.86,0.925687313,0.86,0.693223357,0.86,0.845394909,0.86,1.334417343,1.63,1.836121798,1.63,1.732657075,1.63,1.870772243,1.63,1.694872379,8.6,9.039999962,8.6,8.885893822,8.6,9.100702286,8.6,8.95737648,2.72,2.376230478,2.72,2.303591251,2.72,2.363865376,2.72,2.422554493,0.95,0.966567278,0.95,0.96203506,0.95,0.949733138,0.95,0.921793938,3.64,3.982306242,3.64,3.780455589,3.64,3.842231989,3.64,4.183432102,7.89,7.663637638,7.89,7.969960213,7.89,7.839575768,7.89,7.808475018,0.73,0.908917189,0.73,0.9579705,0.73,0.986419678,0.73,0.777170956,7.94,5.411137581,7.94,5.349217415,7.94,5.720722198,7.94,6.129507065,0.8,0.66421771,0.8,0.729057908,0.8,0.842009783,0.8,1.288943291,0.95,0.928633928,0.95,0.934297204,0.95,1.057106853,0.95,0.982196033,0.69,0.597596884,0.69,1.004991412,0.69,0.665675879,0.69,0.749610484,3.64,3.432270527,3.64,3.024227858,3.64,3.314475775,3.64,3.355414867,4.85,5.037899494,4.85,4.630083084,4.85,4.91810894,4.85,4.771161079,0.95,0.976301551,0.95,0.948327899,0.95,0.958033562,0.95,0.921670675,6.64,6.426987171,6.64,6.226351261,6.64,6.390593529,6.64,7.012890816,1.63,1.944403052,1.63,1.482331276,1.63,1.728653669,1.63,1.606306314,6.48,6.225665092,6.48,6.029091358,6.48,6.184109688,6.48,6.772623062,8.6,8.815767288,8.6,9.151497841,8.6,8.786030769,8.6,9.048259735,0.75,0.641986132,0.75,0.471328586,0.75,0.677015543,0.75,0.705636084,0.95,0.985644221,0.95,0.942492008,0.95,0.92015624,0.95,0.952913344,0.85,0.952187061,0.85,0.549185157,0.85,0.918017089,0.85,1.143208861,4.68,4.990250587,4.68,4.794349194,4.68,5.248401642,4.68,5.042383194,0.6,0.578379631,0.6,0.677563548,0.6,0.646062315,0.6,0.535953701,0.93,0.075591415,0.93,0.783621907,0.93,0.742399395,0.93,0.760419071,1.63,1.805769801,1.63,1.82859385,1.63,2.002379179,1.63,1.756819248,8.4,8.410897255,8.4,8.538230896,8.4,8.424616814,8.4,8.586792946,0.69,0.506531239,0.69,0.098206379,0.69,0.684636593,0.69,0.826702535,0.95,0.974335313,0.95,0.902024508,0.95,0.966720343,0.95,0.92146194,1.05,1.037402391,1.05,1.023428321,1.05,1.124860048,1.05,0.85932219,1.04,1.202463627,1.04,1.08093226,1.04,1.051692724,1.04,1.017163396,3.95,4.317240715,3.95,4.179163933,3.95,4.206580162,3.95,3.969694853,3.62,3.104189634,3.62,2.676524878,3.62,3.144001484,3.62,3.358279228,0.84,0.89054656,0.84,0.956409335,0.84,1.002216697,0.84,0.885480583,6.26,6.051943302,6.26,6.165220261,6.26,6.352869987,6.26,6.197957993,0.56,0.76198566,0.56,0.925773859,0.56,0.90956229,0.56,0.745097339,7.39,7.409210205,7.39,7.339134216,7.39,7.834559441,7.39,7.565420628,4.01,4.162581921,4.01,3.855562449,4.01,4.14382267,4.01,4.762029171,0.95,1.051876068,0.95,0.650319695,0.95,1.117808223,0.95,0.977042615,0.59,0.751960516,0.59,0.82313478,0.59,0.519322276,0.59,0.655896485,0.95,0.920127034,0.95,0.875075459,0.95,0.957192779,0.95,0.95999366,0.84,0.932277679,0.84,0.541304469,0.84,1.051048756,0.84,0.892496407,0.95,1.464190006,0.95,0.779432476,0.95,1.060226679,0.95,0.940935493,0.94,0.803976297,0.94,1.119082332,0.94,1.098308086,0.94,0.792421162,0.95,1.483564377,0.95,0.781578422,0.95,1.012025833,0.95,0.933421016,0.85,1.076997042,0.85,0.940994859,0.85,1.179795384,0.85,1.535827875,1.3,2.110582113,1.3,2.137295008,1.3,1.853862286,1.3,2.756804228
4.52,4.332651615,4.52,4.315474033,4.52,4.551563263,4.52,4.226715088,0.95,0.850436926,0.95,1.134544253,0.95,0.946933508,0.95,1.026742816,0.69,0.552690744,0.69,1.00614202,0.69,0.64948225,0.69,0.626643717,0.95,0.841989875,0.95,0.82249248,0.95,1.02357161,0.95,1.032877684,0.59,0.638030767,0.59,0.888596535,0.59,0.860597312,0.59,0.77159977,6.15,4.787755966,6.15,4.980811119,6.15,5.83644104,6.15,6.412491798,6.64,5.588920116,6.64,5.383331299,6.64,6.141178131,6.64,5.660767078,6.8,6.692569733,6.8,6.369730949,6.8,7.083230019,6.8,7.043772221,0.68,0.643597007,0.68,0.389805645,0.68,0.602744222,0.68,0.699021578,0.95,0.918597817,0.95,0.922196746,0.95,1.000160694,0.95,0.89694947,0.73,1.65666914,0.73,1.644924521,0.73,1.542962551,0.73,1.512656689,0.95,0.682970643,0.95,0.888999283,0.95,1.136721611,0.95,1.021974802,0.84,0.893257797,0.84,0.732436538,0.84,0.816073656,0.84,0.649137139,0.86,1.637614369,0.86,1.142120481,0.86,1.99262476,0.86,1.232904911,4.01,5.236254692,4.01,4.692232609,4.01,5.156807899,4.01,4.821343422,0.95,1.205531478,0.95,1.212110996,0.95,1.089461088,0.95,0.893082023,3.75,4.318080902,3.75,4.316729546,3.75,4.25590229,3.75,4.139627934,8.39,7.727192879,8.39,8.154716492,8.39,7.7873106,8.39,7.461929321,5.73,6.923719406,5.73,6.298986435,5.73,6.746385574,5.73,6.779602051,8.71,7.414061546,8.71,7.318266869,8.71,6.865900993,8.71,6.971700668,6.64,6.219991207,6.64,5.402912617,6.64,6.020210266,6.64,6.343532085,6.47,5.248491764,6.47,5.230072021,6.47,5.820421219,6.47,5.087658882,7.62,7.952443123,7.62,6.883607388,7.62,8.207468033,7.62,9.100798607,1.49,1.798586369,1.49,1.55186832,1.49,1.795260191,1.49,1.527944565,0.69,0.619770408,0.69,0.647461772,0.69,0.680139542,0.69,0.749108851,0.95,1.002729416,0.95,1.054172397,0.95,0.943734169,0.95,1.023262024,0.81,0.891225517,0.81,0.817032695,0.81,0.838753223,0.81,1.011067748,5.1,4.968943119,5.1,4.851180077,5.1,5.499189377,5.1,4.853796959,0.73,1.559806347,0.73,1.335857034,0.73,1.315980315,0.73,1.301674366,0.95,0.921271801,0.95,1.143789887,0.95,0.930707574,0.95,1.030390024,1.05,0.988037705,1.05,0.838655829,1.05,1.027183294,1.05,0.960740507,4.8,5.27832365,4.8,5.149832249,4.8,5.649954796,4.8,5.79069519,6.64,6.43470192,6.64,6.061452866,6.64,6.308826447,6.64,6.650361538,4.8,5.460855484,4.8,5.162380219,4.8,5.56791687,4.8,5.793334961,4.5,4.552201748,4.5,4.496724129,4.5,4.468934059,4.5,4.615518093,0.95,0.930438519,0.95,1.156855822,0.95,0.937176108,0.95,1.020521164,0.81,0.847436428,0.81,0.91201961,0.81,0.862087965,0.81,0.804801106,3.12,3.001573324,3.12,2.844175577,3.12,3.153880835,3.12,3.133806705,0.81,0.845701814,0.81,0.875227332,0.81,0.840145826,0.81,0.802757561,1.1,0.892752171,1.1,0.917719722,1.1,0.883372068,1.1,0.831066549,0.67,0.752165198,0.67,0.831203818,0.67,0.837568045,0.67,0.794653893,0.56,0.855490088,0.56,0.934685826,0.56,1.021817565,0.56,1.024202824,0.6,0.806715131,0.6,0.502950668,0.6,0.82956028,0.6,0.854306459,0.95,1.080357909,0.95,0.918727875,0.95,1.087663889,0.95,0.933539391,0.77,0.891570449,0.77,0.690525293,0.77,0.63392818,0.77,0.809458196,3.2,3.634383678,3.2,3.684798479,3.2,3.557354927,3.2,3.40575552,0.87,0.937732935,0.87,0.929588199,0.87,0.89965415,0.87,0.819251418,8.6,9.075220108,8.6,8.717669487,8.6,9.446829796,8.6,8.902816772,2.16,2.142384291,2.16,2.206389666,2.16,2.276466131,2.16,2.110595465,0.95,0.9851861,0.95,0.8532902,0.95,1.039995432,0.95,0.94588691,0.56,0.815079451,0.56,0.820035338,0.56,0.678492308,0.56,0.782360137,0.95,0.927144289,0.95,0.992825866,0.95,0.947081447,0.95,1.019830942,0.93,1.031886816,0.93,1.128000617,0.93,1.037731409,0.93,1.057429552,0.95,0.976881504,0.95,0.869789898,0.95,0.947213531,0.95,0.925915778,0.7,0.806635141,0.7,0.827319026,0.7,0.961633146,0.7,1.087788105,9.7,9.613866806,9.7,9.191577911,9.7,9.185201645,9.7,9.431312561,4.31,4.565840721,4.31,4.530885696,4.31,4.479930878,4.31,4.545473099,0.93,0.302205175,0.93,0.655923963,0.93,0.801017165,0.93,0.449063718,0.75,0.698895335,0.75,0.703437686,0.75,0.849897623,0.75,0.759558439,0.95,0.969885588,0.95,0.998467326,0.95,0.951493025,0.95,0.922113001,0.93,1.046041012,0.93,1.211637378,0.93,1.091038227,0.93,1.078185797,8,7.782593727,8,7.844963074,8,7.509067535,8,8.051830292,3.37,3.247145414,3.37,3.18729949,3.37,3.41077137,3.37,3.271004915,2.71,2.386883974,2.71,2.784052134,2.71,2.713989496,2.71,2.785866261,5.73,6.267148495,5.73,6.305370808,5.73,6.314758301,5.73,6.388168335,7.89,7.873149872,7.89,7.863431454,7.89,7.63534832,7.89,7.741026402,6.48,6.241599083,6.48,6.016541004,6.48,6.182403564,6.48,6.830434322,4.8,5.161184311,4.8,5.202407837,4.8,5.417702675,4.8,5.740110397,0.69,0.516446352,0.69,0.439499229,0.69,0.72197473,0.69,0.627399147,7.1,6.858114243,7.1,6.918461323,7.1,7.144781113,7.1,7.155047894,0.59,0.599469185,0.59,0.798971534,0.59,0.751714051,0.59,0.581410706,3.18,2.91852212,3.18,2.623291492,3.18,2.897824526,3.18,2.849091053,0.81,0.892905235,0.81,0.953566432,0.81,0.939156771,0.81,0.864984095,0.95,0.954230428,0.95,0.901583433,0.95,0.970169067,0.95,1.011543274,0.87,0.865245283,0.87,1.046147227,0.87,0.852606297,0.87,0.823559582,6.8,6.823336124,6.8,6.881872177,6.8,7.039951324,6.8,6.961701393,0.93,1.045812845,0.93,1.396746039,0.93,1.205918312,0.93,1.126705289,6.8,6.826245785,6.8,6.856301308,6.8,7.063461304,6.8,6.996135712,0.85,0.895701885,0.85,0.584829211,0.85,0.914582968,0.85,1.100546837,3.62,3.122059107,3.62,2.628358126,3.62,3.166726828,3.62,3.271459103,2.16,1.917404413,2.16,2.141057968,2.16,2.166387796,2.16,2.130707741,1.49,2.013522625,1.49,1.691661835,1.49,1.607620001,1.49,1.559904814,3.95,4.292616367,3.95,4.14974165,3.95,4.228312492,3.95,3.983893871,0.95,1.007490873,0.95,1.031822443,0.95,0.894240141,0.95,0.984361172,0.56,0.685302615,0.56,0.891300321,0.56,0.880087972,0.56,0.728121221,0.95,0.953164577,0.95,1.025591493,0.95,0.896409035,0.95,0.985701263,0.6,1.054986954,0.6,0.893578172,0.6,1.202601552,0.6,1.097831249,3.75,3.676555872,3.75,3.429566145,3.75,3.788672447,3.75,3.743284225,0.59,0.760597229,0.59,0.82711637,0.59,0.525415778,0.59,0.633074701,0.95,0.969690323,0.95,0.664541841,0.95,1.079376459,0.95,1.020611763,0.64,0.537295341,0.64,0.697898746,0.64,0.840916634,0.64,0.606653512,6.1,6.211253643,6.1,5.923558712,6.1,6.831804276,6.1,6.260905266,4.02,3.95787859,4.02,3.884248257,4.02,3.813562393,4.02,4.102395058,4.68,5.222651005,4.68,4.723819256,4.68,5.452684402,4.68,5.359802246,0.77,0.99490273,0.77,1.116679668,0.77,0.759765446,0.77,0.859391391,0.95,0.989068508,0.95,0.861316323,0.95,0.827364922,0.95,1.114239454,0.6,1.254316092,0.6,1.071584344,0.6,1.405768991,0.6,1.118244171,4.8,5.393948555,4.8,5.150126934,4.8,5.973070145,4.8,5.896726131,0.69,1.040570498,0.69,1.188598514,0.69,0.551161766,0.69,0.549686909,0.95,1.252785921,0.95,1.000762463,0.95,1.103194952,0.95,0.946723104
1.05,1.177728534,1.05,1.517427564,1.05,1.051776648,1.05,1.083197117,0.9,0.755746841,0.9,2.078478336,0.9,0.889401078,0.9,1.287753105,4.75,4.541460991,4.75,4.435039997,4.75,5.124677658,4.75,4.979485035,0.95,0.995476007,0.95,0.922934413,0.95,1.010695696,0.95,1.030905724,3.95,3.101026773,3.95,3.098939419,3.95,3.368670225,3.95,3.238878489,1.04,0.962778211,1.04,0.495726436,1.04,0.765734315,1.04,1.269857883,1.93,2.074487448,1.93,2.477301359,1.93,2.810315371,1.93,2.145022631,0.95,0.887692571,0.95,0.894941211,0.95,1.047102213,0.95,0.937696159,4.88,5.884140491,4.88,5.614235401,4.88,5.947050095,4.88,5.194818497,1.88,1.85391593,1.88,1.817819715,1.88,1.682421565,1.88,2.105940104,0.94,0.929020405,0.94,0.939455867,0.94,0.955410004,0.94,0.924382389,6.5,5.229724407,6.5,5.792860985,6.5,5.724885941,6.5,6.221081734,1.63,2.054360867,1.63,1.884531736,1.63,1.715450048,1.63,1.934048891,1.88,1.601531267,1.88,2.039090872,1.88,1.743893623,1.88,2.112999678,2.79,2.493740559,2.79,2.029750586,2.79,2.095012188,2.79,2.299160719,3.62,3.316790104,3.62,3.138815641,3.62,3.32773757,3.62,3.45275259,4.88,5.9789505,4.88,5.47003603,4.88,5.270064354,4.88,5.098797798,8.02,7.815715313,8.02,7.552681923,8.02,8.489573479,8.02,8.857740402,0.69,0.634181499,0.69,0.620336413,0.69,0.663619399,0.69,0.445095837,6.47,5.334427834,6.47,5.333045006,6.47,5.876216888,6.47,5.091150284,0.93,0.980077863,0.93,1.099864602,0.93,1.004957676,0.93,1.05382514,8.02,7.743135452,8.02,8.343302727,8.02,8.328057289,8.02,9.386476517,4.85,4.263758183,4.85,4.516623497,4.85,4.769166946,4.85,4.655368328,5,6.263318062,5,6.318608284,5,6.264250755,5,6.395833015,0.81,0.900945783,0.81,0.82943809,0.81,0.856775522,0.81,0.997361898,0.6,0.848559976,0.6,0.661680877,0.6,0.9648844,0.6,0.905413866,4.38,4.456670284,4.38,4.456087589,4.38,4.466518402,4.38,4.695490837,0.95,0.986168027,0.95,0.940998793,0.95,0.888017118,0.95,0.911587358,0.67,0.668524623,0.67,0.659624457,0.67,0.641330719,0.67,0.742911577,0.82,1.986619473,0.82,1.49712193,0.82,1.469337702,0.82,1.234783888,0.73,1.457432985,0.73,1.274728537,0.73,1.25539422,0.73,1.342716217,1.1,1.216551542,1.1,1.279211402,1.1,1.460710287,1.1,0.965875864,0.87,0.9328475,0.87,0.940968394,0.87,0.93190217,0.87,0.810307264,0.95,0.806779087,0.95,1.08048141,0.95,1.08579123,0.95,1.001657724,4.39,4.664728165,4.39,4.549175262,4.39,4.475746155,4.39,4.658712387,0.95,0.925299048,0.95,0.790800929,0.95,0.940139294,0.95,1.012036085,4.38,4.540251732,4.38,4.46066761,4.38,4.466700554,4.38,4.573474407,6.47,6.071100712,6.47,5.741764545,6.47,5.863312721,6.47,5.971394062,4.75,4.615439415,4.75,4.767372131,4.75,4.826963425,4.75,5.160401344,0.95,1.15389502,0.95,0.851986527,0.95,0.963031352,0.95,0.928129077,0.73,1.005534053,0.73,0.797240615,0.73,0.942633152,0.73,0.943552613,0.7,1.142060399,0.7,0.968273401,0.7,0.989212811,0.7,0.881441712,0.6,0.481411129,0.6,0.573720098,0.6,0.614064813,0.6,0.628180683,0.82,1.391796112,0.82,0.987476945,0.82,1.186200976,0.82,1.018447876,1.93,2.078552961,1.93,1.644320846,1.93,2.115148544,1.93,1.916108608,7.89,8.081445694,7.89,7.973110199,7.89,7.65114212,7.89,7.921130657,3.37,3.355843782,3.37,3.289587259,3.37,3.362956762,3.37,3.22940588,1.63,1.753625631,1.63,1.578971028,1.63,1.853500605,1.63,1.663356543,6.64,6.528817177,6.64,6.316239834,6.64,6.495834351,6.64,6.365030289,0.95,1.016401887,0.95,0.934943795,0.95,1.003485918,0.95,0.907404304,4.01,4.26271677,4.01,3.865353346,4.01,4.587076187,4.01,4.576116085,7.44,7.854590893,7.44,8.131726265,7.44,7.728423119,7.44,7.882028103,6.15,5.97892189,6.15,5.955423832,6.15,6.292629242,6.15,5.854106903,6.12,5.930210114,6.12,5.770771503,6.12,5.764472008,6.12,6.11228466,0.84,0.972399473,0.84,0.595591664,0.84,0.976062357,0.84,0.803234994,6.5,6.300340652,6.5,6.36674118,6.5,6.317063332,6.5,6.724737644,3.04,2.771180868,3.04,2.403944254,3.04,2.898561239,3.04,3.018870115,1.1,1.657447815,1.1,1.387087226,1.1,1.34694314,1.1,1.205131769,4.31,4.54364109,4.31,4.526302814,4.31,4.480723381,4.31,4.540125847,6.6,7.213747978,6.6,7.217656136,6.6,6.955801964,6.6,7.5835886,0.67,0.686538935,0.67,0.951898932,0.67,0.996840954,0.67,0.753549039,3.18,2.927571774,3.18,2.584447145,3.18,2.964677095,3.18,2.921501398,6.06,6.4477911,6.06,6.35837698,6.06,6.690856934,6.06,6.3748703,1.3,2.415018082,1.3,1.962991595,1.3,2.12530899,1.3,2.339368105,1.42,1.767836571,1.42,1.689041615,1.42,1.749130368,1.42,1.727976561,0.56,1.055312276,0.56,0.933545351,0.56,0.944869876,0.56,0.981221974,1.49,1.897725582,1.49,1.714821935,1.49,1.93165803,1.49,1.694855452,2.62,2.239638329,2.62,2.36301136,2.62,2.539308548,2.62,2.891483068,0.84,0.97432971,0.84,0.753692031,0.84,1.021159649,0.84,0.833913326,0.95,0.865945458,0.95,0.947133899,0.95,1.106873035,0.95,0.861887515,0.75,0.645154357,0.75,0.482091755,0.75,0.689283848,0.75,0.713297963,4.8,5.184195518,4.8,5.169833183,4.8,5.461557388,4.8,5.722587585,5.73,6.033197403,5.73,6.135857105,5.73,6.362252235,5.73,6.439095497,0.95,1.024738431,0.95,0.941176295,0.95,0.989684701,0.95,0.961448967,4.01,4.232848167,4.01,3.942326307,4.01,4.186364174,4.01,4.640647411,0.9,1.316853642,0.9,0.899547219,0.9,1.179229259,0.9,1.314318419,0.84,0.967350721,0.84,0.846960425,0.84,1.048481107,0.84,0.858562112,0.95,0.924040318,0.95,1.084522486,0.95,0.944275498,0.95,1.029667139,0.81,0.761300564,0.81,0.991301417,0.81,0.944883823,0.81,0.833123267,0.95,0.91430521,0.95,0.977844954,0.95,0.898325443,0.95,0.997366786,6.47,6.554166794,6.47,6.552971363,6.47,6.731350899,6.47,6.901187897,0.95,1.218563795,0.95,0.6656093,0.95,0.95374167,0.95,0.903585315,4.1,3.886406183,4.1,3.591468573,4.1,3.813140154,4.1,4.195810795,0.95,0.930994034,0.95,0.804547787,0.95,0.972643614,0.95,1.010526061,1.05,1.038905859,1.05,0.943128943,1.05,1.124791384,1.05,0.838953793,7.89,7.588511944,7.89,7.652963638,7.89,7.906579971,7.89,7.859014034,3.37,3.382205248,3.37,3.150371075,3.37,3.335728168,3.37,3.359598637,1.04,1.197675586,1.04,1.234577537,1.04,1.049301028,1.04,1.039596558,3.37,3.370384455,3.37,3.17980051,3.37,3.307713747,3.37,3.363008976,0.95,1.062183022,0.95,0.939769626,0.95,1.158307195,0.95,0.920712292,1.05,1.041839838,1.05,0.700549006,1.05,1.121543169,1.05,0.877404153,0.95,1.404498696,0.95,1.124048352,0.95,1.051700234,0.95,0.987502515,0.6,0.654200077,0.6,0.822163343,0.6,0.77617389,0.6,0.614895284,3.62,4.06069088,3.62,3.532679319,3.62,3.916411638,3.62,4.587759972,6.47,6.767024517,6.47,6.473213196,6.47,6.497467995,6.47,6.341613293,6.26,5.804119587,6.26,6.170968056,6.26,6.316502571,6.26,6.020813942,7.62,7.736722469,7.62,7.443696976,7.62,7.809832573,7.62,8.185907364,6.5,7.080483913,6.5,7.006087303,6.5,6.837058067,6.5,7.31107235,0.68,1.293123484,0.68,1.106177211,0.68,1.459343791,0.68,1.100633144,0.95,1.635712385,0.95,0.684155405,0.95,1.065677166,0.95,0.944321156
0.84,1.09695375,0.84,1.236112833,0.84,0.758154631,0.84,1.14344883,9.7,7.434192657,9.7,8.088496208,9.7,9.456469536,9.7,8.476538658,0.6,0.584053516,0.6,0.183746427,0.6,0.653628409,0.6,0.557210743,0.95,0.784954131,0.95,0.931189418,0.95,0.786493659,0.95,0.939830661,6.15,5.990926743,6.15,6.286812782,6.15,6.620536804,6.15,6.339727402,7.44,7.919407845,7.44,6.5233531,7.44,6.932024956,7.44,6.815684795,0.6,-0.304171115,0.6,0.605645776,0.6,0.695782542,0.6,0.808698833,1.04,1.128069162,1.04,1.162766337,1.04,0.77848947,1.04,1.214104056,0.64,0.69699657,0.64,-0.023978852,0.64,0.702080965,0.64,0.692616463,0.95,1.04791081,0.95,0.785214126,0.95,0.870426893,0.95,0.898941457,4.38,4.634748459,4.38,4.375253201,4.38,4.485904694,4.38,4.493499279,2.62,2.998397112,2.62,2.618702412,2.62,3.341062307,2.62,3.093078852,2.72,2.622111797,2.72,2.560285091,2.72,2.264229059,2.72,2.957962513,6.8,6.078486443,6.8,6.718773842,6.8,6.941968918,6.8,6.49853611,4.75,4.818521976,4.75,4.338887215,4.75,4.611572266,4.75,4.234899044,3.62,3.224768162,3.62,3.074299097,3.62,3.283738613,3.62,4.15021801,7.62,7.28456831,7.62,6.614504337,7.62,7.944253922,7.62,7.391903877,0.9,0.792637587,0.9,1.316192269,0.9,0.910104275,0.9,1.490499258,6.48,6.362447739,6.48,5.579054832,6.48,6.152303696,6.48,6.391073227,0.95,0.700909376,0.95,0.764341712,0.95,1.137402773,0.95,0.852663398,4.31,4.659332275,4.31,4.502428055,4.31,4.481546402,4.31,4.636292458,9.7,8.163520813,9.7,8.819207191,9.7,8.607380867,9.7,9.444081306,7.62,7.952443123,7.62,6.883607388,7.62,8.207468033,7.62,9.100798607,0.95,0.740543127,0.95,1.135322213,0.95,1.019669294,0.95,0.921378434,0.81,0.900945783,0.81,0.82943809,0.81,0.856775522,0.81,0.997361898,0.95,0.769069791,0.95,1.166576743,0.95,1.024286866,0.95,0.95314312,3.75,4.002685547,3.75,3.839638472,3.75,4.513801575,3.75,4.071874619,8.6,8.44467926,8.6,8.114947319,8.6,9.299292564,8.6,9.203185081,0.56,0.582819939,0.56,0.670623422,0.56,0.783793688,0.56,0.643288791,0.95,1.008994699,0.95,0.929483056,0.95,0.915218651,0.95,0.915404677,0.7,0.841644287,0.7,0.470558733,0.7,1.068333864,0.7,0.877263665,0.95,0.94842279,0.95,1.12488246,0.95,0.936137676,0.95,1.029235005,0.7,0.514304876,0.7,0.618926525,0.7,0.690335155,0.7,0.575140893,0.95,0.989119411,0.95,0.977313876,0.95,1.008186936,0.95,0.931330383,4.52,4.414667606,4.52,4.432615757,4.52,4.460609436,4.52,4.59001112,0.95,0.98795104,0.95,0.956206441,0.95,1.009081125,0.95,0.931236088,3.37,3.531426191,3.37,3.554892778,3.37,3.515868664,3.37,3.565793514,6.8,7.072588444,6.8,6.787579536,6.8,7.118542671,6.8,7.017262459,0.6,0.839452624,0.6,0.427518994,0.6,0.72614795,0.6,0.844870627,0.95,0.960512638,0.95,0.86747992,0.95,1.007546782,0.95,1.024206638,6.15,6.408004761,6.15,6.427974701,6.15,6.713387489,6.15,6.434252262,0.88,0.871865749,0.88,0.928209662,0.88,1.078914523,0.88,0.916953027,0.6,0.481411129,0.6,0.573720098,0.6,0.614064813,0.6,0.628180683,8.4,8.672759056,8.4,8.473816872,8.4,8.872997284,8.4,8.903002739,4.51,4.478434086,4.51,4.344387531,4.51,4.466090202,4.51,4.483745575,0.82,0.718200922,0.82,0.500816941,0.82,0.765526772,0.82,0.768386602,3.95,4.188167095,3.95,4.282688141,3.95,4.365535736,3.95,3.998180389,8.4,8.871090889,8.4,8.486791611,8.4,8.823661804,8.4,8.992894173,4.36,4.440201759,4.36,4.283330441,4.36,4.46843338,4.36,4.480867863,8.71,7.699974537,8.71,7.973263741,8.71,7.579971313,8.71,7.682533741,4.1,4.223346233,4.1,3.696726084,4.1,4.120438576,4.1,4.273155689,0.95,1.054777861,0.95,0.915679812,0.95,0.975082755,0.95,1.033373356,1.05,1.065310359,1.05,0.920869708,1.05,1.09746933,1.05,0.995311558,5.98,5.733821869,5.98,5.853573799,5.98,6.176980972,5.98,6.436324596,4.1,4.154685974,4.1,3.756096125,4.1,3.999721527,4.1,4.286741734,0.95,0.963568449,0.95,0.930313945,0.95,0.947739005,0.95,0.922108054,5.73,6.377757072,5.73,6.401656628,5.73,6.330615044,5.73,6.278220177,7.44,7.808229446,7.44,8.017273903,7.44,7.762554169,7.44,7.964812279,0.6,0.691792011,0.6,0.860848546,0.6,0.909669042,0.6,1.227236748,2.71,2.499967098,2.71,2.708135366,2.71,2.719339609,2.71,2.783592463,0.56,0.946537256,0.56,0.94674623,0.56,0.687526405,0.56,0.652025044,6.8,6.92331934,6.8,7.190761089,6.8,7.012692451,6.8,6.837575912,4.52,4.371620178,4.52,4.436135769,4.52,4.475954056,4.52,4.46376133,0.9,1.088984489,0.9,0.923113465,0.9,1.211399198,0.9,1.080957651,7.62,7.957536697,7.62,7.491934776,7.62,7.912654877,7.62,8.430104256,0.95,0.952123284,0.95,0.972209334,0.95,1.099720716,0.95,0.945972383,0.73,1.294344068,0.73,1.342091203,0.73,1.370764971,0.73,1.348283052,0.95,0.846970201,0.95,0.912643313,0.95,1.066905737,0.95,0.899137795,7.62,6.266419411,7.62,6.395120621,7.62,6.494832039,7.62,6.648418427,8.6,8.877848625,8.6,9.224741936,8.6,8.799143791,8.6,9.098725319,3.64,3.944605589,3.64,3.54575181,3.64,3.799535751,3.64,4.07499218,6.1,6.034310818,6.1,6.096973896,6.1,6.462778091,6.1,5.910584927,0.8,0.792927027,0.8,0.560569167,0.8,0.836341679,0.8,1.090682507,3.62,3.165628433,3.62,2.684779406,3.62,3.226978302,3.62,3.209031105,0.59,0.632455111,0.59,0.873750567,0.59,0.675380409,0.59,0.590681612,1.1,0.686064959,1.1,0.717957377,1.1,0.792219818,1.1,1.022753954,3.6,3.505235434,3.6,3.276595592,3.6,3.448443413,3.6,3.756921291,3.18,2.99454999,3.18,2.715736151,3.18,2.943063498,3.18,2.831157684,0.94,0.742310047,0.94,1.017073512,0.94,0.851127148,0.94,0.817725003,0.95,0.981976509,0.95,0.949162245,0.95,0.873653412,0.95,0.96244061,6.06,6.602031231,6.06,6.434216499,6.06,6.497888565,6.06,6.462067604,0.95,0.983403444,0.95,0.921187162,0.95,0.860272646,0.95,0.966949582,3.95,4.292616367,3.95,4.14974165,3.95,4.228312492,3.95,3.983893871,2.8,3.568332434,2.8,3.330256224,2.8,3.572884321,2.8,3.431913853,5.73,6.153244495,5.73,6.01301527,5.73,6.219679832,5.73,6.168532848,0.82,0.625119925,0.82,0.577436328,0.82,0.888497591,0.82,0.804643452,2.72,2.252944469,2.72,2.301501513,2.72,2.238780737,2.72,2.27207303,0.95,0.914209604,0.95,0.833877563,0.95,0.985849142,0.95,1.008860111,2.79,2.958534479,2.79,2.74472928,2.79,2.929059029,2.79,2.906190395,7.1,5.399501324,7.1,5.219594002,7.1,5.900990486,7.1,5.844323635,0.69,0.49192521,0.69,0.156555504,0.69,0.649477959,0.69,0.748220682,6.8,6.863803864,6.8,6.695890903,6.8,7.259143829,6.8,7.253091812,6.15,6.198710442,6.15,5.955528259,6.15,5.934077263,6.15,6.00793457,0.95,1.443307638,0.95,1.188727736,0.95,1.094115376,0.95,0.994265616,2.16,2.257767677,2.16,2.156424284,2.16,1.94167459,2.16,2.033066511,0.95,0.921649933,0.95,0.898004532,0.95,0.991048098,0.95,1.006021738,1.93,2.095095396,1.93,1.87429893,1.93,2.212754488,1.93,2.173019648,8,7.687300682,8,7.5294981,8,7.99674511,8,7.564425468,0.7,0.866735339,0.7,0.958448529,0.7,0.920139194,0.7,0.73050493,7.1,5.534399033,7.1,5.272141457,7.1,6.153648376,7.1,6.150064945
0.77,0.255,0.77,1.077857375,0.77,0.90259552,0.77,0.416285455,6.8,5.383514881,6.8,6.760572433,6.8,7.81179142,6.8,7.509549141,3.37,3.135116577,3.37,4.324558258,3.37,4.256726265,3.37,4.602352619,2.93,2.218974829,2.93,3.365124464,2.93,3.523876905,2.93,2.786381721,1.63,1.666067839,1.63,2.096426964,1.63,2.489392996,1.63,1.946934462,0.95,0.826125145,0.95,0.924082637,0.95,0.8456496,0.95,0.934191287,1.05,1.204125762,1.05,1.102751136,1.05,1.254337072,1.05,0.926575005,0.82,2.464111805,0.82,2.058853149,0.82,2.41760397,0.82,2.418962479,2.72,2.829780817,2.72,2.809723377,2.72,2.546989918,2.72,2.959209204,5.27,4.354671478,5.27,4.27164793,5.27,4.344724655,5.27,4.590740204,0.64,0.69902432,0.64,0.086476184,0.64,0.614212871,0.64,0.606691957,2.8,4.466461658,2.8,4.3294034,2.8,4.582152367,2.8,4.46262455,4.1,5.159891605,4.1,5.201899052,4.1,5.447393417,4.1,4.936527729,0.7,1.491078377,0.7,1.119519711,0.7,1.32972908,0.7,1.427575111,4.1,5.074663162,4.1,5.016728878,4.1,5.788357735,4.1,4.964128494,0.95,0.660260439,0.95,1.183892846,0.95,0.93989563,0.95,0.918034852,1.93,2.264796495,1.93,2.338330507,1.93,2.223776102,1.93,2.298865795,4.2,3.63963604,4.2,4.140731812,4.2,4.096876144,4.2,4.265039444,7.62,8.004804611,7.62,6.752729893,7.62,7.761814117,7.62,8.262858391,0.93,0.868763804,0.93,0.534033179,0.93,0.725499988,0.93,0.855486929,4.52,4.368813992,4.52,4.335548401,4.52,4.463382721,4.52,4.597546577,7.44,8.282887459,7.44,8.14407444,7.44,7.951911926,7.44,7.760264397,0.56,0.834031701,0.56,0.731177807,0.56,0.851801932,0.56,0.630159557,8.39,8.673017502,8.39,8.162262917,8.39,8.289124489,8.39,8.071817398,1.05,1.044878125,1.05,0.828098178,1.05,1.022292614,1.05,0.901822925,5.27,4.656377792,5.27,4.827116013,5.27,5.336693764,5.27,4.871232986,2.79,2.450184822,2.79,2.73191452,2.79,2.652352095,2.79,2.425196648,8.39,8.474759102,8.39,8.164273262,8.39,8.93168354,8.39,8.67462635,0.86,0.883407593,0.86,0.45271036,0.86,1.003093243,0.86,0.657004058,0.95,1.032896876,0.95,0.856793523,0.95,1.024962902,0.95,0.960852623,1.42,1.658930659,1.42,1.475964785,1.42,1.461238742,1.42,1.527808189,0.9,0.766825736,0.9,1.239692926,0.9,1.047650337,0.9,0.980582118,0.8,0.947238922,0.8,0.403590888,0.8,0.754222095,0.8,0.885118604,0.95,1.053766608,0.95,1.081704021,0.95,0.949956894,0.95,0.92378062,0.77,0.758137465,0.77,0.608869553,0.77,0.578173757,0.77,0.855764925,1.04,0.841883063,1.04,1.083871484,1.04,1.097484589,1.04,0.924905837,4.01,4.199625492,4.01,4.296149731,4.01,4.404064178,4.01,4.843174458,4.8,5.559502125,4.8,5.260211945,4.8,5.500371933,4.8,5.854005814,4.88,5.267554283,4.88,5.493645191,4.88,4.913833618,4.88,5.091277122,0.95,0.963386297,0.95,1.147972703,0.95,0.945877075,0.95,1.020730376,0.68,0.823085308,0.68,0.465235084,0.68,0.77785486,0.68,0.849588156,5.98,6.150585175,5.98,6.125145912,5.98,6.269518852,5.98,6.409498215,0.8,0.790370464,0.8,0.483124703,0.8,0.807394505,0.8,0.842216969,0.95,0.961927533,0.95,0.931084514,0.95,0.939574361,0.95,0.922480762,0.93,1.02528739,0.93,1.276723027,0.93,1.01092124,0.93,1.039788485,0.95,1.078508854,0.95,0.906002522,0.95,0.991944909,0.95,0.923877954,0.8,0.752183437,0.8,0.551947474,0.8,0.903417945,0.8,0.859491527,3.62,3.075494766,3.62,2.948247433,3.62,2.806339264,3.62,3.029566765,4.01,4.280851841,4.01,3.881211519,4.01,4.609766006,4.01,4.605304718,0.95,0.926648855,0.95,0.959220767,0.95,0.965660453,0.95,0.954820395,9.45,9.130065918,9.45,9.275362968,9.45,9.243106842,9.45,8.840303421,7.94,5.458807945,7.94,5.383408546,7.94,5.622274399,7.94,6.045981407,1.88,1.851486444,1.88,1.762370706,1.88,1.928163052,1.88,1.734640598,3.2,3.612442732,3.2,3.56781888,3.2,3.530665398,3.2,3.346441984,2.72,2.306705236,2.72,2.3156991,2.72,2.35304904,2.72,2.355764627,2.71,2.633282661,2.71,2.7542665,2.71,2.756150484,2.71,2.804760456,0.59,0.516704559,0.59,0.631927371,0.59,0.656865597,0.59,0.554227769,5.27,5.73376894,5.27,5.614543438,5.27,6.0408144,5.27,5.862635612,0.85,0.837282181,0.85,0.788372636,0.85,0.946865737,0.85,1.200011492,0.95,0.946502805,0.95,0.932755828,0.95,0.959128618,0.95,1.01756227,2.72,2.445964098,2.72,2.28628397,2.72,2.393522501,2.72,2.384339333,0.95,1.056713343,0.95,0.665497184,0.95,0.877169132,0.95,0.919641256,1.93,1.881244302,1.93,1.679937243,1.93,1.885755897,1.93,2.383571863,0.95,0.985123277,0.95,0.891874909,0.95,0.95503068,0.95,0.926228523,2.16,2.367037296,2.16,2.158513308,2.16,2.294789076,2.16,2.228381157,1.3,2.402207851,1.3,1.945883155,1.3,2.107727289,1.3,2.358283043,4.1,3.968069315,4.1,3.617791414,4.1,3.861875296,4.1,4.215514183,0.95,1.101598978,0.95,0.660714507,0.95,0.905203342,0.95,0.920668602,4.02,3.812018633,4.02,3.807144403,4.02,4.004425526,4.02,4.26893425,3.37,3.757157564,3.37,2.756071806,3.37,3.211592913,3.37,3.451179266,3.64,3.944605589,3.64,3.54575181,3.64,3.799535751,3.64,4.07499218,0.95,0.972490072,0.95,0.901424289,0.95,0.952161789,0.95,0.947477758,4.01,4.262782097,4.01,3.973367453,4.01,4.211659431,4.01,4.690607548,1.49,1.980518341,1.49,1.4646101,1.49,1.652121305,1.49,1.554701805,4.52,4.355158329,4.52,4.396804333,4.52,4.484648705,4.52,4.47232914,0.95,0.907079339,0.95,0.799874663,0.95,0.992789686,0.95,0.957422733,0.81,0.805167913,0.81,0.978721499,0.81,0.942975998,0.81,0.843742907,4.2,4.081293583,4.2,4.308690071,4.2,4.472971916,4.2,4.41307354,6.15,6.131082535,6.15,5.953106403,6.15,5.974744797,6.15,6.153454304,0.88,1.280714393,0.88,0.941557288,0.88,1.254936457,0.88,1.122071505,6.47,6.567745686,6.47,6.397634983,6.47,6.457642555,6.47,6.437005043,6.26,6.300279617,6.26,6.242411137,6.26,6.423070908,6.26,6.399515152,6.15,6.147266388,6.15,5.927670479,6.15,5.93437767,6.15,6.09397316,7.89,7.56528759,7.89,7.685446739,7.89,7.882574081,7.89,7.839357376,0.77,0.717344761,0.77,1.0363729,0.77,0.824689507,0.77,0.933466852,0.95,0.613402724,0.95,0.799961448,0.95,1.028182745,0.95,1.033483028,1.49,1.779081464,1.49,1.728382826,1.49,1.86182189,1.49,1.610477209,6.47,6.243391514,6.47,5.700197697,6.47,6.109954834,6.47,5.944036484,0.7,0.830077648,0.7,0.717551351,0.7,0.93690449,0.7,1.207357883,0.95,0.985490084,0.95,0.835648417,0.95,0.828475237,0.95,0.981088817,0.6,1.132603645,0.6,0.962764382,0.6,1.281871319,0.6,1.101240158,0.95,1.245840669,0.95,0.624984741,0.95,0.898412645,0.95,0.938955486,1.88,2.009328127,1.88,1.878478169,1.88,2.022073507,1.88,1.886398792,8.6,8.537910461,8.6,8.440722466,8.6,8.788630486,8.6,8.689524651,0.81,0.855053902,0.81,1.083529353,0.81,1.07540369,0.81,0.795174658,0.95,1.113022923,0.95,0.605661035,0.95,1.123410463,0.95,0.885467172,0.68,1.254316092,0.68,1.071584344,0.68,1.405768991,0.68,1.118244171,8.71,8.794177055,8.71,9.233551979,8.71,9.115672112,8.71,9.269387245,4.75,4.57692194,4.75,4.241304398,4.75,4.620485306,4.75,5.220229626,5.98,6.789045334,5.98,6.118058681,5.98,5.595856667,5.98,5.993800163
2.79,1.793548226,2.79,2.182671309,2.79,1.519968748,2.79,2.22579217,0.95,0.949120045,0.95,0.553503871,0.95,0.828842998,0.95,0.928625345,4.52,4.110798836,4.52,4.284238338,4.52,4.506948471,4.52,4.240008831,4.68,4.484980106,4.68,4.644972801,4.68,5.601590157,4.68,5.410224915,3.75,3.902441263,3.75,4.93838644,3.75,4.991286278,3.75,5.367358208,7.89,6.247058868,7.89,6.417816162,7.89,7.687596321,7.89,6.869152546,0.7,-0.204664499,0.7,0.644515157,0.7,0.69296217,0.7,0.806993365,7.89,6.555484772,7.89,6.448918819,7.89,7.427865982,7.89,7.010210514,0.73,0.909270763,0.73,0.777588725,0.73,0.937517881,0.73,0.665228605,0.95,0.642347932,0.95,0.875056624,0.95,1.149926901,0.95,0.808786988,0.93,1.086477876,0.93,1.046973348,0.93,1.122447252,0.93,0.893437564,8.39,7.37787056,8.39,6.857042313,8.39,6.879952431,8.39,6.781790733,0.7,0.610553265,0.7,0.598773122,0.7,0.81954515,0.7,0.534628093,0.95,1.040050507,0.95,1.072898746,0.95,1.018460751,0.95,0.936837554,1.42,1.491590738,1.42,1.275412917,1.42,1.594507456,1.42,1.184461832,4.8,5.06614542,4.8,4.853608131,4.8,5.100369453,4.8,5.274188042,0.56,0.723150969,0.56,0.544330359,0.56,0.796551108,0.56,0.498458624,7.1,6.21739769,7.1,6.010865211,7.1,6.342768669,7.1,6.981714725,0.56,0.766801119,0.56,0.590638638,0.56,0.806359529,0.56,0.606575787,8.4,7.833157539,8.4,8.351601601,8.4,8.360143661,8.4,8.928467751,6.48,6.330978394,6.48,5.509692192,6.48,6.13301754,6.48,6.486851215,0.95,0.946118116,0.95,0.898059726,0.95,0.969354868,0.95,0.897001147,7.62,7.134841919,7.62,6.960634708,7.62,7.38779068,7.62,7.320170879,0.95,0.987973452,0.95,0.865846634,0.95,1.098680019,0.95,0.934073329,1.93,1.903880239,1.93,2.193393707,1.93,2.650389433,1.93,2.04249382,0.93,0.822477579,0.93,0.589755535,0.93,0.82651031,0.93,1.02702415,4.1,4.413980961,4.1,4.375448704,4.1,4.724112511,4.1,4.555440903,3.12,3.125804424,3.12,2.845594883,3.12,3.012963533,3.12,3.453015804,0.69,0.544399738,0.69,0.716737151,0.69,0.693867683,0.69,0.654458761,0.95,0.832945049,0.95,1.192751527,0.95,1.054931641,0.95,0.981735528,0.73,1.457432985,0.73,1.274728537,0.73,1.25539422,0.73,1.342716217,5,6.148145676,5,5.85777998,5,6.515352249,5,6.329107761,6.48,6.278514385,6.48,5.968403816,6.48,6.221583366,6.48,6.5486269,0.9,0.822113872,0.9,1.197225451,0.9,1.068856835,0.9,1.023748159,1.63,1.593097925,1.63,1.801807046,1.63,1.770546198,1.63,1.635057926,7.44,7.991461277,7.44,8.202661514,7.44,8.103467941,7.44,8.245731354,3.37,3.531426191,3.37,3.554892778,3.37,3.515868664,3.37,3.565793514,6.5,6.066994667,6.5,6.591237068,6.5,6.718403816,6.5,6.990107059,2.72,2.159509659,2.72,2.218286514,2.72,2.25191474,2.72,2.14978385,0.95,1.118411422,0.95,0.899081349,0.95,1.100973845,0.95,1.044044137,0.7,0.762508392,0.7,0.556700706,0.7,1.120962977,0.7,0.809659779,6.26,6.673343658,6.26,6.93117094,6.26,6.657177925,6.26,6.471997261,6.06,6.855441093,6.06,7.013616562,6.06,7.30954361,6.06,6.828438759,0.95,0.980130911,0.95,0.879628062,0.95,0.941235662,0.95,0.926329672,0.84,0.988236427,0.84,0.78791225,0.84,0.959159136,0.84,0.791110098,2.93,2.829293489,2.93,3.057665586,2.93,2.98379302,2.93,3.652329683,4.52,4.40257597,4.52,4.2964077,4.52,4.46514225,4.52,4.460417271,8.6,9.075220108,8.6,8.717669487,8.6,9.446829796,8.6,8.902816772,4.36,5.394964218,4.36,5.32545805,4.36,5.309976578,4.36,5.038321972,2.8,3.226593971,2.8,2.938635826,2.8,3.45486784,2.8,3.386746168,3.95,4.281267643,3.95,4.259477615,3.95,4.394022942,3.95,4.052994728,0.95,0.984017253,0.95,0.848614454,0.95,1.041461825,0.95,0.950334251,6.06,6.575084686,6.06,6.548579216,6.06,6.910351753,6.06,6.40296936,5.9,5.328716755,5.9,5.555399418,5.9,5.028688431,5.9,5.167022228,0.64,0.464037389,0.64,0.42547974,0.64,0.621872902,0.64,0.471195161,8.02,8.149430275,8.02,8.145368576,8.02,8.234818459,8.02,8.384160042,0.81,0.892877817,0.81,0.851071239,0.81,0.917394876,0.81,0.852864325,0.95,1.004197955,0.95,0.934193015,0.95,1.009439707,0.95,0.930223227,0.56,0.975035429,0.56,0.948131204,0.56,0.648625493,0.56,0.677678525,3.62,3.080032349,3.62,2.824912786,3.62,3.056340218,3.62,3.078102827,6.64,6.523306847,6.64,6.253036022,6.64,6.433728218,6.64,6.69149828,6.6,7.169625282,6.6,7.157603264,6.6,6.953177452,6.6,7.584851742,1.88,2.033345938,1.88,1.833040237,1.88,2.006318092,1.88,1.828736067,0.93,0.239251941,0.93,0.693098426,0.93,0.780841112,0.93,0.541689157,0.77,0.851600528,0.77,0.889555693,0.77,0.889476895,0.77,0.875817478,0.95,0.878629804,0.95,1.05246079,0.95,0.940303087,0.95,1.074811459,6.47,6.250191689,6.47,6.216388226,6.47,6.534422874,6.47,6.335546494,0.95,0.995756269,0.95,0.938074112,0.95,0.962212205,0.95,0.93210566,0.69,0.651979208,0.69,0.883669734,0.69,0.648342133,0.69,0.723504961,4.7,4.642987728,4.7,4.901281357,4.7,5.035492897,4.7,4.643846035,4.51,4.382474422,4.51,4.432183743,4.51,4.483060837,4.51,4.483023643,0.95,0.937490702,0.95,0.856463432,0.95,0.964047432,0.95,1.015148401,4.02,3.93975544,4.02,3.758391619,4.02,3.950124979,4.02,4.19041872,6.12,5.973086357,6.12,5.640171528,6.12,6.07507515,6.12,6.018807411,3.37,3.319775343,3.37,3.081717253,3.37,3.461693287,3.37,3.324400902,0.95,0.986205697,0.95,0.982184291,0.95,0.906357288,0.95,0.957401931,0.68,0.855658293,0.68,0.715575576,0.68,0.99943608,0.68,1.089942455,0.95,0.930174112,0.95,0.844121575,0.95,0.968561172,0.95,1.010712385,1.05,1.039126396,1.05,1.119130015,1.05,1.130883932,1.05,0.978648305,7.94,5.389351845,7.94,5.501215935,7.94,6.11797142,7.94,5.995062828,4.02,4.108518124,4.02,3.791889429,4.02,3.940661669,4.02,4.115643501,6.12,6.05461216,6.12,5.748618603,6.12,6.292005539,6.12,6.111558437,0.75,0.627146959,0.75,0.459427685,0.75,0.645473719,0.75,0.69751817,0.95,0.974032998,0.95,0.902337134,0.95,0.967978239,0.95,0.921386957,4.39,4.523476601,4.39,4.458479404,4.39,4.490938187,4.39,4.567547798,0.95,0.992170095,0.95,0.921241522,0.95,0.876699448,0.95,0.931327283,0.73,1.161248803,0.73,1.448860168,0.73,1.231664062,0.73,1.363251686,7.1,7.040333748,7.1,6.861654758,7.1,7.283413887,7.1,6.997485638,6.47,6.668683052,6.47,6.419921875,6.47,6.457401276,6.47,6.368173122,6.06,6.242220879,6.06,5.687785625,6.06,6.101495743,6.06,5.90567255,0.84,0.932426691,0.84,0.705260158,0.84,1.058242798,0.84,0.840358496,0.86,0.778243542,0.86,1.120965123,0.86,1.299830317,0.86,1.395757675,3.6,3.498775482,3.6,3.260507822,3.6,3.443386555,3.6,3.893482685,0.95,1.256463766,0.95,0.624131083,0.95,0.890274107,0.95,0.945536971,2.79,2.976209879,2.79,2.889147758,2.79,2.893874407,2.79,2.975366592,8.02,8.107772827,8.02,8.113044739,8.02,8.464040756,8.02,8.407912254,0.86,0.708961487,0.86,0.557254672,0.86,0.882281542,0.86,0.709120929,0.7,1.22719121,0.7,1.277524352,0.7,1.451027632,0.7,1.426272631,3.75,3.82498765,3.75,3.869608641,3.75,3.639943838,3.75,4.040438175,6.15,5.468911171,6.15,5.332715988,6.15,5.812156677,6.15,5.484594345
0.84,1.032141328,0.84,1.216921687,0.84,0.842280865,0.84,0.641226947,3.37,2.993485212,3.37,3.535927534,3.37,4.053575039,3.37,4.063539505,0.84,1.05746007,0.84,1.133786559,0.84,1.059409857,0.84,0.787986398,0.95,1.016479731,0.95,0.705190539,0.95,1.199887753,0.95,1.071125746,7.62,5.964175701,7.62,5.81159544,7.62,7.11280632,7.62,6.398886681,0.97,0.294390529,0.97,0.541833937,0.97,0.079077184,0.97,0.809823632,4.36,4.266342163,4.36,4.336350441,4.36,4.482803345,4.36,4.343411922,0.88,0.365515143,0.88,0.834897161,0.88,0.700731993,0.88,0.420389354,0.93,1.184216619,0.93,1.141910434,0.93,1.131018996,0.93,0.852060139,0.95,0.933161736,0.95,0.605862558,0.95,0.846535146,0.95,0.801202774,0.64,0.69902432,0.64,0.086476184,0.64,0.614212871,0.64,0.606691957,0.9,1.282881498,0.9,1.115102053,0.9,0.870024979,0.9,1.410904169,0.69,0.882822394,0.69,0.635120034,0.69,0.78541398,0.69,1.062879443,7.39,7.119111538,7.39,7.077987194,7.39,6.861753464,7.39,7.530511856,0.85,0.73344779,0.85,0.586940527,0.85,0.762635231,0.85,0.891251445,0.56,0.638168097,0.56,0.591964841,0.56,1.002600431,0.56,0.648516715,6.06,6.749785423,6.06,6.697228432,6.06,7.549689293,6.06,6.688876152,0.95,0.956722379,0.95,0.855130196,0.95,1.038106441,0.95,1.020792723,0.64,0.619547129,0.64,0.413028568,0.64,0.508532763,0.64,0.340008855,0.95,0.931833506,0.95,1.029580116,0.95,0.83609283,0.95,0.902460575,0.6,0.594506741,0.6,0.628555894,0.6,0.865517259,0.6,0.622513175,0.95,0.990087986,0.95,0.875157237,0.95,0.940662563,0.95,1.018030167,0.87,0.962370753,0.87,0.887600303,0.87,0.892034769,0.87,0.955767155,0.9,0.702855229,0.9,1.508985996,0.9,0.966974497,0.9,1.382353544,0.8,0.776109934,0.8,0.607736588,0.8,0.996086657,0.8,0.851292312,0.95,1.21596384,0.95,0.998914003,0.95,0.99597007,0.95,0.918190122,0.84,0.851655006,0.84,0.748196959,0.84,0.799012184,0.84,0.784915864,0.95,0.931971788,0.95,0.848665118,0.95,0.934271574,0.95,1.016369343,3.04,2.687645197,3.04,3.073506117,3.04,3.192472458,3.04,3.119203568,0.95,0.992642522,0.95,0.869285464,0.95,0.934291542,0.95,0.927086949,0.69,0.527518749,0.69,0.695953131,0.69,0.58172667,0.69,0.608773768,7.94,5.485016823,7.94,5.120341778,7.94,6.105776787,7.94,5.738676071,0.68,0.911852598,0.68,0.337504774,0.68,0.705317199,0.68,0.844820857,6.8,6.7075243,6.8,6.762479305,6.8,7.152485847,6.8,7.011983871,0.69,0.52925992,0.69,0.677481532,0.69,0.612964511,0.69,0.707497895,7.89,7.777811527,7.89,7.687778473,7.89,7.765904427,7.89,8.066806793,6.48,6.17297411,6.48,6.403046608,6.48,6.143509865,6.48,6.318333626,5.98,6.07237339,5.98,6.280466557,5.98,6.341081619,5.98,6.270965576,0.69,0.524384618,0.69,0.947725177,0.69,0.874136925,0.69,0.887721062,3.2,4.461547375,3.2,4.225849152,3.2,4.527321815,3.2,4.514475822,3.64,3.851040602,3.64,3.332448959,3.64,3.829515934,3.64,4.067097664,0.82,0.753131628,0.82,0.632699728,0.82,0.757500291,0.82,0.791078568,2.16,2.108883142,2.16,2.162519455,2.16,2.240926027,2.16,2.028627634,0.56,0.868787766,0.56,0.932438731,0.56,1.023788929,0.56,1.034676671,7.62,6.721868038,7.62,7.070912361,7.62,6.409866333,7.62,6.470696449,7.1,6.988666534,7.1,6.750851631,7.1,6.749908447,7.1,6.884914875,2.72,2.171962976,2.72,2.236878395,2.72,2.353917122,2.72,2.122147799,1.04,1.053507686,1.04,1.029380679,1.04,1.157166004,1.04,1.150313854,2.79,2.689518929,2.79,2.567914724,2.79,2.736773968,2.79,2.575639963,0.56,0.911556125,0.56,0.927545667,0.56,1.007427692,0.56,1.071587563,0.6,0.760308743,0.6,0.676943064,0.6,0.946761012,0.6,0.944744587,1.04,0.862606764,1.04,0.946680903,1.04,1.212096095,1.04,0.900165796,0.56,0.86509645,0.56,0.85074687,0.56,0.6552701,0.56,0.804260671,8.71,7.677571297,8.71,7.906794071,8.71,7.609578133,8.71,7.746318817,4.1,4.154685974,4.1,3.756096125,4.1,3.999721527,4.1,4.286741734,0.95,0.930095077,0.95,1.040878654,0.95,1.086472273,0.95,0.993773878,1.88,1.914565563,1.88,1.789640069,1.88,1.945783257,1.88,1.743584156,4.8,5.198215485,4.8,5.385923386,4.8,5.399242401,4.8,5.852818012,6.47,6.298054695,6.47,6.20378685,6.47,6.538430214,6.47,6.172141075,0.97,0.997102261,0.97,1.000092983,0.97,1.302558422,0.97,1.214483738,6.15,5.87704134,6.15,5.803265095,6.15,6.117033958,6.15,5.913789749,2.71,2.444870234,2.71,2.743302822,2.71,2.70890975,2.71,2.786405087,2.72,2.476379395,2.72,2.274180889,2.72,2.404338837,2.72,2.361551762,0.95,0.895184517,0.95,0.907998443,0.95,0.939804792,0.95,0.96067971,0.6,0.723531008,0.6,0.778576255,0.6,0.584781587,0.6,0.492386758,1.63,1.917806864,1.63,1.486826062,1.63,1.744284153,1.63,1.568084002,0.86,0.916983128,0.86,0.360521644,0.86,0.974357128,0.86,0.647172868,3.12,2.726678133,3.12,2.282573938,3.12,2.754544735,3.12,2.655871391,0.73,0.916506886,0.73,1.097547889,0.73,0.988099575,0.73,0.850992441,2.62,2.187432528,2.62,2.372424364,2.62,2.570445299,2.62,2.889875889,4.36,4.406744003,4.36,4.447579384,4.36,4.484272003,4.36,4.495532036,0.95,0.812024713,0.95,0.937163234,0.95,1.112433434,0.95,0.868311405,4.52,4.350616455,4.52,4.402947426,4.52,4.48294735,4.52,4.468296051,1.04,1.296811819,1.04,0.869897246,1.04,1.153538227,1.04,1.235996962,4.43,4.393075466,4.43,4.420862198,4.43,4.486539841,4.43,4.491872787,0.95,0.997590899,0.95,0.935139894,0.95,0.967091322,0.95,0.921873868,7.62,6.183802605,7.62,6.250849247,7.62,6.479821205,7.62,6.577196121,0.95,0.927723885,0.95,0.983102322,0.95,0.895637035,0.95,0.995951593,0.64,0.641633987,0.64,0.48973164,0.64,0.841631889,0.64,0.582618535,8.6,8.567443848,8.6,8.85850811,8.6,8.733579636,8.6,8.846385002,0.59,0.697814703,0.59,0.846974254,0.59,0.586907744,0.59,0.607512891,6.5,6.447679043,6.5,6.288896561,6.5,6.477178574,6.5,6.586687565,7.62,6.391157627,7.62,6.259602547,7.62,6.454316139,7.62,6.544645309,6.6,6.950281143,6.6,7.012944221,6.6,7.165546417,6.6,7.133774281,3.6,3.49160409,3.6,3.263503313,3.6,3.440944433,3.6,3.819945335,0.95,1.000466824,0.95,0.921021938,0.95,0.898802042,0.95,0.925025284,0.85,0.82299757,0.85,0.713249564,0.85,0.931322992,0.85,1.183716774,2.62,2.357916355,2.62,2.869306087,2.62,2.798189402,2.62,2.968555927,4.52,4.391535759,4.52,4.3615098,4.52,4.470740318,4.52,4.506819248,8.71,8.761291504,8.71,8.70995903,8.71,8.838981628,8.71,8.962361336,3.75,3.850128651,3.75,3.728501797,3.75,3.731643915,3.75,3.935723305,0.95,0.881524563,0.95,0.641632915,0.95,1.049252033,0.95,0.923520327,0.73,1.319396615,0.73,1.488486648,0.73,1.16862905,0.73,1.375835657,0.95,1.186203599,0.95,1.104147315,0.95,0.984586,0.95,0.965061784,1.05,1.041691542,1.05,0.536592364,1.05,1.114349127,1.05,0.929541349,1.88,1.947867036,1.88,2.259893417,1.88,1.87501657,1.88,1.807343483,0.93,1.217702627,0.93,1.615650058,0.93,1.084895253,0.93,1.305397272,6.8,6.906917572,6.8,6.656309128,6.8,7.412022591,6.8,7.388212681,3.95,4.541132927,3.95,4.436609745,3.95,4.167787552,3.95,3.978611946,6.26,5.733748913,6.26,6.385741234,6.26,6.210947037,6.26,5.991129398
4.43,4.381426811,4.43,4.313780785,4.43,4.556860924,4.43,4.248978615,3.12,4.938323975,3.12,5.41287756,3.12,4.977050781,3.12,5.596649647,0.59,0.524270296,0.59,1.113324642,0.59,0.45646143,0.59,0.519842625,0.95,0.78355515,0.95,0.587706387,0.95,0.743473709,0.95,0.801927984,6.64,5.477484703,6.64,4.817536831,6.64,6.049211502,6.64,6.192278385,0.95,0.780522227,0.95,1.355124354,0.95,0.763649046,0.95,0.933966756,0.56,-0.304171115,0.56,0.605645776,0.56,0.695782542,0.56,0.808698833,0.95,0.386654288,0.95,1.30675137,0.95,0.925107658,0.95,0.882088959,6.47,6.580928802,6.47,6.405436039,6.47,7.183357239,6.47,6.517733574,6.15,5.441212654,6.15,5.159015179,6.15,6.240219116,6.15,6.527105331,9.45,6.933509827,9.45,6.610170364,9.45,7.346628189,9.45,6.504693985,0.88,0.359633416,0.88,0.856942534,0.88,0.56526053,0.88,0.542194128,4.85,4.743438721,4.85,4.44419384,4.85,4.153476238,4.85,4.310857773,7.1,5.555573463,7.1,5.374391556,7.1,5.453663826,7.1,5.521600246,6.48,6.38335228,6.48,5.527550697,6.48,6.402651787,6.48,6.548101425,0.95,1.227775931,0.95,0.968906283,0.95,1.158624172,0.95,0.925360143,6.48,6.566107273,6.48,5.535470963,6.48,6.42063427,6.48,6.704312801,1.1,1.237793922,1.1,0.911325574,1.1,1.251931548,1.1,1.171998024,6.47,7.050595284,6.47,6.393930435,6.47,7.002500534,6.47,7.106813431,0.95,0.623193502,0.95,1.140923619,0.95,0.922740459,0.95,0.904613376,0.73,0.909395337,0.73,0.74950397,0.73,0.789424896,0.73,0.690553546,3.62,3.402293921,3.62,2.840765953,3.62,3.091499567,3.62,2.863924503,0.59,0.51755619,0.59,0.716622472,0.59,0.736236036,0.59,0.79260689,1.3,2.925979853,1.3,2.210336924,1.3,2.370883703,1.3,2.104367495,0.6,0.652259469,0.6,0.424410433,0.6,0.824922502,0.6,0.757724822,2.71,2.553977966,2.71,2.914322615,2.71,3.474131346,2.71,2.616787672,4.88,4.985742569,4.88,5.181206226,4.88,5.404227257,4.88,5.117701054,6.8,6.377149105,6.8,7.003636837,6.8,6.882896423,6.8,7.093344688,1.42,1.740367174,1.42,1.51618576,1.42,1.500438929,1.42,1.467535973,6.06,6.226492405,6.06,5.865926743,6.06,6.476455688,6.06,6.726818085,4.85,4.309479713,4.85,4.710375309,4.85,4.418773651,4.85,4.617667198,3.37,3.288020372,3.37,3.027671576,3.37,3.23613739,3.37,3.910093546,0.68,0.911852598,0.68,0.337504774,0.68,0.705317199,0.68,0.844820857,8.6,8.688228607,8.6,8.366923332,8.6,9.702407837,8.6,9.289111137,9.45,8.275928497,9.45,7.848988533,9.45,8.326237679,9.45,8.997004509,3.18,3.546569109,3.18,3.383130074,3.18,3.391218424,3.18,3.821892262,0.85,0.802584767,0.85,0.507704258,0.85,1.085262537,0.85,0.816342771,0.95,0.922664523,0.95,0.855851054,0.95,0.939165115,0.95,1.015820265,7.62,8.021274567,7.62,7.871044159,7.62,7.952535629,7.62,8.085285187,0.95,1.04207027,0.95,0.904213786,0.95,0.94980526,0.95,0.927616596,3.37,3.400241852,3.37,3.378190279,3.37,3.401756287,3.37,3.461319685,0.95,1.022431493,0.95,1.069640756,0.95,1.001729012,0.95,0.972337425,1.42,1.526145935,1.42,1.517303705,1.42,1.434056163,1.42,1.506053209,6.5,6.195457458,6.5,6.492309093,6.5,6.515407562,6.5,6.811957836,5.73,6.583331585,5.73,6.895967484,5.73,6.270809174,5.73,6.338302612,5.1,4.822747231,5.1,4.632417679,5.1,4.962548256,5.1,5.108841896,0.73,0.925199151,0.73,0.801344752,0.73,0.950997114,0.73,0.933665752,0.95,0.986355782,0.95,0.857970119,0.95,1.038529396,0.95,0.941439509,4.39,4.683383942,4.39,4.358118534,4.39,4.477514267,4.39,4.574679375,4.68,4.786787033,4.68,4.786575794,4.68,4.897293091,4.68,5.396856308,0.87,0.945970178,0.87,0.931321979,0.87,0.906021833,0.87,0.830025077,3.62,3.057985067,3.62,2.959564447,3.62,2.841029167,3.62,3.076043129,4.1,4.204555988,4.1,3.708905935,4.1,4.041694641,4.1,4.278615475,3.64,3.530434847,3.64,3.321303606,3.64,3.506044626,3.64,3.502830982,4.75,5.04723835,4.75,4.640504837,4.75,5.062696457,4.75,5.417294502,7.1,6.850987911,7.1,7.12901783,7.1,6.964922905,7.1,7.051002502,0.6,0.70855546,0.6,0.813219547,0.6,0.917053103,0.6,1.140971661,0.82,0.62917614,0.82,0.482071728,0.82,0.798806787,0.82,0.609175861,0.85,0.837282181,0.85,0.788372636,0.85,0.946865737,0.85,1.200011492,4.7,4.653687,4.7,5.046870708,4.7,4.875274658,4.7,4.597654819,0.85,0.847844362,0.85,0.704748273,0.85,0.935703516,0.85,1.252906084,0.9,1.022927165,0.9,0.928719401,0.9,1.226357222,0.9,1.051580906,0.77,0.774957538,0.77,0.876461565,0.77,0.86376214,0.77,0.871744454,7.44,7.812889576,7.44,7.961803436,7.44,7.837752342,7.44,7.930254936,4.42,4.54782486,4.42,4.560771942,4.42,4.486887932,4.42,4.563171864,4.68,4.815949917,4.68,4.698915482,4.68,5.080494881,4.68,5.114130974,0.84,0.979047537,0.84,0.733228087,0.84,1.014478087,0.84,0.829307616,0.7,1.008650541,0.7,0.861086965,0.7,1.014839172,0.7,0.839742243,4.36,5.5025177,4.36,5.319140434,4.36,5.536421776,4.36,5.332095146,0.95,1.005003691,0.95,0.839433432,0.95,1.052040815,0.95,1.085914612,3.95,4.522830009,3.95,4.013894558,3.95,4.525919914,3.95,4.176353931,0.95,0.695058703,0.95,0.866342425,0.95,0.986609221,0.95,0.867376864,6.06,6.556645393,6.06,6.398850441,6.06,6.644949913,6.06,6.592368126,8,7.645077705,8,7.627305984,8,7.60869503,8,7.838035583,6.47,6.383464336,6.47,6.591001511,6.47,6.778779984,6.47,6.959601402,0.95,1.169216514,0.95,0.682870865,0.95,0.981691182,0.95,0.890392125,0.73,1.142475128,0.73,1.395474076,0.73,1.363808155,0.73,1.35576582,7.1,5.296080589,7.1,5.213974953,7.1,5.628915787,7.1,5.799071789,6.48,6.182696819,6.48,6.05419445,6.48,6.187520981,6.48,6.660676003,4.7,4.973004341,4.7,4.839812279,4.7,5.224485397,4.7,4.844631195,9.45,9.260616302,9.45,9.671068192,9.45,9.722015381,9.45,9.705973625,8.02,7.997431278,8.02,8.189004898,8.02,8.189601898,8.02,8.298033714,2.72,2.142808914,2.72,2.294649124,2.72,2.308763742,2.72,2.284533501,6.26,6.193703651,6.26,6.194804668,6.26,6.37799263,6.26,6.306159019,4.01,4.167780399,4.01,3.867905855,4.01,4.139797688,4.01,4.667879105,0.95,0.656494141,0.95,0.82631433,0.95,1.119601011,0.95,1.022204876,7.62,7.724429131,7.62,7.581206799,7.62,7.871544838,7.62,8.26321888,0.9,1.151475549,0.9,0.873464465,0.9,1.156844497,0.9,1.575569391,6.06,6.668683052,6.06,6.419921875,6.06,6.457401276,6.06,6.368173122,4.68,5.166069508,4.68,4.679582596,4.68,5.502565384,4.68,5.278352261,7.62,6.416926861,7.62,6.302463055,7.62,6.44857502,7.62,6.546900272,0.95,0.977144957,0.95,0.907387733,0.95,0.944664001,0.95,0.921183705,3.6,3.498775482,3.6,3.260507822,3.6,3.443386555,3.6,3.893482685,0.95,1.109773159,0.95,0.632279038,0.95,1.139471889,0.95,0.932429135,0.59,0.753256083,0.59,0.824109912,0.59,0.515409231,0.59,0.69451946,0.95,0.948294401,0.95,0.833049238,0.95,1.032384157,0.95,1.009025097,0.59,0.754552126,0.59,0.855613112,0.59,0.511496186,0.59,0.733142793,4.8,5.393948555,4.8,5.150126934,4.8,5.973070145,4.8,5.896726131,0.75,0.452390164,0.75,0.530544162,0.75,0.522239685,0.75,0.515963614,8.6,8.57055378,8.6,8.302952766,8.6,8.843688965,8.6,8.664385796
0.64,0.106400937,0.64,0.220121235,0.64,1.076964259,0.64,0.819954991,8,6.849611282,8,7.358742237,8,7.97286129,8,7.583943367,1.88,1.644247293,1.88,2.183517456,1.88,1.674186468,1.88,2.423895836,5.27,4.32077837,5.27,4.755868435,5.27,5.52789402,5.27,5.745339394,2.79,1.669114351,2.79,2.134083033,2.79,2.556200504,2.79,1.992896795,9.7,5.894088745,9.7,6.85926342,9.7,7.504402161,9.7,8.108622551,0.67,0.592468739,0.67,0.429718822,0.67,0.426391125,0.67,0.61370647,3.2,5.048810959,3.2,4.74967289,3.2,4.754563332,3.2,4.452390671,0.81,0.893319547,0.81,0.948932528,0.81,1.093761444,0.81,0.918389559,8.39,7.473459244,8.39,6.704711914,8.39,6.573495865,8.39,6.93050766,4.51,4.553843975,4.51,4.376946449,4.51,4.480607033,4.51,4.450787067,1.1,1.856267452,1.1,1.081803203,1.1,1.204108,1.1,1.96620822,0.93,1.053527594,0.93,1.009712577,0.93,1.117004275,0.93,0.959124148,0.56,0.56231916,0.56,0.635502875,0.56,0.930273175,0.56,0.608100235,1.05,1.290083766,1.05,0.868688464,1.05,1.20085144,1.05,0.906905293,1.88,1.654484987,1.88,2.122740746,1.88,1.790658951,1.88,1.939326763,0.85,0.660418272,0.85,0.637103856,0.85,0.745110214,0.85,0.840496063,3.62,3.14677,3.62,3.165919065,3.62,3.583310843,3.62,4.126232147,0.73,0.886522174,0.73,0.746096015,0.73,0.788154602,0.73,0.669679344,0.95,1.103291631,0.95,0.48433283,0.95,0.870361924,0.95,0.849588215,0.94,0.956457734,0.94,0.870019794,0.94,0.882624865,0.94,0.955890119,0.97,0.911476016,0.97,0.842573762,0.97,1.181362152,0.97,0.940585256,4.43,4.39406538,4.43,4.373217583,4.43,4.464175224,4.43,4.629656315,0.95,0.916766524,0.95,1.227781296,0.95,0.936063528,0.95,1.032726526,7.62,7.874204636,7.62,7.029895306,7.62,8.143021584,7.62,8.674793243,0.95,0.808172464,0.95,0.783182025,0.95,1.037771702,0.95,0.896320581,1.49,1.81285274,1.49,2.025417089,1.49,1.734480143,1.49,1.451659203,5.1,5.105262756,5.1,4.778263569,5.1,5.340233803,5.1,5.41499424,7.62,7.951104641,7.62,7.368813515,7.62,8.247925758,7.62,8.402896881,0.95,1.034813404,0.95,0.889150262,0.95,0.983264923,0.95,0.937182188,0.68,0.838992953,0.68,0.313005358,0.68,0.724215984,0.68,0.84816277,0.95,1.067519903,0.95,0.908146739,0.95,0.949111223,0.95,0.928458691,0.6,0.449327439,0.6,0.548360586,0.6,0.63242209,0.6,0.545458257,5.1,5.123747349,5.1,5.139081955,5.1,5.324440002,5.1,4.79426527,0.8,0.910329819,0.8,0.398350209,0.8,0.713317692,0.8,0.863643169,0.95,1.008552194,0.95,0.923074841,0.95,1.022402525,0.95,0.978534818,0.94,0.897984505,0.94,0.95292747,0.94,0.904807329,0.94,0.806697726,1.1,0.957069874,1.1,0.986165166,1.1,0.902534246,1.1,0.886287868,4.01,4.225094795,4.01,4.134053707,4.01,4.402116776,4.01,4.804328918,0.93,0.403261423,0.93,0.558752418,0.93,0.850842357,0.93,0.644143403,5.73,6.653118134,5.73,7.049666405,5.73,6.235185623,5.73,6.534855843,6.06,6.489409447,6.06,6.155371666,6.06,6.189965248,6.06,6.208467007,6.48,6.192733765,6.48,6.248887062,6.48,6.097608566,6.48,6.15092802,8.6,8.929813385,8.6,8.640031815,8.6,9.691987991,8.6,8.929400444,3.04,3.014559507,3.04,2.3811903,3.04,2.957225561,3.04,2.839953184,3.12,3.039480686,3.12,2.76832509,3.12,3.262026548,3.12,2.984411955,0.64,0.59374547,0.64,0.454706997,0.64,0.644311428,0.64,0.425594866,0.95,1.015237212,0.95,0.932421565,0.95,1.007365584,0.95,0.930811226,6.48,6.296916962,6.48,6.140740395,6.48,6.279947281,6.48,6.186993599,8.4,9.003061295,8.4,8.535708427,8.4,8.766330719,8.4,8.922517776,0.69,0.780609369,0.69,0.806863189,0.69,0.748762608,0.69,0.691957474,7.1,5.36141634,7.1,5.648221016,7.1,5.524101257,7.1,5.974187851,0.6,0.744881153,0.6,0.721268773,0.6,0.935599625,0.6,1.009160042,0.95,0.914775252,0.95,0.807087779,0.95,0.950062394,0.95,1.011186719,3.95,4.374369621,3.95,4.236264229,3.95,4.408042908,3.95,4.107809544,0.9,0.892408133,0.9,0.953097463,0.9,1.246658087,0.9,0.966850936,0.75,0.709477425,0.75,0.635466456,0.75,0.860310793,0.75,0.76729238,5.1,4.561275005,5.1,4.481173992,5.1,4.748004913,5.1,5.03439045,1.93,1.820775747,1.93,1.683633566,1.93,1.895077944,1.93,2.258795261,6.15,5.760410786,6.15,5.631419182,6.15,6.119704247,6.15,5.908908844,6.47,6.678664207,6.47,6.703402996,6.47,6.638290405,6.47,6.611245632,0.76,0.884995818,0.76,0.527511954,0.76,0.600292921,0.76,1.047503471,0.69,0.52063632,0.69,0.612523913,0.69,0.736402273,0.69,0.521960855,0.95,0.94416368,0.95,0.890543342,0.95,0.981633902,0.95,1.01601553,0.59,0.534111738,0.59,0.637207389,0.59,0.801370502,0.59,0.564579666,0.95,0.98397696,0.95,0.721442938,0.95,1.031250954,0.95,0.894129515,6.47,6.499276638,6.47,6.688490391,6.47,6.696760178,6.47,6.763246059,0.9,1.223944068,0.9,0.914417863,0.9,1.191973448,0.9,1.140844345,0.73,1.255913973,0.73,1.354149818,0.73,1.409666061,0.73,1.351250887,0.56,1.102033377,0.56,0.941962719,0.56,0.952823043,0.56,0.873992383,0.73,0.918010116,0.73,1.074885726,0.73,0.988029242,0.73,0.873814464,7.89,7.845287323,7.89,7.769025803,7.89,7.730241776,7.89,7.751450539,6.47,6.486096859,6.47,6.332941055,6.47,6.57465744,6.47,6.545244217,0.86,0.557033539,0.86,0.677905202,0.86,1.066957116,0.86,1.281150103,6.15,6.106208324,6.15,5.9324193,6.15,6.015111923,6.15,6.212933064,6.12,5.991014481,6.12,5.665115833,6.12,6.125997543,6.12,6.038487434,2.16,2.02873373,2.16,2.144560575,2.16,2.248603106,2.16,2.154205799,0.9,1.291053295,0.9,0.896459937,0.9,1.176588058,0.9,1.359147787,0.69,0.509179354,0.69,0.124028064,0.69,0.692014337,0.69,0.798489392,0.95,0.57582283,0.95,0.828165889,0.95,1.01017642,0.95,0.962227881,0.73,0.934986353,0.73,0.996411204,0.73,0.999443293,0.73,0.848001719,1.1,1.370815516,1.1,1.30169332,1.1,1.442562699,1.1,1.475262642,9.45,9.308760643,9.45,9.68897438,9.45,9.763753891,9.45,9.721564293,0.95,0.909879923,0.95,0.721518397,0.95,1.026959181,0.95,1.052877665,9.45,9.325208664,9.45,9.676140785,9.45,9.769857407,9.45,9.702094078,8.02,8.076410294,8.02,8.157691956,8.02,8.261257172,8.02,8.371513367,0.69,0.497565001,0.69,0.136781543,0.69,0.662501931,0.69,0.781274617,0.95,0.642381787,0.95,0.816341996,0.95,1.125162005,0.95,1.045800447,1.88,1.975398421,1.88,1.871620536,1.88,2.025170326,1.88,1.815721035,3.2,3.149716139,3.2,3.32994628,3.2,3.847683907,3.2,3.477323771,0.85,0.905900717,0.85,0.787483811,0.85,1.007105589,0.85,1.299334884,0.95,1.33626771,0.95,0.849152327,0.95,1.055427551,0.95,0.947827816,3.95,4.43915844,3.95,4.320265293,3.95,4.147115707,3.95,3.996992588,0.95,1.250665545,0.95,0.619824231,0.95,0.887120008,0.95,0.944460034,0.64,0.551226377,0.64,0.835652232,0.64,0.827686548,0.64,0.572475791,0.95,1.432877064,0.95,1.208378911,0.95,1.088183761,0.95,0.97819078,0.73,0.950166225,0.73,0.357360691,0.73,0.99691987,0.73,0.915997565,2.62,2.514656305,2.62,3.277030706,2.62,2.88731432,2.62,3.103179455,0.81,0.837942958,0.81,1.107287288,0.81,1.198775053,0.81,0.80669564,6.8,6.927020073,6.8,6.649300098,6.8,7.468146324,6.8,7.438557148
4.5,4.290842056,4.5,4.316926003,4.5,4.54702282,4.5,4.207632065,3.2,5.169318676,3.2,4.438231468,3.2,5.124539375,3.2,4.656394005,6.06,5.677108765,6.06,6.015427113,6.06,6.84885788,6.06,6.156347275,6.26,7.74347353,6.26,6.175685883,6.26,6.695158005,6.26,6.537062168,6.47,4.261400223,6.47,5.30187273,6.47,5.24848938,6.47,5.892133713,6.6,6.492259026,6.6,6.134180546,6.6,7.291901588,6.6,7.192572117,0.75,0.276982576,0.75,0.681893706,0.75,0.919072032,0.75,0.646692693,0.95,0.760944724,0.95,0.6580199,0.95,0.918176353,0.95,1.028919697,3.64,3.714414358,3.64,3.884474516,3.64,3.936975241,3.64,4.120383739,8,6.816444397,8,6.099815845,8,7.526762962,8,7.533000469,3.64,3.780779123,3.64,3.954451323,3.64,4.206394196,3.64,3.962979794,2.93,3.974792957,2.93,3.492526054,2.93,3.226242065,2.93,3.663739204,1.42,1.38441658,1.42,1.304189205,1.42,1.49215126,1.42,1.173125267,6.6,7.627114296,6.6,6.646499157,6.6,7.843661308,6.6,7.732696533,0.85,0.73344779,0.85,0.586940527,0.85,0.762635231,0.85,0.891251445,4.2,3.490442276,4.2,4.080633163,4.2,3.902190447,4.2,4.339592934,0.77,0.631239653,0.77,0.827770174,0.77,1.064023972,0.77,0.746939957,4.68,5.256716728,4.68,4.9372015,4.68,4.845790863,4.68,5.387320518,4.02,4.316559315,4.02,3.937152624,4.02,4.001545906,4.02,3.905988216,3.37,3.155372381,3.37,3.523669481,3.37,3.723913908,3.37,3.151001692,3.6,3.311506748,3.6,3.127529383,3.6,3.012099266,3.6,3.087219715,6.8,6.362909317,6.8,6.987137318,6.8,6.715826035,6.8,6.898080349,0.73,1.518940926,0.73,1.375640273,0.73,1.638175368,0.73,1.323878407,1.04,0.603126645,1.04,1.346145988,1.04,0.969314754,1.04,1.338817239,1.42,1.662145853,1.42,1.470792532,1.42,1.620971322,1.42,1.383049011,6.8,6.317394733,6.8,7.148673058,6.8,6.771094322,6.8,7.074838161,0.7,0.582178593,0.7,0.658572555,0.7,0.790429056,0.7,0.630425513,1.3,2.609953165,1.3,2.293341875,1.3,2.178563595,1.3,2.053371906,4.1,4.44402504,4.1,4.374661446,4.1,4.892149925,4.1,4.617965221,2.71,2.737159729,2.71,2.79988265,2.71,3.300290823,2.71,2.817099571,0.85,0.847911477,0.85,0.477168053,0.85,1.074992776,0.85,0.880214512,0.95,0.928768635,0.95,0.851818919,0.95,0.936321616,0.95,1.016161323,1.49,1.592458963,1.49,1.789755464,1.49,1.703913808,1.49,1.526709795,3.12,2.972537756,3.12,2.830560446,3.12,3.062343359,3.12,3.311248541,0.75,0.796441793,0.75,0.5468539,0.75,0.639191389,0.75,0.752070189,0.95,0.947016358,0.95,0.805033565,0.95,0.943952441,0.95,1.012678146,0.68,0.861270666,0.68,0.396412164,0.68,0.681831539,0.68,0.844182551,3.37,3.241126299,3.37,2.992612123,3.37,3.270496607,3.37,3.370026827,0.84,1.098284125,0.84,0.785941005,0.84,0.965077877,0.84,0.943788052,7.39,7.808860302,7.39,7.633488655,7.39,7.487455368,7.39,7.834876537,4.85,4.654612541,4.85,4.868299484,4.85,4.598752022,4.85,4.435092926,0.95,0.965693593,0.95,0.933844447,0.95,0.938937306,0.95,0.922633052,6.15,6.461392403,6.15,6.508111954,6.15,6.657262802,6.15,6.245509148,0.88,0.882343173,0.88,0.939679503,0.88,1.08285594,0.88,0.908088028,3.04,3.014559507,3.04,2.3811903,3.04,2.957225561,3.04,2.839953184,6.8,7.312671185,6.8,6.971118927,6.8,7.207985878,6.8,7.158227921,7.62,8.292305946,7.62,7.814577103,7.62,8.193166733,7.62,7.828165531,0.95,0.951013565,0.95,0.831527829,0.95,1.154985905,0.95,1.037908077,4.5,4.622587681,4.5,4.339421272,4.5,4.475243568,4.5,4.551228046,5.27,4.137813568,5.27,4.326002598,5.27,4.333469391,5.27,4.597148895,0.7,0.76959753,0.7,0.778003216,0.7,0.62493813,0.7,0.739461482,0.95,0.894190311,0.95,0.972904205,0.95,0.946938157,0.95,0.959502399,3.95,4.345135689,3.95,4.263609886,3.95,4.414798737,3.95,4.095076084,1.1,0.589955807,1.1,0.714644313,1.1,0.778077304,1.1,0.90376997,1.42,1.610282421,1.42,1.666720033,1.42,1.598756552,1.42,1.753607035,0.95,0.981679201,0.95,0.800956011,0.95,1.044394135,0.95,0.959229052,0.6,0.826446652,0.6,0.788690329,0.6,0.451511919,0.6,0.576856554,0.95,0.985476613,0.95,0.925166011,0.95,1.023714423,0.95,0.930052042,4.5,4.54364109,4.5,4.526302814,4.5,4.480723381,4.5,4.540125847,6.8,6.954794884,6.8,7.253446102,6.8,7.022060394,6.8,6.847099304,6.64,6.523306847,6.64,6.253036022,6.64,6.433728218,6.64,6.69149828,0.95,0.94420135,0.95,0.962691307,0.95,0.958688974,0.95,1.015639544,0.81,0.991646051,0.81,0.889741778,0.81,0.92636776,0.81,0.872698426,0.95,0.955103517,0.95,0.733810484,0.95,1.043957114,0.95,0.90449363,0.84,0.979232788,0.84,0.712764621,0.84,1.007797718,0.84,0.824703157,8.71,7.839954376,8.71,7.972807884,8.71,7.882060051,8.71,7.922298431,6.64,6.434954643,6.64,6.220076084,6.64,6.38506794,6.64,7.041795254,8,7.696487904,8,7.716682434,8,7.543149948,8,7.954001904,2.79,2.931002855,2.79,2.755573034,2.79,3.158481598,2.79,2.794297457,2.8,3.358845234,2.8,3.058694363,2.8,3.575637817,2.8,3.321964025,0.8,0.787396193,0.8,0.515881658,0.8,0.828030646,0.8,1.11974144,6.5,6.386442184,6.5,6.113270283,6.5,6.316067696,6.5,6.481246471,0.69,0.711165667,0.69,0.770892501,0.69,0.633046627,0.69,0.729549348,0.95,1.069417477,0.95,1.10189569,0.95,1.03800869,0.95,1.047941923,0.64,0.592466831,0.64,0.480269283,0.64,0.706139565,0.64,0.541053116,0.76,0.72182548,0.76,0.572666049,0.76,0.659650326,0.76,0.808453083,4.36,5.45076561,4.36,5.315212727,4.36,5.631820679,4.36,5.277081966,0.95,1.082063556,0.95,0.965767026,0.95,0.965990067,0.95,0.943358243,7.62,6.240703583,7.62,6.238174915,7.62,6.457186699,7.62,6.543515682,0.95,0.740990043,0.95,0.890434861,0.95,1.129384398,0.95,0.96081382,7.62,7.736202717,7.62,7.582360744,7.62,7.846735001,7.62,8.330764771,2.8,3.531037569,2.8,3.28053689,2.8,3.5632267,2.8,3.406419516,4.75,4.70006752,4.75,4.378554344,4.75,4.639587402,4.75,5.278312683,8.6,8.516630173,8.6,8.726329803,8.6,8.728331566,8.6,8.773509026,1.49,1.75990057,1.49,1.723233342,1.49,1.861335754,1.49,1.614868402,5.98,6.301714897,5.98,5.746981144,5.98,5.798514366,5.98,6.064679146,1.63,1.956222892,1.63,1.866468191,1.63,2.024684429,1.63,1.777926922,5.27,6.100301743,5.27,5.546133041,5.27,6.007019997,5.27,5.849669456,1.49,1.798258543,1.49,1.733542323,1.49,1.862308979,1.49,1.619241953,6.12,6.145951748,6.12,5.809249401,6.12,6.516248703,6.12,6.218336582,1.49,1.813010216,1.49,1.735243082,1.49,1.858724236,1.49,1.652122736,1.1,1.034033775,1.1,0.959445834,1.1,0.842850029,1.1,1.192611933,4.4,4.516875267,4.4,4.444498539,4.4,4.466481209,4.4,4.592281342,5.27,4.425329685,5.27,4.23032856,5.27,4.605095863,5.27,4.450058937,4.42,4.547797203,4.42,4.46434021,4.42,4.462434769,4.42,4.617423058,8.71,8.785955429,8.71,9.059002876,8.71,9.06801033,8.71,9.205116272,4.36,5.614782333,4.36,5.562699795,4.36,5.526777267,4.36,5.424721241,0.95,1.190680265,0.95,1.010809183,0.95,1.074838638,0.95,0.968801498,7.62,6.478161812,7.62,6.339378834,7.62,6.680252075,7.62,6.804167271,4.8,5.414049625,4.8,5.153877258,4.8,5.977454185,4.8,5.94814539
0.93,1.360007167,0.93,1.624999404,0.93,1.174949884,0.93,0.987979174,3.2,3.483752012,3.2,4.295338154,3.2,4.813542366,3.2,5.405752182,5.73,5.139291286,5.73,5.450350285,5.73,6.574327469,5.73,6.104146004,3.37,3.065921783,3.37,3.413409948,3.37,4.139313698,3.37,3.843851089,3.75,3.902441263,3.75,4.93838644,3.75,4.991286278,3.75,5.367358208,0.95,0.821292996,0.95,1.059268475,0.95,0.949519634,0.95,0.896821976,0.86,0.45590362,0.86,0.498141736,0.86,0.868396521,0.86,0.726743221,2.8,3.685744286,2.8,5.123794556,2.8,4.581858635,2.8,4.441717625,6.48,5.691653252,6.48,5.337216377,6.48,5.916416168,6.48,5.548511505,6.47,4.993893147,6.47,4.779615402,6.47,5.427700996,6.47,5.830649853,5.73,6.699894428,5.73,6.4485116,5.73,7.044402122,5.73,6.179589272,0.95,0.826783061,0.95,1.085901618,0.95,0.929766119,0.95,1.019277573,3.75,4.170777321,3.75,4.633131981,3.75,5.085775375,3.75,4.644020081,0.95,0.97292006,0.95,1.021814227,0.95,0.956415594,0.95,1.030679941,4.85,4.919955254,4.85,4.374929428,4.85,4.118139267,4.85,4.367987633,6.15,6.595537663,6.15,6.045901775,6.15,6.267832756,6.15,7.332854748,0.73,0.857799053,0.73,0.741005778,0.73,0.781478167,0.73,0.645336092,0.95,0.99903214,0.95,0.865774035,0.95,0.927345872,0.95,0.928108394,3.75,4.411271095,3.75,4.196549416,3.75,4.19242382,3.75,4.128583908,8.39,8.019075394,8.39,8.349003792,8.39,7.901475906,8.39,7.631394386,0.69,0.826828718,0.69,0.601457953,0.69,0.779167891,0.69,0.868002117,2.71,2.450198412,2.71,3.156710386,2.71,3.322384596,2.71,2.543577671,4.51,4.406170368,4.51,4.380750656,4.51,4.464931488,4.51,4.631270409,0.97,0.987445116,0.97,0.868283987,0.97,1.397770047,0.97,0.976156533,4.42,4.467734814,4.42,4.441020012,4.42,4.467996597,4.42,4.668224335,0.95,1.006473899,0.95,0.879531741,0.95,0.933924854,0.95,0.928002,2.72,2.392971516,2.72,2.365617037,2.72,2.135518551,2.72,2.277437925,1.1,1.365657091,1.1,1.247240663,1.1,1.064547181,1.1,1.157474518,0.68,0.767901301,0.68,0.291812062,0.68,0.7455585,0.68,0.862342536,6.15,5.906932831,6.15,5.651005268,6.15,6.209835052,6.15,6.392682552,4.5,4.519275665,4.5,4.533864975,4.5,4.46886158,4.5,4.685695171,0.95,1.308425903,0.95,0.80325681,0.95,0.949970305,0.95,0.855316401,0.7,0.844986081,0.7,0.47522983,0.7,1.066207886,0.7,0.833101034,1.63,1.60658586,1.63,1.761374831,1.63,1.906211972,1.63,1.782861471,6.15,6.261342049,6.15,6.065468788,6.15,6.586320877,6.15,6.141105175,8.02,7.725461483,8.02,8.104726791,8.02,8.692598343,8.02,9.047924995,0.84,0.939028263,0.84,0.794471622,0.84,0.968450546,0.84,0.796049654,8.02,7.774263382,8.02,8.032421112,8.02,8.573442459,8.02,9.064151764,0.67,0.755856752,0.67,0.676613212,0.67,0.788027287,0.67,0.785594225,9.7,8.83056736,9.7,8.921473503,9.7,9.442883492,9.7,9.267597198,0.59,0.48636052,0.59,0.574417472,0.59,0.75625515,0.59,0.833858907,0.95,0.985883474,0.95,0.924041629,0.95,1.021131277,0.95,1.007730842,4.36,4.480617046,4.36,4.371800423,4.36,4.464539528,4.36,4.487120628,4.8,5.349777699,4.8,5.467567444,4.8,5.469547272,4.8,5.991176128,0.84,0.980319977,0.84,0.81185472,0.84,0.983963728,0.84,0.933937252,2.8,3.220749617,2.8,3.010366201,2.8,3.444168806,2.8,3.449946165,7.62,6.647199154,7.62,6.937501431,7.62,6.47982502,7.62,6.42206955,6.8,7.246809959,6.8,7.044279575,6.8,7.166543961,6.8,7.104384422,3.6,3.565818071,3.6,3.054438591,3.6,3.537294149,3.6,3.654576778,5.1,4.706307888,5.1,4.553300858,5.1,4.849918365,5.1,5.087692738,4.75,4.957824707,4.75,4.577296257,4.75,5.138648987,4.75,5.334267616,6.1,6.166324615,6.1,6.405085564,6.1,6.290100098,6.1,5.953181267,4.75,5.013355255,4.75,4.608901978,4.75,5.098996162,4.75,5.393566608,0.95,0.915042758,0.95,0.995642543,0.95,0.948296428,0.95,1.015104055,0.7,0.881000221,0.7,0.849931598,0.7,0.591882169,0.7,0.764774144,0.95,0.928335428,0.95,0.937301874,0.95,1.04255271,0.95,1.092311144,3.04,2.771180868,3.04,2.403944254,3.04,2.898561239,3.04,3.018870115,0.95,0.912703872,0.95,0.980005145,0.95,0.950501204,0.95,1.014915228,2.79,2.79747057,2.79,2.684897661,2.79,2.937001944,2.79,2.6795609,7.1,6.837674618,7.1,7.064050674,7.1,7.012933731,7.1,7.075897694,0.56,0.946537256,0.56,0.94674623,0.56,0.687526405,0.56,0.652025044,0.95,0.985428214,0.95,0.889975965,0.95,0.953772545,0.95,0.926303327,3.04,2.825826645,3.04,2.640443087,3.04,2.839739561,3.04,3.23156476,0.95,0.969120026,0.95,0.999137759,0.95,0.954124808,0.95,0.921646357,0.7,0.867411375,0.7,0.889395952,0.7,0.74125737,0.7,0.635885894,0.95,0.956311345,0.95,0.846611857,0.95,0.965293646,0.95,1.011862755,0.64,0.47240898,0.64,0.478800625,0.64,0.608598232,0.64,0.513198674,3.37,3.662187338,3.37,2.721596956,3.37,3.209919691,3.37,3.38412714,1.42,1.695480108,1.42,1.706253529,1.42,1.81891036,1.42,1.726554394,0.93,0.18042478,0.93,0.732739091,0.93,0.762240648,0.93,0.636012912,3.6,3.695277929,3.6,3.291969061,3.6,3.486377954,3.6,3.743822098,0.86,0.591899157,0.86,0.627135873,0.86,1.043043613,0.86,1.280179501,0.69,0.513549805,0.69,0.315722317,0.69,0.708950996,0.69,0.693632424,0.95,1.09710896,0.95,0.831319809,0.95,1.050212502,0.95,1.077567339,3.75,3.913413763,3.75,3.55390811,3.75,3.819550753,3.75,3.948228121,1.49,2.049993277,1.49,1.522197604,1.49,1.641657948,1.49,1.556663275,4.43,4.394584656,4.43,4.412796497,4.43,4.488090515,4.43,4.494343281,2.93,2.682177305,2.93,2.426820993,2.93,2.772949457,2.93,2.996422768,3.64,3.78763938,3.64,3.506405592,3.64,3.722445726,3.64,4.064421654,0.82,0.638527155,0.82,0.494858593,0.82,0.866928875,0.82,0.765516222,6.64,6.395820618,6.64,6.264003754,6.64,6.411292076,6.64,6.849736214,1.3,2.297160864,1.3,1.806468844,1.3,1.963317513,1.3,2.523177147,6.47,6.592980385,6.47,6.403208256,6.47,6.457582474,6.47,6.419797421,7.44,7.800009251,7.44,7.671456337,7.44,7.841244698,7.44,7.881361008,3.37,3.385170937,3.37,3.111590147,3.37,3.355600119,3.37,3.34636426,0.95,1.040601492,0.95,0.915569186,0.95,1.139217377,0.95,0.916440487,0.84,0.924689054,0.84,0.860829234,0.84,1.053377628,0.84,0.784805179,9.7,9.100737572,9.7,9.23402977,9.7,9.253085136,9.7,9.453735352,0.81,0.845640182,0.81,1.049992442,0.81,0.939814329,0.81,0.780022323,0.95,1.23732388,0.95,0.630849004,0.95,0.907813132,0.95,0.919248402,3.64,3.761377335,3.64,3.513682842,3.64,3.691314459,3.64,4.137929916,8.39,8.051922798,8.39,8.104507446,8.39,8.249092102,8.39,8.432654381,0.7,0.764913678,0.7,0.908462882,0.7,0.877963662,0.7,0.706880271,0.95,1.015229464,0.95,0.991895318,0.95,0.969898224,0.95,0.920872033,3.37,3.392491341,3.37,3.328897238,3.37,3.276601553,3.37,3.439742327,0.9,1.041222692,0.9,0.856073976,0.9,1.141920686,0.9,1.749736309,0.84,0.930627584,0.84,0.457650036,0.84,1.045489073,0.84,0.917882919,0.95,0.988058567,0.95,1.00402391,0.95,0.831223249,0.95,1.21123004,4.32,4.484054565,4.32,4.418373108,4.32,4.446755409,4.32,4.512349129,8.02,8.124754906,8.02,8.115376472,8.02,8.559341431,8.02,8.339690208
3.95,3.333496571,3.95,3.620209217,3.95,3.23552537,3.95,3.369023085,0.95,0.741880417,0.95,0.849773288,0.95,0.733792603,0.95,0.940361023,4.01,4.949126244,4.01,4.283226013,4.01,5.605557442,4.01,6.298105717,3.18,3.044954538,3.18,4.2479105,3.18,4.12007618,3.18,2.980159283,0.73,2.145433664,0.73,2.268050909,0.73,1.910992742,0.73,1.60503912,4.7,5.946298599,4.7,6.100525856,4.7,6.881491661,4.7,6.324577332,0.7,-0.204664499,0.7,0.644515157,0.7,0.69296217,0.7,0.806993365,6.12,5.259094238,6.12,4.78188467,6.12,5.968055725,6.12,5.798542023,0.67,0.652406693,0.67,0.419236511,0.67,0.382691145,0.67,0.624506533,4.8,4.444597721,4.8,5.531644344,4.8,5.21504879,4.8,4.991170883,0.7,0.667183638,0.7,0.415337771,0.7,0.726818085,0.7,0.995137632,0.95,1.009907007,0.95,0.859232783,0.95,1.039648771,0.95,0.933728397,0.73,0.844814777,0.73,0.743627429,0.73,0.809215784,0.73,0.623016655,6.5,5.522233009,6.5,5.572694302,6.5,5.719577789,6.5,6.737570763,4.5,4.48674202,4.5,4.36158371,4.5,4.473111153,4.5,4.503538609,2.8,3.899781704,2.8,3.732545376,2.8,4.634652138,2.8,4.028747082,0.59,0.55148983,0.59,0.862268627,0.59,0.768534303,0.59,0.976946533,0.95,0.82629621,0.95,1.078189373,0.95,0.929202318,0.95,1.024211884,4.39,4.876179695,4.39,4.461667061,4.39,4.495887756,4.39,4.636470318,0.95,1.035249114,0.95,0.846066833,0.95,0.904623508,0.95,0.890715837,5.73,6.767516136,5.73,6.480093479,5.73,6.663212776,5.73,6.515645027,1.63,1.874290943,1.63,1.662533164,1.63,1.858570099,1.63,1.568446875,0.84,1.084620357,0.84,0.828322291,0.84,1.048262596,0.84,0.883722126,0.95,1.168940783,0.95,0.825408578,0.95,1.025452375,0.95,1.022515535,4.36,4.34668541,4.36,4.365684032,4.36,4.460428238,4.36,4.652079105,0.97,0.938370705,0.97,0.898430228,0.97,1.47467947,0.97,1.014272928,2.16,2.292639494,2.16,2.246156454,2.16,2.042232037,2.16,2.142825603,2.8,3.503254652,2.8,3.567806005,2.8,3.722516298,2.8,3.620147705,4.02,4.014080048,4.02,3.906047583,4.02,4.366234779,4.02,4.041528225,3.18,4.03496027,3.18,3.750410318,3.18,3.777991056,3.18,4.059990883,0.8,0.892071843,0.8,0.412136644,0.8,0.797571957,0.8,0.908609152,0.82,0.73782897,0.82,0.974926114,0.82,0.749174833,0.82,0.809350848,0.69,0.514763474,0.69,0.799976707,0.69,0.765925169,0.69,0.618140876,1.04,0.781858683,1.04,1.116886973,1.04,1.077267408,1.04,0.9837448,6.47,6.585662365,6.47,6.562390327,6.47,6.512013435,6.47,6.91206646,1.1,1.0332551,1.1,1.054610491,1.1,0.9298473,1.1,0.941509545,0.75,0.790871024,0.75,0.550505519,0.75,0.691548109,0.75,0.762001753,0.95,0.983585715,0.95,0.872372866,0.95,0.966856122,0.95,0.922407031,9.45,8.486177444,9.45,8.269527435,9.45,8.565127373,9.45,9.065876961,8.39,8.415205956,8.39,8.788906097,8.39,8.318127632,8.39,8.541579247,0.64,0.646020651,0.64,0.667644858,0.64,0.679382801,0.64,0.386045277,0.95,1.037439942,0.95,0.904163241,0.95,0.950288057,0.95,0.927444637,0.68,0.806715131,0.68,0.502950668,0.68,0.82956028,0.68,0.854306459,0.95,1.101968169,0.95,0.888156891,0.95,0.982483208,0.95,0.930246949,0.73,1.274843574,0.73,1.241316676,0.73,1.115653038,0.73,1.24952507,0.95,0.979827881,0.95,0.881903529,0.95,0.942493796,0.95,0.926254511,0.94,0.899954796,0.94,0.882151484,0.94,0.888971567,0.94,0.821778417,2.71,2.643852949,2.71,2.858626604,2.71,2.795769691,2.71,2.880586863,0.67,0.726123214,0.67,0.821462035,0.67,1.052630663,0.67,0.750246823,0.95,0.947753429,0.95,0.976835132,0.95,0.951453328,0.95,1.01612854,4.02,3.956179142,4.02,3.82030344,4.02,3.98263669,4.02,3.965307713,6.12,5.93124485,6.12,5.804329872,6.12,5.753273964,6.12,6.063569069,0.73,0.910788059,0.73,0.784629226,0.73,0.968567133,0.73,0.877563953,0.95,0.920182347,0.95,0.782991767,0.95,0.955442905,0.95,0.914407015,4.4,4.455220222,4.4,4.466487885,4.4,4.474142075,4.4,4.499224186,1.04,1.106697798,1.04,1.020395041,1.04,1.09245801,1.04,1.191990018,1.93,1.790746093,1.93,1.669049621,1.93,1.914351344,1.93,2.198594809,8.6,9.050314903,8.6,8.940900803,8.6,9.056124687,8.6,9.000826836,0.73,1.158541322,0.73,1.321473241,0.73,1.247255683,0.73,1.365844011,1.88,1.935412645,1.88,1.530451059,1.88,1.801523685,1.88,1.624790907,4.43,4.404641628,4.43,4.44457531,4.43,4.475462914,4.43,4.472236633,1.1,0.550430536,1.1,0.714701295,1.1,0.746121287,1.1,0.955311954,0.81,0.991646051,0.81,0.889741778,0.81,0.92636776,0.81,0.872698426,6.1,5.895813942,6.1,6.260549068,6.1,6.32063961,6.1,5.86612463,0.59,0.534111738,0.59,0.637207389,0.59,0.801370502,0.59,0.564579666,6.5,6.49020052,6.5,6.128632545,6.5,6.289973259,6.5,6.577949524,3.75,3.657024384,3.75,3.64564085,3.75,3.846000671,3.75,3.99602294,2.93,2.629905224,2.93,2.640662432,2.93,2.910291433,2.93,3.066720009,4.85,5.004321575,4.85,4.61741066,4.85,4.938884735,4.85,4.71426487,6.5,6.398506165,6.5,6.097970009,6.5,6.285329819,6.5,6.485415459,0.7,0.789301753,0.7,0.834628105,0.7,0.761028409,0.7,0.652150095,4.35,4.105973721,4.35,4.216244698,4.35,4.392192841,4.35,4.363322258,3.37,3.304022551,3.37,3.114532471,3.37,3.462650537,3.37,3.340638638,3.18,2.906911612,3.18,2.648560286,3.18,2.909310818,3.18,2.837101936,2.72,2.248158693,2.72,2.277487278,2.72,2.444651365,2.72,2.305774927,0.88,1.227973819,0.88,0.857570529,0.88,1.241682529,0.88,1.083919764,4.38,4.514408112,4.38,4.488820553,4.38,4.494069099,4.38,4.556102753,0.95,1.059897065,0.95,0.855516791,0.95,1.069301605,0.95,1.042087436,4.32,4.512882233,4.32,4.478828907,4.32,4.49546814,4.32,4.557008743,2.8,3.51093626,2.8,3.256309509,2.8,3.57702136,2.8,3.403761864,7.62,7.736202717,7.62,7.582360744,7.62,7.846735001,7.62,8.330764771,8.39,8.415484428,8.39,8.211277008,8.39,8.314875603,8.39,8.349683762,0.67,0.662961245,0.67,0.627157092,0.67,0.764691353,0.67,0.703668058,0.95,0.732848763,0.95,0.867069006,0.95,1.137859702,0.95,1.007065177,0.6,1.016178608,0.6,0.858986497,0.6,1.16296804,0.6,1.096127987,4.2,4.033040524,4.2,4.369887352,4.2,4.487183571,4.2,4.43771553,4.88,4.964795589,4.88,4.83079195,4.88,4.915496826,4.88,4.637299061,6.8,6.840791702,6.8,6.728466511,6.8,7.181006432,6.8,7.16831398,3.64,3.76487422,3.64,3.513620615,3.64,3.695673943,3.64,4.124803066,1.49,1.916373968,1.49,1.933790326,1.49,1.581544638,1.49,1.575684786,0.6,0.621736765,0.6,0.806657314,0.6,0.763471842,0.6,0.608246744,2.8,3.619377375,2.8,3.503649473,2.8,3.58806181,2.8,3.51105547,0.68,1.171411991,0.68,0.997352958,0.68,1.321505189,0.68,1.146830797,6.12,6.191620827,6.12,5.836221218,6.12,6.626758575,6.12,6.271727562,0.56,0.863806844,0.56,0.975751877,0.56,0.951737761,0.56,0.768719375,6.5,7.011512756,6.5,6.92469883,6.5,6.798505783,6.5,7.231049538,6.15,6.139640808,6.15,6.003246307,6.15,5.97420311,6.15,6.001296043,0.56,0.965858698,0.56,1.516803145,0.56,0.957265854,0.56,1.159516454,4.01,4.190903664,4.01,3.872764349,4.01,4.262574196,4.01,4.735962391,2.93,2.98578167,2.93,2.615655184,2.93,2.769226551,2.93,3.07738471
1.05,1.177728534,1.05,1.517427564,1.05,1.051776648,1.05,1.083197117,5.9,5.803097248,5.9,4.613731384,5.9,5.748818398,5.9,5.20163393,4.85,4.427230358,4.85,4.629935741,4.85,4.53619194,4.85,4.721209526,0.95,0.930403113,0.95,1.331241488,0.95,0.920494497,0.95,0.981906354,4.52,4.104955196,4.52,4.275941372,4.52,4.485795021,4.52,4.309233665,2.8,4.447824001,2.8,5.309716225,2.8,5.043526649,2.8,4.967323303,0.77,-0.111299425,0.77,0.887753606,0.77,0.97848922,0.77,0.761946321,0.9,1.428857327,0.9,0.944039941,0.9,0.863609254,0.9,1.368643045,3.04,2.919655561,3.04,3.373275518,3.04,3.597760439,3.04,3.240100145,3.2,5.48281002,3.2,5.129321098,3.2,4.905443192,3.2,4.589596272,4.01,4.937944412,4.01,4.927890778,4.01,5.427100182,4.01,5.287973881,0.95,0.979414344,0.95,0.840565562,0.95,0.949771166,0.95,1.016191483,0.68,0.700675011,0.68,0.400514215,0.68,0.630165219,0.68,0.682784259,0.95,1.195132732,0.95,1.171551466,0.95,1.078461885,0.95,1.076526403,4.39,4.964161396,4.39,4.38445282,4.39,4.505653381,4.39,4.607927322,0.93,0.933216095,0.93,0.464294404,0.93,0.537900865,0.93,0.772717953,6.64,6.448560715,6.64,5.46833086,6.64,6.284398079,6.64,6.519387722,0.97,0.710175037,0.97,0.740133643,0.97,0.70179224,0.97,0.93396771,3.37,4.048707962,3.37,3.496178389,3.37,3.677052259,3.37,3.623209476,0.82,2.434625626,0.82,1.755558014,0.82,1.803851843,0.82,1.844938517,0.64,0.556942344,0.64,0.530041099,0.64,0.590694904,0.64,0.293941081,0.95,0.962908983,0.95,0.793955684,0.95,0.937686324,0.95,1.013354778,4.02,4.162168026,4.02,3.784637213,4.02,4.179993629,4.02,4.069667339,0.95,1.29260838,0.95,0.952617764,0.95,1.177790284,0.95,0.989308119,4.38,4.443524837,4.38,4.425952911,4.38,4.466482162,4.38,4.664994717,9.7,8.203119278,9.7,9.481144905,9.7,8.891544342,9.7,9.296898842,0.6,0.709195971,0.6,0.293748826,0.6,0.784017861,0.6,0.835356474,7.94,5.414603233,7.94,5.094307899,7.94,5.841517448,7.94,5.642861366,0.69,0.526258707,0.69,0.703099728,0.69,0.578346968,0.69,0.561688244,8.6,8.459753036,8.6,8.189523697,8.6,9.499917984,8.6,9.28885746,3.75,4.007305622,3.75,3.959490538,3.75,4.198148727,3.75,4.000166893,7.89,7.318892956,7.89,7.825066566,7.89,8.415314674,7.89,8.183778763,3.64,3.676677704,3.64,3.71514082,3.64,3.911446333,3.64,4.042105675,6.26,6.6414361,6.26,6.947268009,6.26,6.844700813,6.26,6.653847694,0.6,0.880363941,0.6,0.362001508,0.6,0.686420083,0.6,0.841479182,0.95,1.053064823,0.95,0.905249476,0.95,0.949148178,0.95,0.927998841,6.47,6.130857944,6.47,5.973619461,6.47,6.445605278,6.47,5.973267078,8.6,8.797092438,8.6,8.566515923,8.6,9.84852314,8.6,9.139510155,6.48,6.168061733,6.48,6.46412468,6.48,6.131848335,6.48,6.254053116,8.4,8.455680847,8.4,8.436594963,8.4,8.894935608,8.4,8.632318497,0.8,0.814911604,0.8,0.455320865,0.8,0.766771495,0.8,0.843543887,0.9,0.846220255,0.9,1.052786469,0.9,1.13378644,0.9,0.788405836,0.81,0.843297958,0.81,0.828388095,0.81,0.828135252,0.81,0.811823428,0.95,0.959317684,0.95,1.104377627,0.95,0.947772384,0.95,1.020502925,6.15,6.316306591,6.15,6.338258743,6.15,6.633750916,6.15,6.089208603,0.95,0.955036163,0.95,0.906137824,0.95,1.020110607,0.95,0.995337486,6.47,6.330207825,6.47,6.366122246,6.47,6.733187675,6.47,6.144724369,0.95,0.927817702,0.95,1.000723004,0.95,0.954408288,0.95,0.966866016,0.81,0.858313441,0.81,0.832134128,0.81,0.890427589,0.81,0.828411639,8,7.809238434,8,7.61221981,8,7.535301208,8,7.61972332,0.84,0.97193408,0.84,0.71372664,0.84,0.964368761,0.84,0.795583189,8,7.828194141,8,7.638404846,8,7.501211166,8,7.67062521,0.84,0.90228653,0.84,0.799777865,0.84,1.025804758,0.84,0.930508137,6.47,5.949003696,6.47,6.003529072,6.47,6.255208969,6.47,6.028665066,0.81,0.882906914,0.81,0.840016246,0.81,0.917109251,0.81,0.846537769,6.12,5.929174423,6.12,5.737215042,6.12,5.775671005,6.12,6.160999775,1.05,1.050972223,1.05,1.010360122,1.05,1.109551907,1.05,0.934902251,6.26,6.532707691,6.26,6.542678833,6.26,6.582224846,6.26,6.511655807,3.75,3.678683043,3.75,3.660594702,3.75,3.790433645,3.75,3.779518127,0.95,0.975918412,0.95,0.81142652,0.95,1.038119316,0.95,0.968995452,3.75,3.680375814,3.75,3.664723635,3.75,3.81120801,3.75,3.844061852,0.95,1.048882246,0.95,0.721306205,0.95,0.933561325,0.95,0.919106543,0.68,0.733897924,0.68,0.786012292,0.68,0.90245688,0.68,1.359565258,0.95,0.976616621,0.95,0.921312094,0.95,0.983626366,0.95,0.928142488,0.81,1.031806827,0.81,0.902785182,0.81,0.929901123,0.81,0.879366994,0.95,0.973143101,0.95,0.974060297,0.95,0.956156969,0.95,0.921668112,0.77,0.877340436,0.77,0.906102955,0.77,0.917858064,0.77,0.8835693,0.95,0.977260113,0.95,0.873173118,0.95,0.986690521,0.95,0.970545292,0.68,0.832341194,0.68,0.598011851,0.68,0.899568737,0.68,1.241490602,5.1,5.284403801,5.1,5.183393955,5.1,5.855425835,5.1,5.412593365,6.15,5.948863029,6.15,5.876682758,6.15,6.106274605,6.15,6.176891804,6.8,6.851901054,6.8,6.970125198,6.8,7.022768974,6.8,6.924644947,3.95,4.441308022,3.95,4.025993347,3.95,4.508148193,3.95,4.14252758,9.7,9.210231781,9.7,9.487238884,9.7,9.033926964,9.7,9.295013428,5.73,5.980293751,5.73,6.076400757,5.73,6.330698013,5.73,6.336928368,0.95,0.981306434,0.95,0.906415164,0.95,0.964032173,0.95,0.921822488,6.06,6.620132923,6.06,6.454580307,6.06,6.578502655,6.06,6.546610832,1.3,2.317640543,1.3,1.835591674,1.3,1.990977049,1.3,2.473427534,0.6,0.899755478,0.6,0.755215764,0.6,1.044065118,0.6,1.090831041,9.7,9.167381287,9.7,9.354854584,9.7,9.106030464,9.7,9.340997696,3.64,3.778856516,3.64,3.504627705,3.64,3.713115692,3.64,4.072293758,8.4,8.396613121,8.4,8.494102478,8.4,8.449765205,8.4,8.602120399,3.64,3.775359869,3.64,3.506873131,3.64,3.708754301,3.64,4.085420609,6.1,6.135828018,6.1,5.969370365,6.1,6.676670074,6.1,6.096859455,0.77,0.717344761,0.77,1.0363729,0.77,0.824689507,0.77,0.933466852,0.95,0.881999731,0.95,0.698713899,0.95,1.027664542,0.95,1.075161219,5.73,6.135714531,5.73,6.000336647,5.73,6.197045326,5.73,6.134852409,0.95,1.254810214,0.95,1.048572183,0.95,1.01505518,0.95,0.996737599,4.42,4.563685417,4.42,4.478913307,4.42,4.481139183,4.42,4.602194786,6.26,6.016758919,6.26,6.183246613,6.26,6.372826576,6.26,6.183115959,0.84,0.859825134,0.84,0.996747851,0.84,0.98371172,0.84,0.914465785,5.27,6.095103264,5.27,5.577706337,5.27,6.010689735,5.27,5.810821056,0.77,0.939593196,0.77,1.100822568,0.77,0.757471502,0.77,0.94200176,7.1,7.068693161,7.1,6.865154266,7.1,7.258036613,7.1,6.687150478,0.94,0.815457344,0.94,1.108370662,0.94,1.040684462,0.94,0.786614835,3.12,3.200751543,3.12,3.342936277,3.12,3.497333288,3.12,3.391403913,0.86,0.708961487,0.86,0.557254672,0.86,0.882281542,0.86,0.709120929,2.93,2.970399857,2.93,2.579121351,2.93,2.759482622,2.93,3.062265873,0.6,0.760451794,0.6,0.875597,0.6,0.822421014,0.6,0.642197311,0.95,0.992642403,0.95,1.017912269,0.95,0.793809414,0.95,0.962664843
0.59,0.320359677,0.59,1.43892777,0.59,-0.053543448,0.59,0.105293423,3.12,4.527312756,3.12,4.822042465,3.12,4.526442528,3.12,4.379794598,1.63,1.324815035,1.63,1.936656833,1.63,1.971718431,1.63,2.209175825,8.02,6.581954956,8.02,6.809762478,8.02,7.787653923,8.02,6.906965733,4.1,3.875746965,4.1,5.393028736,4.1,5.16033268,4.1,4.933845043,0.95,0.847013831,0.95,1.034691691,0.95,1.02638185,0.95,1.026462317,0.85,0.879471779,0.85,0.222958654,0.85,0.773821056,0.85,1.140059233,0.86,1.634336829,0.86,1.46869278,0.86,1.957240582,0.86,1.632153749,0.56,-0.032432824,0.56,0.639846087,0.56,0.767729163,0.56,0.725711644,1.04,0.820573926,1.04,0.765385568,1.04,0.666639626,1.04,0.605735064,4.4,4.276458263,4.4,4.26816082,4.4,4.462443352,4.4,4.154195786,0.95,1.454542398,0.95,0.957852721,0.95,0.979845524,0.95,1.065794945,0.59,0.569295883,0.59,0.965304017,0.59,0.789805353,0.59,1.147562504,3.64,3.669048309,3.64,3.288238287,3.64,3.60841465,3.64,4.130336285,0.84,0.980677485,0.84,0.871625066,0.84,0.993460059,0.84,1.045942068,8.71,6.979157448,8.71,7.099829674,8.71,6.637570381,8.71,6.52043581,4.75,4.802913189,4.75,4.280123234,4.75,4.441875458,4.75,4.127444267,1.1,1.834916115,1.1,1.248467922,1.1,1.138742924,1.1,1.538281679,1.05,1.228183031,1.05,0.844498515,1.05,1.1039083,1.05,0.884167135,8,7.554802418,8,7.402872562,8,7.448319435,8,7.406177998,2.16,2.178465128,2.16,1.904336333,2.16,2.149522781,2.16,2.174674988,0.95,1.036226392,0.95,1.020934939,0.95,0.947104633,0.95,1.025430679,6.47,5.241116524,6.47,5.743793488,6.47,5.470846176,6.47,5.831427574,7.44,8.495077133,7.44,7.990427971,7.44,8.129804611,7.44,7.970326424,0.69,0.545170069,0.69,0.709044576,0.69,0.565525293,0.69,0.482886255,6.47,5.277015686,6.47,5.203229427,6.47,5.839006424,6.47,5.484985352,6.06,6.195448875,6.06,6.798395634,6.06,7.116808891,6.06,7.142320156,1.04,1.009512782,1.04,0.907410324,1.04,1.074779987,1.04,0.991874814,0.77,0.803453922,0.77,0.61715436,0.77,0.615701735,0.77,0.844827116,0.95,0.930803537,0.95,0.850472331,0.95,0.935374141,0.95,1.016274929,3.37,3.4985888,3.37,3.596334696,3.37,3.680272818,3.37,3.691764355,6.15,5.919520378,6.15,5.69131422,6.15,6.100986481,6.15,6.540210247,2.72,2.325913191,2.72,2.344219446,2.72,2.137428761,2.72,2.275566101,9.7,8.459517479,9.7,9.053533554,9.7,9.456473351,9.7,9.10774231,6.47,6.046791077,6.47,5.832731724,6.47,6.334385872,6.47,5.925256729,8.4,8.250059128,8.4,8.520594597,8.4,9.053861618,8.4,8.520454407,6.48,6.17297411,6.48,6.403046608,6.48,6.143509865,6.48,6.318333626,0.95,1.019295692,0.95,0.896127343,0.95,1.000933886,0.95,0.986828089,0.6,0.392748535,0.6,0.553144932,0.6,0.619304419,0.6,0.645716727,5.1,5.378658295,5.1,5.310451984,5.1,5.271431923,5.1,4.81695652,4.36,5.381932735,4.36,5.529250622,4.36,5.04830265,4.36,5.172570229,0.86,1.206679583,0.86,0.854755163,0.86,0.845897436,0.86,1.383176327,2.72,2.154365301,2.72,2.212877989,2.72,2.303900242,2.72,2.072022438,0.95,1.151783943,0.95,0.677002788,0.95,0.908659935,0.95,0.92177707,6.48,6.291311264,6.48,6.229154587,6.48,6.156354904,6.48,6.162949562,0.95,1.029907942,0.95,0.904990077,0.95,0.951563358,0.95,0.927139938,4.5,4.651835442,4.5,4.373065948,4.5,4.474451065,4.5,4.556575298,0.95,0.984398842,0.95,0.913542867,0.95,1.016045928,0.95,0.930747271,4.88,5.083256245,4.88,5.042193413,4.88,5.061500549,4.88,4.751291275,1.49,1.772087932,1.49,1.530617476,1.49,1.802508354,1.49,1.640756607,4.32,4.633869171,4.32,4.380799294,4.32,4.47755146,4.32,4.561514854,0.76,0.873419762,0.76,0.674925208,0.76,0.692832589,0.76,0.896771848,0.75,0.728137255,0.75,0.613284945,0.75,0.907364845,0.75,0.768766999,0.95,0.92684114,0.95,0.972408652,0.95,0.948338747,0.95,1.019078493,0.84,0.902213335,0.84,0.810553908,0.84,1.03560853,0.84,0.90571022,1.49,1.845567465,1.49,1.49436903,1.49,1.753645182,1.49,1.641876936,6.15,5.922477722,6.15,5.846392632,6.15,6.170514107,6.15,5.860385895,0.95,0.988018751,0.95,0.90824914,0.95,1.064477086,0.95,1.090128422,6.06,6.505859375,6.06,6.401510239,6.06,6.744337082,6.06,6.35554409,2.8,3.258333921,2.8,2.93756938,2.8,3.539638042,2.8,3.308680534,0.73,1.203978777,0.73,1.323177576,0.73,1.274121046,0.73,1.357773542,2.12,1.906989336,2.12,2.111205816,2.12,2.227980375,2.12,2.241372824,6.64,6.483113766,6.64,6.239419937,6.64,6.406634331,6.64,6.809035301,5.98,5.839706898,5.98,5.685879707,5.98,5.966334343,5.98,6.27721405,0.81,1.031806827,0.81,0.902785182,0.81,0.929901123,0.81,0.879366994,6.47,5.929722309,6.47,5.853665352,6.47,6.347111702,6.47,6.149206161,2.79,2.903728724,2.79,2.774585724,2.79,3.116454363,2.79,2.824444294,7.1,6.832658768,7.1,6.950945377,7.1,7.120776176,7.1,7.14260006,5.73,6.133568287,5.73,6.207994938,5.73,6.32843399,5.73,6.411178112,5.1,4.424919605,5.1,4.420248508,5.1,4.790205002,5.1,4.793401718,0.59,0.599469185,0.59,0.798971534,0.59,0.751714051,0.59,0.581410706,4.2,4.117481232,4.2,4.262793541,4.2,4.4313097,4.2,4.394589901,4.36,5.435361385,4.36,5.293783665,4.36,5.63346386,4.36,5.282013893,0.95,1.153872252,0.95,0.846978784,0.95,1.086711884,0.95,1.080975056,9.45,9.179576874,9.45,9.648706436,9.45,9.664106369,9.45,9.67999649,7.89,7.528939247,7.89,7.832196712,7.89,7.808046341,7.89,7.777812958,9.45,9.196024895,9.45,9.665994644,9.45,9.674173355,9.45,9.709856987,4.7,4.892234802,4.7,4.838648796,4.7,5.189299583,4.7,4.79080677,6.47,6.497267246,6.47,6.565649033,6.47,6.753986359,6.47,6.920658588,8,7.605233192,8,7.555616379,8,7.684731483,8,7.73177433,4.32,4.520456314,4.32,4.474609375,4.32,4.497320175,4.32,4.562607288,0.95,0.986160278,0.95,0.893958807,0.95,0.86412406,0.95,0.970826268,4.85,4.906178474,4.85,4.762582302,4.85,4.947976112,4.85,4.587669849,6.8,6.834973335,6.8,6.779601097,6.8,7.13398838,6.8,7.099443913,6.64,6.408480644,6.64,6.240709782,6.64,6.45015049,6.64,6.839966774,0.95,1.130665779,0.95,0.941075444,0.95,0.976551294,0.95,1.028061628,4.51,4.412744522,4.51,4.379200935,4.51,4.478112221,4.51,4.5121665,0.95,0.99929738,0.95,0.922218084,0.95,0.88437438,0.95,0.927396595,0.6,0.580414891,0.6,0.784243584,0.6,0.742627382,0.6,0.594239652,0.95,0.935023308,0.95,0.653932452,0.95,0.956646442,0.95,0.896509528,1.05,1.041839838,1.05,0.700549006,1.05,1.121543169,1.05,0.877404153,3.75,3.557504416,3.75,3.508426189,3.75,3.828588009,3.75,3.707445621,2.79,2.965890408,2.79,2.836329699,2.79,2.901532412,2.79,2.947395325,7.94,5.727543354,7.94,5.919658184,7.94,6.409838676,7.94,6.109336853,0.77,0.99490273,0.77,1.116679668,0.77,0.759765446,0.77,0.859391391,0.95,0.907470763,0.95,0.856084943,0.95,0.960512638,0.95,0.962813854,5.73,6.033583641,5.73,6.030342102,5.73,6.075350761,5.73,6.103430748,5.9,5.439501762,5.9,5.867704391,5.9,6.392698288,5.9,6.199400902,1.49,1.88972342,1.49,1.825232625,1.49,1.860670328,1.49,1.803299665,0.95,1.007796288,0.95,0.951040268,0.95,0.903119087,0.95,0.921283424
0.8,0.753055573,0.8,0.530802608,0.8,1.178299427,0.8,0.624390721,8.6,2.148649693,8.6,1.337834597,8.6,2.117084265,8.6,2.128187418,0.67,0.309138805,0.67,0.67370832,0.67,0.949514985,0.67,0.62127924,1.63,1.400825977,1.63,1.889727592,1.63,1.152003527,1.63,1.301815271,0.7,-0.346402436,0.7,0.654998541,0.7,0.617330432,0.7,0.881250322,0.76,1.221235752,0.76,0.999365091,0.76,0.794869065,0.76,1.19068253,0.84,0.97848767,0.84,0.785907149,0.84,1.016637325,0.84,0.756701231,6.26,7.124614716,6.26,6.09487772,6.26,5.849843025,6.26,6.379749298,0.64,0.69699657,0.64,-0.023978852,0.64,0.702080965,0.64,0.692616463,0.97,0.470586866,0.97,0.851186693,0.97,0.215937495,0.97,0.873857915,0.84,0.919313312,0.84,0.90851748,0.84,0.952134728,0.84,0.9604159,0.95,0.923248351,0.95,1.145382762,0.95,0.952076912,0.95,0.926599383,5.73,6.564368248,5.73,6.281504154,5.73,7.228265762,5.73,6.395754814,8,7.567254066,8,6.627754688,8,7.755688667,8,7.652525425,0.7,0.676017523,0.7,0.509405255,0.7,0.733983696,0.7,0.885706663,0.95,1.302961946,0.95,0.94748342,0.95,0.986809731,0.95,0.995377302,4.5,4.463572502,4.5,4.350615501,4.5,4.470877647,4.5,4.545520306,7.89,7.468411446,7.89,7.262965202,7.89,7.057656288,7.89,7.228508472,6.06,6.970376492,6.06,6.666323662,6.06,7.774365425,6.06,6.847286224,6.15,5.941982746,6.15,6.064349174,6.15,6.497696877,6.15,6.497934341,0.85,0.613433838,0.85,0.741286218,0.85,0.760593414,0.85,0.794567227,0.56,0.860423088,0.56,0.645646811,0.56,1.019985676,0.56,0.80095613,0.69,0.570153475,0.69,0.684159398,0.69,0.568796933,0.69,0.455494463,7.1,6.287350178,7.1,6.013651848,7.1,6.674165726,7.1,6.582518578,0.7,0.673627496,0.7,0.690954447,0.7,0.828903377,0.7,0.628423452,3.2,3.893193483,3.2,3.947104216,3.2,3.81028676,3.2,3.442396164,6.47,6.745890617,6.47,6.406125546,6.47,6.870275497,6.47,6.737898827,4.68,5.014894962,4.68,4.735990047,4.68,5.344621658,4.68,5.260863304,3.75,3.977741957,3.75,3.880110264,3.75,4.329242706,3.75,4.019499302,0.95,1.001538634,0.95,0.881752849,0.95,0.935665786,0.95,0.927755177,0.7,0.530511856,0.7,0.625174165,0.7,0.750275195,0.7,0.60096997,0.95,1.180079937,0.95,0.90781486,0.95,1.168551207,0.95,1.004771709,0.69,0.528776646,0.69,0.68880403,0.69,0.599171162,0.69,0.655859113,5.98,5.798560619,5.98,6.195897102,5.98,6.419584274,5.98,6.162456512,4.75,4.549844742,4.75,5.012183189,4.75,4.800510406,4.75,5.209471703,0.95,0.966445208,0.95,0.960745692,0.95,0.935280442,0.95,0.922541738,0.69,0.529742479,0.69,0.666157126,0.69,0.626758456,0.69,0.759137273,0.95,0.983638406,0.95,0.874200702,0.95,0.937927604,0.95,0.926612735,6.47,6.233094215,6.47,6.139941692,6.47,6.577817917,6.47,6.127155781,5.27,5.587669373,5.27,5.410452366,5.27,5.605727196,5.27,5.603758812,0.6,0.823085308,0.6,0.465235084,0.6,0.77785486,0.6,0.849588156,2.71,2.69191885,2.71,2.735139608,2.71,2.867454052,2.71,2.999461174,0.64,0.662684441,0.64,0.597114444,0.64,0.66434741,0.64,0.396760941,6.1,6.546883583,6.1,6.128136635,6.1,6.22842598,6.1,6.216219902,1.42,1.553421497,1.42,1.549761415,1.42,1.50137651,1.42,1.515320063,7.1,5.490230083,7.1,5.686189175,7.1,5.615804672,7.1,6.076099873,0.7,0.736503124,0.7,0.656628728,0.7,1.082204461,0.7,0.882493675,8.02,8.135793686,8.02,7.961827278,8.02,8.331213951,8.02,8.664281845,0.69,0.526807785,0.69,0.574612498,0.69,0.682141185,0.69,0.621974826,1.3,2.433280706,1.3,2.16424799,1.3,2.104392052,1.3,2.333400488,0.6,0.675792217,0.6,0.691306114,0.6,0.514483154,0.6,0.650981247,0.95,0.963151336,0.95,0.95614326,0.95,0.945186615,0.95,0.921922326,4.52,4.355055332,4.52,4.363245487,4.52,4.468808174,4.52,4.457665443,4.8,5.209589481,4.8,5.455617428,4.8,5.388544083,4.8,5.878602982,0.84,0.902213335,0.84,0.810553908,0.84,1.03560853,0.84,0.90571022,0.95,0.88726747,0.95,0.979315877,0.95,1.03883338,0.95,0.991544604,4.88,5.130922318,4.88,4.869874001,4.88,4.979417801,4.88,4.736841202,2.62,2.409653902,2.62,2.331047058,2.62,2.398889303,2.62,2.91539216,2.16,2.286454678,2.16,2.198282957,2.16,2.26635313,2.16,2.300422907,0.95,0.950617194,0.95,0.929926753,0.95,1.114893675,0.95,1.035922647,0.6,0.773144305,0.6,0.813194394,0.6,0.498953491,0.6,0.479090393,1.88,1.948711157,1.88,1.528201818,1.88,1.801958084,1.88,1.596991539,0.93,1.051941872,0.93,1.234955192,0.93,1.105512857,0.93,1.084347367,7.1,5.258522987,7.1,5.364899635,7.1,5.489890099,7.1,5.857917786,0.94,1.051637173,0.94,0.93882072,0.94,0.87186718,0.94,0.871885657,1.49,1.866057396,1.49,1.453626871,1.49,1.696622729,1.49,1.521794558,0.67,0.691986084,0.67,0.763919711,0.67,0.877745628,0.67,0.73020339,9.7,9.304659843,9.7,9.675297737,9.7,9.050484657,9.7,9.300450325,0.69,0.516446352,0.69,0.439499229,0.69,0.72197473,0.69,0.627399147,0.95,0.980325103,0.95,0.923241377,0.95,0.96006608,0.95,0.921692312,1.88,1.932964802,1.88,1.825236559,1.88,2.025021076,1.88,1.792778254,2.71,2.272975683,2.71,2.490459442,2.71,2.741430759,2.71,2.783720493,4.39,4.515940666,4.39,4.50783968,4.39,4.491195679,4.39,4.553508282,8.6,8.753684998,8.6,9.078248024,8.6,8.772917747,8.6,8.997790337,4.1,3.876545191,4.1,3.534135342,4.1,3.770932198,4.1,4.080221176,8,7.62408638,8,7.593191624,8,7.627048492,8,7.796147346,0.59,0.652126074,0.59,0.862848163,0.59,0.645024955,0.59,0.595902264,0.95,0.670153975,0.95,0.864494562,0.95,1.096033573,0.95,0.927354872,0.6,0.507717967,0.6,0.692880511,0.6,0.662834883,0.6,0.54628104,0.76,0.67838788,0.76,0.588894248,0.76,0.693208635,0.76,0.764272213,4.51,4.396084309,4.51,4.395702362,4.51,4.491114616,4.51,4.498502731,0.97,0.794420242,0.97,0.785332561,0.97,1.435844541,0.97,1.42363286,0.84,0.923084259,0.84,0.914057136,0.84,1.021577477,0.84,0.875492036,4.2,4.045104504,4.2,4.354588509,4.2,4.488548279,4.2,4.431555748,1.93,1.936277628,1.93,1.73743093,1.93,2.032042265,1.93,2.063898325,1.04,1.201999068,1.04,1.159324527,1.04,1.05182147,1.04,1.02970171,9.45,9.341658592,9.45,9.663305283,9.45,9.775960922,9.45,9.682623863,0.86,0.633215666,0.86,1.02353251,0.86,1.246327639,0.86,1.354518652,4.88,4.994102955,4.88,4.864898682,4.88,4.899256706,4.88,4.66211319,0.95,0.986517191,0.95,0.806703925,0.95,0.837319374,0.95,0.984924316,0.68,1.132603645,0.68,0.962764382,0.68,1.281871319,0.68,1.101240158,3.12,3.265233517,3.12,3.244263649,3.12,3.427321911,3.12,3.330455542,0.69,0.488938063,0.69,0.169413418,0.69,0.642099261,0.69,0.73307842,4.7,5.309622765,4.7,4.847976685,4.7,5.455731392,4.7,5.221394062,1.42,1.845602751,1.42,1.852650285,1.42,1.583857059,1.42,1.690160275,0.95,0.985446692,0.95,0.770659089,0.95,0.817020416,0.95,1.078209639,0.73,0.950166225,0.73,0.357360691,0.73,0.99691987,0.73,0.915997565,6.26,5.768933773,6.26,6.278356552,6.26,6.263725281,6.26,6.005971432,6.64,6.479969025,6.64,6.099160194,6.64,6.449422836,6.64,6.768932819,0.95,0.925368786,0.95,0.886925459,0.95,0.993646145,0.95,0.980080485
0.6,0.07,0.6,0.109846927,0.6,0.453409672,0.6,0.649730921,8,6.849611282,8,7.358742237,8,7.97286129,8,7.583943367,4.4,3.894790888,4.4,4.195492744,4.4,4.457464218,4.4,4.03907156,0.95,0.754570484,0.95,1.082819581,0.95,0.944986343,0.95,0.879399478,0.86,0.724500656,0.86,0.74406141,0.86,0.765770197,0.86,1.139281988,2.71,3.952834129,2.71,5.361929893,2.71,4.69875145,2.71,4.149896622,4.88,5.628080368,4.88,5.557368755,4.88,5.910567284,4.88,5.444964409,0.95,0.893081903,0.95,1.017248988,0.95,1.008492708,0.95,1.023828983,0.86,0.604448795,0.86,0.572486281,0.86,0.856779814,0.86,0.908064425,0.95,0.566278934,0.95,0.891911745,0.95,1.142231584,0.95,1.021444082,2.72,2.68592,2.72,2.697687864,2.72,2.454606771,2.72,2.978462219,3.2,5.388923645,3.2,5.059373856,3.2,4.780359268,3.2,4.600259304,4.85,4.743438721,4.85,4.44419384,4.85,4.153476238,4.85,4.310857773,0.95,0.656167746,0.95,1.207766533,0.95,0.945297658,0.95,0.920124412,4.4,4.232539654,4.4,4.209630013,4.4,4.45721817,4.4,4.269239426,0.7,1.456879139,0.7,1.141843915,0.7,1.330958724,0.7,1.240977645,0.67,0.645950317,0.67,0.549304366,0.67,0.543940663,0.67,0.686809421,9.7,8.056485176,9.7,8.161472321,9.7,8.653067589,9.7,8.838757515,0.87,0.992799163,0.87,0.905637622,0.87,0.888920784,0.87,0.928773463,1.04,0.910277247,1.04,0.722662449,1.04,1.111988306,1.04,0.764546633,6.47,5.231368542,6.47,5.824969292,6.47,5.450279236,6.47,5.805932999,4.68,5.065201759,4.68,4.673922539,4.68,4.968779564,4.68,5.505665779,0.86,0.852162957,0.86,0.500723243,0.86,0.992400408,0.86,0.719493687,7.89,7.288871288,7.89,8.507055283,7.89,8.037297249,7.89,8.154129982,4.88,5.063985825,4.88,5.153707027,4.88,5.587305069,4.88,5.20711422,7.1,5.051837921,7.1,5.524329185,7.1,5.891486168,7.1,5.74858427,1.49,1.81285274,1.49,2.025417089,1.49,1.734480143,1.49,1.451659203,1.04,0.632032871,1.04,1.234840035,1.04,1.01463747,1.04,1.148728609,3.75,3.977741957,3.75,3.880110264,3.75,4.329242706,3.75,4.019499302,0.95,1.367241263,0.95,0.790232182,0.95,0.939082384,0.95,0.853827596,0.59,0.463570565,0.59,0.533195734,0.59,0.693824172,0.59,0.833545268,7.89,7.655069351,7.89,7.617311954,7.89,7.820445061,7.89,7.844034672,4.4,4.375058174,4.4,4.439530373,4.4,4.459059715,4.4,4.620461464,7.89,7.712889671,7.89,7.652544498,7.89,7.793174744,7.89,7.955419064,4.4,4.402166367,4.4,4.426787853,4.4,4.459853172,4.4,4.587692261,0.95,1.037721515,0.95,0.767672658,0.95,1.073107481,0.95,1.026685119,6.64,6.345458031,6.64,6.519359112,6.64,6.28055954,6.64,6.445502281,6.26,6.714356899,6.26,7.086352348,6.26,6.709816933,6.26,6.511353016,0.6,0.392748535,0.6,0.553144932,0.6,0.619304419,0.6,0.645716727,0.82,1.550687075,0.82,1.130362153,0.82,1.264386654,0.82,0.970564187,3.04,3.120185614,3.04,2.464370012,3.04,2.969082832,3.04,2.860408783,0.76,0.783027649,0.76,0.520063281,0.76,0.691537619,0.76,0.785571337,0.67,0.745968103,0.67,0.881366134,0.67,0.890864611,0.67,0.804876149,0.95,0.982249022,0.95,0.904406428,0.95,1.000726104,0.95,0.930522859,3.95,4.089664459,3.95,4.247078419,3.95,4.259308815,3.95,3.926751375,0.95,1.054640889,0.95,0.89540267,0.95,0.980342805,0.95,0.918008447,4.42,4.692367077,4.42,4.385531425,4.42,4.475964546,4.42,4.572209835,3.75,3.759061098,3.75,3.403760433,3.75,3.912232399,3.75,3.872009516,2.16,2.142384291,2.16,2.206389666,2.16,2.276466131,2.16,2.110595465,0.95,0.984093785,0.95,0.915443897,0.95,1.017339826,0.95,0.930672288,4.31,4.613604546,4.31,4.374305248,4.31,4.476794243,4.31,4.553698063,2.93,2.652977228,2.93,3.017855883,2.93,3.037469387,2.93,3.58859992,0.73,1.284610868,0.73,1.323271513,0.73,1.174684763,0.73,1.417436838,0.95,0.919580936,0.95,0.917638183,0.95,0.989640236,0.95,0.984254539,0.94,0.918556571,0.94,0.887592196,0.94,0.902919531,0.94,0.84366852,1.1,1.660850763,1.1,1.449856162,1.1,1.348112106,1.1,1.156450987,0.6,0.826446652,0.6,0.788690329,0.6,0.451511919,0.6,0.576856554,1.04,0.891132116,1.04,0.922308087,1.04,1.248388171,1.04,0.984897435,6.48,6.337918282,6.48,6.042071819,6.48,6.232484818,6.48,6.450572968,0.95,0.921668887,0.95,0.786892295,0.95,0.947560787,0.95,0.89410919,2.16,2.312417984,2.16,2.182723761,2.16,2.273156881,2.16,2.273955822,8.4,8.745760918,8.4,8.938296318,8.4,8.515501022,8.4,8.654526711,7.62,6.433579445,7.62,6.438783646,7.62,6.432977676,7.62,6.463321686,0.95,0.986296415,0.95,0.932275176,0.95,0.990823746,0.95,0.930552959,7.62,6.36678791,7.62,6.436583996,7.62,6.439813614,7.62,6.513987064,2.8,3.318640471,2.8,3.010245085,2.8,3.603227377,2.8,3.316651344,0.69,0.517802,0.69,0.503702521,0.69,0.725887775,0.69,0.588776112,3.62,3.140126228,3.62,2.741199493,3.62,3.287230253,3.62,3.146601915,9.45,9.071604729,9.45,9.494353294,9.45,9.482283592,9.45,9.395602226,0.95,0.808927894,0.95,1.097341061,0.95,0.906552434,0.95,1.045983076,0.67,0.68012774,0.67,0.681269526,0.67,0.830854177,0.67,0.714663506,0.95,0.820484042,0.95,0.837858081,0.95,1.002971411,0.95,0.908080339,3.6,3.656360388,3.6,3.286160231,3.6,3.472075701,3.6,3.746436834,0.95,0.940048933,0.95,0.894079924,0.95,0.968088388,0.95,0.972441673,0.6,0.603186369,0.6,0.694878221,0.6,0.633360744,0.6,0.529306352,4.7,4.829922199,4.7,4.85430336,4.7,5.172448158,4.7,4.754066467,0.7,0.888454437,0.7,0.530834317,0.7,0.887964785,0.7,1.08871603,0.95,0.981028318,0.95,0.898945808,0.95,0.944864035,0.95,0.925189972,4.85,4.84756279,4.85,4.694369316,4.85,4.980454445,4.85,4.557126045,3.18,3.018779278,3.18,2.757635832,3.18,2.966256618,3.18,2.837203503,1.88,1.881914616,1.88,1.847552299,1.88,2.019153118,1.88,1.767147303,0.93,0.055734366,0.93,0.810215116,0.93,0.721302629,0.93,0.82341522,1.88,1.909008503,1.88,1.849257827,1.88,2.015567541,1.88,1.759075403,8,7.56731987,8,7.554772377,8,7.742413521,8,7.66740036,4.36,4.462805271,4.36,4.419987202,4.36,4.487527847,4.36,4.536275864,2.62,2.295669079,2.62,2.794411421,2.62,2.780675173,2.62,2.948998213,0.64,0.576502085,0.64,0.621314883,0.64,0.844214201,0.64,0.624218881,7.44,7.658248425,7.44,7.64187336,7.44,7.812689781,7.44,7.926825523,0.69,1.019968271,0.69,1.073785663,0.69,0.590171099,0.69,0.722244263,7.89,7.651227951,7.89,7.604820251,7.89,7.966412544,7.89,7.915410042,4.32,4.511354446,4.32,4.441977024,4.32,4.472063065,4.32,4.581212044,3.64,3.462460756,3.64,2.837348223,3.64,3.272848845,3.64,3.759050608,0.73,0.947159767,0.73,0.517964244,0.73,1.000188828,0.73,0.862493992,6.6,7.01271677,6.6,6.999115467,6.6,7.351707458,6.6,7.011649132,1.49,1.851366043,1.49,1.74555397,1.49,1.859696865,1.49,1.727711916,0.95,0.818677425,0.95,0.694278598,0.95,1.129184246,0.95,0.868178725,0.81,0.845912576,0.81,1.095177531,0.81,1.136278152,0.81,0.80094403,5.1,4.276303768,5.1,4.134083748,5.1,4.950217247,5.1,4.678239346,3.6,3.530592442,3.6,3.283507347,3.6,3.48511529,3.6,3.974917889,0.97,0.909892797,0.97,1.274289966,0.97,1.645132899,0.97,1.692252159
4.32,4.673362255,4.32,4.298778534,4.32,4.586309433,4.32,4.499859333,5.98,5.103997231,5.98,4.698510647,5.98,4.863380432,5.98,4.04833889,3.95,3.440407276,3.95,3.108226061,3.95,3.008259296,3.95,3.133043051,8.6,2.372685909,8.6,1.621891379,8.6,2.049359322,8.6,2.25273633,0.77,-0.466283947,0.77,0.78288126,0.77,0.841088653,0.77,0.668483436,0.95,1.001948118,0.95,0.876275897,0.95,1.168437958,0.95,1.059911489,6.47,4.279693127,6.47,5.123324394,6.47,5.149489403,6.47,5.391705513,0.95,1.326547384,0.95,0.971891522,0.95,0.973410606,0.95,1.107429028,4.38,4.546185493,4.38,4.365329742,4.38,4.492677689,4.38,4.477532864,1.1,1.816437364,1.1,1.006737471,1.1,1.310987592,1.1,1.87511754,4.31,4.874806404,4.31,4.368235588,4.31,4.507851601,4.31,4.540318489,8,7.392306328,8,6.312242031,8,7.855689049,8,7.801903248,0.7,0.798273087,0.7,0.513711452,0.7,0.776067138,0.7,0.941214383,6.15,6.536085606,6.15,5.823689461,6.15,6.365190506,6.15,7.363325596,1.93,2.579700708,1.93,2.350869894,1.93,2.195011616,1.93,2.130057573,0.95,0.978801608,0.95,0.859214664,0.95,0.93478018,0.95,1.01782608,7.62,7.28456831,7.62,6.614504337,7.62,7.944253922,7.62,7.391903877,0.95,1.199962497,0.95,1.037553787,0.95,1.111914277,0.95,1.011088133,0.94,0.979023099,0.94,0.882871032,0.94,0.884692192,0.94,0.949686408,7.1,6.02865696,7.1,6.125632763,7.1,6.55307579,7.1,6.629452705,1.42,1.489955783,1.42,1.362137675,1.42,1.722090125,1.42,1.400430679,0.95,0.964721859,0.95,0.797486186,0.95,0.937937379,0.95,1.013551712,0.84,1.084620357,0.84,0.828322291,0.84,1.048262596,0.84,0.883722126,0.9,0.702855229,0.9,1.508985996,0.9,0.966974497,0.9,1.382353544,0.69,0.619770408,0.69,0.647461772,0.69,0.680139542,0.69,0.749108851,0.95,0.946722627,0.95,0.790125728,0.95,0.937413812,0.95,1.012856364,3.04,2.66553092,3.04,2.998973846,3.04,3.262798548,3.04,3.063441753,4.8,4.951036453,4.8,5.173218727,4.8,5.633685112,4.8,5.598835468,0.75,0.81200254,0.75,0.512766719,0.75,0.489628792,0.75,0.724600315,1.1,1.130947948,1.1,1.186811328,1.1,1.491678238,1.1,1.040568352,4.36,4.922584534,4.36,5.286344528,4.36,5.026309013,4.36,5.00978756,0.88,0.76584208,0.88,0.876395524,0.88,1.084478378,0.88,1.1356318,0.84,0.915342569,0.84,0.785295844,0.84,0.982777178,0.84,0.807083309,6.06,6.301774979,6.06,5.964453697,6.06,6.280976295,6.06,6.802304268,6.47,6.585662365,6.47,6.562390327,6.47,6.512013435,6.47,6.91206646,1.88,1.637010217,1.88,1.813762069,1.88,1.949194431,1.88,1.807107925,4.32,4.640275478,4.32,4.507292271,4.32,4.472755432,4.32,4.614304543,5.1,5.120001316,5.1,4.755914211,5.1,5.233929634,5.1,5.308074951,0.69,0.529835939,0.69,0.652745366,0.69,0.63872683,0.69,0.790504932,0.95,0.968595505,0.95,0.936045527,0.95,0.938143432,0.95,0.922766209,1.93,2.243737936,1.93,1.691149831,1.93,2.148424864,1.93,1.862704039,0.93,0.396137565,0.93,0.56685698,0.93,0.860107303,0.93,0.603224635,5.73,6.692633629,5.73,7.061684608,5.73,6.23561573,5.73,6.420031071,3.37,3.107002735,3.37,2.892344236,3.37,3.281194925,3.37,3.098980427,0.69,0.528675556,0.69,0.905213237,0.69,0.803297281,0.69,0.706222475,6.5,6.203279495,6.5,6.488921165,6.5,6.47369957,6.5,6.786183357,6.06,6.751711845,6.06,6.86041975,6.06,7.247955322,6.06,6.60323,3.12,2.434390068,3.12,2.444576025,3.12,2.761557579,3.12,2.644735813,4.85,4.702279091,4.85,4.695979118,4.85,4.758669853,4.85,4.421778679,0.95,1.116698503,0.95,0.730581641,0.95,0.916744232,0.95,0.920431972,2.79,2.702582121,2.79,2.570798635,2.79,2.768560886,2.79,2.562684536,3.75,3.760903597,3.75,3.287797928,3.75,3.889944077,3.75,3.872648478,0.69,0.885165215,0.69,0.825997233,0.69,0.738057375,0.69,0.702672899,0.93,0.344174117,0.93,0.631144524,0.93,0.814467728,0.93,0.387313902,7.62,6.521694183,7.62,6.622537136,7.62,6.486820221,7.62,6.393046379,0.95,0.914285064,0.95,0.949538231,0.95,0.944767833,0.95,0.965078533,0.87,0.969244719,0.87,0.946939349,0.87,0.884141684,0.87,0.846614122,3.75,3.866333008,3.75,3.21291852,3.75,3.867862463,3.75,3.918045998,2.79,2.79747057,2.79,2.684897661,2.79,2.937001944,2.79,2.6795609,3.75,3.901476145,3.75,3.187958002,3.75,3.84531498,3.75,3.910659552,6.06,6.465824127,6.06,6.363465786,6.06,6.700437546,6.06,6.349924088,0.95,0.979036927,0.95,0.825902104,0.95,1.032258749,0.95,0.972591817,4.32,4.517226696,4.32,4.535460949,4.32,4.48374939,4.32,4.544284344,3.75,4.040205956,3.75,3.204073191,3.75,3.857808113,3.75,3.985434771,3.95,4.60649395,3.95,4.126156807,3.95,4.511914253,3.95,4.318214893,1.1,1.565466166,1.1,1.300837874,1.1,1.374922872,1.1,1.411940813,6.64,6.434954643,6.64,6.220076084,6.64,6.38506794,6.64,7.041795254,0.82,0.681865931,0.82,0.485299438,0.82,0.828490555,0.82,0.673930109,6.47,6.465697765,6.47,6.675812244,6.47,6.737317085,6.47,6.847011566,0.95,1.058553815,0.95,0.706287265,0.95,1.012908459,0.95,0.874139786,4.01,4.29800415,4.01,4.009455204,4.01,4.241951942,4.01,4.746140957,0.6,0.988831878,0.6,0.858569384,0.6,0.828500748,0.6,0.728634119,6.64,6.379603386,6.64,6.204978466,6.64,6.369027138,6.64,6.919854164,2.8,3.416243792,2.8,3.132640839,2.8,3.571501255,2.8,3.35011673,1.63,1.835390568,1.63,1.811380148,1.63,1.993263364,1.63,1.758242369,1.1,1.412322521,1.1,1.294819236,1.1,1.410386801,1.1,1.443917751,2.16,2.02873373,2.16,2.144560575,2.16,2.248603106,2.16,2.154205799,0.95,1.03153801,0.95,0.896531463,0.95,0.961382389,0.95,0.943890929,4.02,4.133624554,4.02,3.77649951,4.02,3.938800335,4.02,4.126968861,6.6,6.980699062,6.6,7.022976398,6.6,7.11835289,6.6,7.207850933,0.94,0.73388195,0.94,1.028718829,0.94,0.849788904,0.94,0.807104886,0.76,0.680970788,0.76,0.59992063,0.76,0.713015199,0.76,0.760836124,0.8,0.897671938,0.8,0.738572717,0.8,1.038424134,0.8,0.999872148,7.89,7.894118309,7.89,7.63888073,7.89,7.992174149,7.89,7.822850704,4.1,3.972805738,4.1,3.662199259,4.1,3.89328289,4.1,4.298300743,0.95,0.985552788,0.95,0.834569335,0.95,0.852633476,0.95,0.979762197,3.04,2.895183563,3.04,2.65046525,3.04,2.940750122,3.04,3.161889076,0.95,0.974290609,0.95,0.90372777,0.95,0.970647812,0.95,0.921256304,1.49,1.798258543,1.49,1.733542323,1.49,1.862308979,1.49,1.619241953,2.93,2.844691992,2.93,2.44259429,2.93,2.735132933,2.93,3.011547565,0.81,0.8622123,0.81,1.061172366,0.81,0.956906557,0.81,0.783597291,3.62,3.060619593,3.62,2.780325651,3.62,3.083749533,3.62,3.420709372,4.5,4.473134518,4.5,4.414664745,4.5,4.463839531,4.5,4.568048,0.95,0.948598146,0.95,0.831148028,0.95,1.031730175,0.95,1.009777308,1.05,1.041691542,1.05,0.536592364,1.05,1.114349127,1.05,0.929541349,8.4,8.331015587,8.4,8.222330093,8.4,8.65678215,8.4,8.743702888,4.36,4.464421749,4.36,4.406232834,4.36,4.451483727,4.36,4.579242706,0.95,0.522841096,0.95,0.891635776,0.95,1.101812959,0.95,1.177403212,7.62,6.478161812,7.62,6.339378834,7.62,6.680252075,7.62,6.804167271,0.95,1.292573571,0.95,0.579587579,0.95,1.237217546,0.95,0.798981309
1.63,1.58214426,1.63,1.978106856,1.63,1.346209288,1.63,2.127153873,1.88,1.250859737,1.88,2.788230658,1.88,1.537501216,1.88,1.426813364,0.7,0.846094608,0.7,0.202783495,0.7,1.19111681,0.7,0.859254718,0.95,1.051105857,0.95,0.831570506,0.95,1.066147089,0.95,0.995698512,0.81,0.837046862,0.81,1.000697017,0.81,1.282786846,0.81,0.803018093,3.37,3.433987856,3.37,3.718333483,3.37,4.129464149,3.37,4.087477684,3.64,3.526695967,3.64,3.947509527,3.64,3.751660585,3.64,3.947866201,0.95,1.171900749,0.95,0.779843628,0.95,1.171307564,0.95,0.979806542,0.86,0.604448795,0.86,0.572486281,0.86,0.856779814,0.86,0.908064425,5,6.723145485,5,5.828038692,5,7.245886803,5,7.278246403,2.79,2.39263463,2.79,2.145340681,2.79,2.098534107,2.79,2.064423561,5.27,4.465307713,5.27,4.079997063,5.27,4.278133392,5.27,4.513043404,1.88,2.225902081,1.88,1.959433913,1.88,1.959433913,1.88,2.078749657,0.95,0.830439925,0.95,1.087755561,0.95,0.930249691,0.95,1.021074772,3.37,3.770064592,3.37,3.740866661,3.37,3.804009199,3.37,3.579593658,0.95,0.924892485,0.95,1.058034301,0.95,0.947296023,0.95,1.030296326,0.87,0.976913631,0.87,0.912690997,0.87,0.872029066,0.87,0.925159693,0.95,0.651108503,0.95,1.161419034,0.95,0.932634592,0.95,0.912965715,0.59,0.541240454,0.59,0.812412262,0.59,0.757824361,0.59,0.897794068,0.95,0.700452864,0.95,1.132772446,0.95,0.938743234,0.95,0.917925179,3.37,3.806442738,3.37,3.393981695,3.37,3.747188091,3.37,3.677370548,6.8,6.362909317,6.8,6.987137318,6.8,6.715826035,6.8,6.898080349,3.37,3.642859936,3.37,3.35663271,3.37,3.865044594,3.37,3.775217056,3.18,4.036312103,3.18,4.251703739,3.18,4.623642921,3.18,3.556088448,4.36,4.795677185,4.36,4.998067379,4.36,5.357608795,4.36,5.075973511,8.4,7.935545921,8.4,9.18725872,8.4,8.56569767,8.4,8.788565636,0.77,0.826135397,0.77,0.717104197,0.77,0.677785277,0.77,0.868346691,0.6,0.844867945,0.6,0.739070535,0.6,0.959110975,0.6,0.96308887,3.37,3.451108932,3.37,3.491014719,3.37,3.774375677,3.37,3.689068317,1.3,2.535696745,1.3,2.245173216,1.3,2.149528265,1.3,2.004911184,0.73,0.786784172,0.73,0.791813731,0.73,0.876876593,0.73,0.867715359,3.62,3.236187935,3.62,2.954731941,3.62,2.998138428,3.62,2.822998285,0.59,0.469941825,0.59,0.532258987,0.59,0.698635459,0.59,0.839110911,4.8,5.460855484,4.8,5.162380219,4.8,5.56791687,4.8,5.793334961,0.7,0.831151962,0.7,0.48981604,0.7,1.074070573,0.7,0.823714793,8.71,7.605997562,8.71,7.87617588,8.71,7.712802887,8.71,7.755817413,0.75,0.790871024,0.75,0.550505519,0.75,0.691548109,0.75,0.762001753,0.88,0.855153322,0.88,0.910133719,0.88,1.076084852,0.88,0.941119373,4.5,4.628325462,4.5,4.47123909,4.5,4.470520973,4.5,4.575936794,4.7,5.355361462,4.7,5.12758112,4.7,5.005448341,4.7,5.165310383,2.16,2.110034227,2.16,2.161535501,2.16,2.212964773,2.16,2.059658527,6.1,6.512424946,6.1,6.090060711,6.1,6.215973854,6.1,6.333230019,4.1,4.208122253,4.1,3.753020048,4.1,4.344315529,4.1,4.304945469,7.89,8.105513573,7.89,7.898889542,7.89,7.692684174,7.89,7.955571651,7.62,8.191633224,7.62,7.883853912,7.62,8.123576164,7.62,7.84157896,0.95,0.947496176,0.95,0.921164393,0.95,0.948783517,0.95,1.016259074,1.05,1.093912721,1.05,0.879383922,1.05,1.091737509,1.05,0.979392886,9.7,9.227233887,9.7,8.947428703,9.7,9.344212532,9.7,9.644255638,1.49,1.697443485,1.49,1.651034474,1.49,1.842859983,1.49,1.639897585,0.95,0.910345793,0.95,0.899140716,0.95,1.036589265,0.95,0.976252258,4.36,5.424199104,4.36,5.31486702,4.36,5.308148384,4.36,5.036083221,0.95,0.925480008,0.95,0.898287356,0.95,0.965129375,0.95,0.942774355,1.49,1.757680893,1.49,1.675674796,1.49,1.795761466,1.49,1.646159887,7.1,6.873223782,7.1,7.152436733,7.1,6.952741623,7.1,7.011680603,4.01,4.373778343,4.01,3.928562403,4.01,4.505402565,4.01,4.623569489,7.44,7.806675911,7.44,8.035762787,7.44,7.737469673,7.44,7.92002821,0.69,0.524075985,0.69,0.579662204,0.69,0.715716362,0.69,0.462579548,0.95,0.921972036,0.95,0.742872238,0.95,0.952298164,0.95,0.906636834,4.85,4.98698616,4.85,4.68515873,4.85,4.835012436,4.85,4.602837086,7.94,5.425435066,7.94,5.345724106,7.94,5.690311432,7.94,6.151990891,0.84,0.978765965,0.84,0.674690127,0.84,0.996104002,0.84,0.817050636,0.95,0.897283792,0.95,0.926520228,0.95,0.99648881,0.95,0.966467679,3.75,3.682066202,3.75,3.668853045,3.75,3.831982374,3.75,3.908606768,3.2,3.662339449,3.2,3.403860331,3.2,3.64212656,3.2,3.444051743,0.6,0.768360853,0.6,0.709508777,0.6,0.901959062,0.6,1.321677923,6.8,6.877559662,6.8,7.083945274,6.8,7.005338669,6.8,6.853153706,4.1,3.968069315,4.1,3.617791414,4.1,3.861875296,4.1,4.215514183,0.95,1.031182289,0.95,0.719508767,0.95,1.026245832,0.95,0.884084642,0.75,0.646481276,0.75,0.482374042,0.75,0.694101334,0.75,0.720888674,6.26,6.512171745,6.26,6.396789551,6.26,6.524773598,6.26,6.433214188,1.05,1.033114314,1.05,1.184874415,1.05,1.131165266,1.05,1.014168859,3.64,3.428946972,3.64,2.894797325,3.64,3.308166981,3.64,3.439474106,0.84,0.91101253,0.84,1.111162543,0.84,1.049947739,0.84,0.934249341,0.7,1.00145793,0.7,0.861130118,0.7,1.031709909,0.7,0.883445084,3.37,3.319775343,3.37,3.081717253,3.37,3.461693287,3.37,3.324400902,0.82,0.966539145,0.82,0.380658478,0.82,0.809084296,0.82,0.98938781,0.7,0.888454437,0.7,0.530834317,0.7,0.887964785,0.7,1.08871603,0.95,1.119782329,0.95,1.012028098,0.95,1.022556305,0.95,1.032294869,7.62,6.240703583,7.62,6.238174915,7.62,6.457186699,7.62,6.543515682,0.95,1.069287539,0.95,0.954078555,0.95,1.035352468,0.95,0.953300357,2.72,2.098400354,2.72,2.286045313,2.72,2.337638378,2.72,2.28524518,0.95,1.07090354,0.95,0.893269897,0.95,0.967529058,0.95,0.941497982,0.64,0.602426052,0.64,0.516545177,0.64,0.83833456,0.64,0.61504513,8.71,8.617259979,8.71,8.459001541,8.71,8.56213665,8.71,8.617943764,0.93,1.07237339,0.93,1.4843086,0.93,1.158397198,0.93,1.148239851,2.8,3.588434935,2.8,3.354486465,2.8,3.559089899,2.8,3.434570551,4.85,4.964795589,4.85,4.83079195,4.85,4.915496826,4.85,4.637299061,0.88,1.289400697,0.88,1.117600322,0.88,1.278457165,0.88,1.207647085,0.69,1.019968271,0.69,1.073785663,0.69,0.590171099,0.69,0.722244263,0.95,0.981803894,0.95,0.912468076,0.95,0.859863281,0.95,0.934314728,6.47,6.668206215,6.47,6.583150864,6.47,6.702975273,6.47,6.873957634,2.71,2.180109978,2.71,2.750348806,2.71,2.900174618,2.71,2.898911953,0.84,0.842648506,0.84,1.007210612,0.84,0.973604143,0.84,0.944704473,0.95,0.845840931,0.95,0.640031695,0.95,1.061267376,0.95,0.904560745,4.02,3.937198877,4.02,3.904314518,4.02,3.777404308,4.02,4.110839844,0.88,1.195412874,0.88,1.296333194,0.88,1.259700537,0.88,1.296312809,4.1,4.078742504,4.1,3.772367001,4.1,3.987473488,4.1,4.366267204,0.95,0.989630461,0.95,0.918568492,0.95,0.823879957,0.95,1.171303511,5.73,5.975600719,5.73,5.847207546,5.73,6.021965027,5.73,6.01507616,1.1,1.212454081,1.1,1.179531455,1.1,0.868475437,1.1,1.305521965
0.94,0.764137447,0.94,1.054449916,0.94,1.172528267,0.94,0.781873584,1.1,1.468110323,1.1,2.108308792,1.1,0.490983129,1.1,1.297701478,2.16,2.103373766,2.16,2.286358356,2.16,2.604369402,2.16,1.812274456,0.95,0.842158198,0.95,1.072806239,0.95,0.948760033,0.95,0.903125823,2.16,2.225486755,2.16,2.305706739,2.16,1.977800369,2.16,1.671693563,0.95,0.970731974,0.95,0.482263297,0.95,0.67337954,0.95,0.694725037,0.94,0.828068376,0.94,0.964606643,0.94,0.952853203,0.94,0.860265434,0.56,0.623634934,0.56,0.350612521,0.56,0.493039936,0.56,0.499339998,6.64,5.834981441,6.64,5.423732758,6.64,6.024202347,6.64,5.656080246,7.39,6.285331726,7.39,5.969083309,7.39,7.064303398,7.39,7.545265198,4.02,3.763195276,4.02,4.28799963,4.02,4.533928871,4.02,4.175071716,8.4,7.712972641,8.4,7.426425457,8.4,8.436347961,8.4,8.407911301,1.49,1.882819057,1.49,1.785567641,1.49,1.471467257,1.49,1.638631344,0.95,0.932337523,0.95,0.938934445,0.95,0.960062265,0.95,0.878944874,0.6,0.623433113,0.6,0.424966961,0.6,0.737117231,0.6,0.63519752,3.37,3.387166262,3.37,3.642221212,3.37,3.858504057,3.37,3.122179747,4.01,5.121967316,4.01,4.479948521,4.01,4.799098969,4.01,4.55158186,4.8,4.895683289,4.8,4.902791977,4.8,5.167160034,4.8,5.158905029,0.73,0.886522174,0.73,0.746096015,0.73,0.788154602,0.73,0.669679344,5.9,4.551949024,5.9,4.705335617,5.9,4.120678902,5.9,4.333748817,4.88,5.545751572,4.88,5.241373539,4.88,5.388347626,4.88,5.056342125,5.27,4.287433624,5.27,4.647992611,5.27,5.072221756,5.27,4.255496502,0.77,0.749069214,0.77,1.00593555,0.77,0.825549006,0.77,0.871266127,0.82,2.248287439,0.82,1.718971729,0.82,1.632992268,0.82,1.52729702,4.75,4.777503967,4.75,4.299867153,4.75,4.937965393,4.75,4.620900154,7.44,8.34198761,7.44,7.939885139,7.44,8.403288841,7.44,8.241282463,0.6,0.507576704,0.6,0.57755661,0.6,0.765256047,0.6,0.591819286,3.75,3.771571398,3.75,3.77757144,3.75,3.875159979,3.75,4.21249485,1.93,2.018795013,1.93,2.178597212,1.93,2.46995616,1.93,2.108115673,2.93,3.512129068,2.93,3.306431293,2.93,3.476273537,2.93,4.163190842,0.84,0.757478237,0.84,0.770851016,0.84,0.852374315,0.84,0.884127498,2.8,3.315326452,2.8,3.40390873,2.8,3.526262522,2.8,3.608209133,0.6,0.911852598,0.6,0.337504774,0.6,0.705317199,0.6,0.844820857,0.95,0.942926168,0.95,1.108510494,0.95,0.936465263,0.95,1.02840054,0.7,0.831151962,0.7,0.48981604,0.7,1.074070573,0.7,0.823714793,2.8,3.309528589,2.8,3.331207514,2.8,3.458717585,2.8,3.512177467,0.59,0.480641335,0.59,0.545105577,0.59,0.707869291,0.59,0.863508999,0.9,0.862140477,0.9,1.107563138,0.9,1.111764669,0.9,0.894304752,0.64,0.629357457,0.64,0.73817575,0.64,0.694417238,0.64,0.375329852,0.95,1.135147333,0.95,0.734555602,0.95,0.953898907,0.95,0.921677351,0.68,0.823085308,0.68,0.465235084,0.68,0.77785486,0.68,0.849588156,0.97,0.938904881,0.97,1.254950881,0.97,1.352151752,0.97,1.126800179,6.15,6.461392403,6.15,6.508111954,6.15,6.657262802,6.15,6.245509148,2.71,2.673204422,2.71,2.77267766,2.71,2.841015816,2.71,2.953402281,6.47,6.395799637,6.47,6.4371171,6.47,6.731593132,6.47,6.180911064,0.86,1.103375912,0.86,0.79152,0.86,0.810245991,0.86,1.374418259,0.69,0.655838013,0.69,0.863399863,0.69,0.784439325,0.69,0.687799931,4.8,5.304018021,4.8,5.643676758,4.8,5.44709301,4.8,5.96105814,6.15,6.10562849,6.15,6.097410679,6.15,6.449063301,6.15,5.925135612,7.44,7.904057503,7.44,8.209197044,7.44,7.744462967,7.44,7.888814449,0.94,0.90925622,0.94,0.884342074,0.94,0.918587923,0.94,0.832723379,0.93,0.366808265,0.93,0.619741082,0.93,0.821822703,0.93,0.420703351,0.68,0.744881153,0.68,0.721268773,0.68,0.935599625,0.68,1.009160042,3.37,3.214275599,3.37,2.701501846,3.37,3.368668795,3.37,3.158182621,0.7,0.806635141,0.7,0.827319026,0.7,0.961633146,0.7,1.087788105,5.1,5.275127411,5.1,5.289718151,5.1,5.43915081,5.1,5.339152336,1.63,1.880454302,1.63,1.7581141,1.63,1.897637248,1.63,1.711410761,0.95,0.924332738,0.95,0.937858462,0.95,0.949005485,0.95,0.96786654,9.45,9.177732468,9.45,9.282296181,9.45,9.237922668,9.45,8.976774216,0.9,0.962552667,0.9,0.939365745,0.9,1.243567467,0.9,1.024471045,0.68,0.684230328,0.68,0.862518668,0.68,0.906063378,0.68,1.333007574,0.95,0.920820117,0.95,0.761056185,0.95,1.054391265,0.95,0.914763689,1.49,1.942382097,1.49,1.742108941,1.49,1.877928257,1.49,1.710994482,0.95,0.956612587,0.95,0.84433639,0.95,0.964036226,0.95,1.011937737,4.01,4.414248943,4.01,4.133680344,4.01,4.342815399,4.01,4.92388916,1.04,1.190436959,1.04,1.020224214,1.04,1.070362091,1.04,1.063497066,1.93,1.871042132,1.93,1.638147593,1.93,1.885110378,1.93,2.237177134,6.26,6.568034649,6.26,6.444393635,6.26,6.53345108,6.26,6.441171646,2.79,2.931002855,2.79,2.755573034,2.79,3.158481598,2.79,2.794297457,1.88,2.003489494,1.88,1.509995937,1.88,1.768372178,1.88,1.665435791,0.87,0.957423329,0.87,1.023324847,0.87,0.856907606,0.87,0.84479934,0.56,1.123955369,0.56,0.94524765,0.56,0.95295167,0.56,0.844097376,0.64,0.533642054,0.64,0.44061026,0.64,0.641605854,0.64,0.516434491,0.95,1.140134096,0.95,0.71176374,0.95,0.997165442,0.95,0.968360662,2.16,2.0843997,2.16,2.146312714,2.16,2.28971076,2.16,2.165955305,3.2,4.094290257,3.2,3.854472399,3.2,4.541954994,3.2,4.368034363,0.86,0.873464108,0.86,0.449908584,0.86,0.982937515,0.86,0.668640792,1.1,0.728452682,1.1,0.717972636,1.1,0.798582435,1.1,1.029243469,0.73,0.931907654,0.73,1.004346728,0.73,0.997552156,0.73,0.885517538,4.8,5.213027,4.8,5.116363049,4.8,5.5675354,4.8,5.664701462,0.7,0.831968307,0.7,0.566477895,0.7,0.884530902,0.7,1.046056032,3.62,3.909034491,3.62,3.299076319,3.62,3.842506886,3.62,4.345959663,4.31,4.494665146,4.31,4.449223995,4.31,4.495922089,4.31,4.55100584,9.7,9.132982254,9.7,9.285162926,9.7,9.171813965,9.7,9.388795853,2.79,2.946747065,2.79,2.648449898,2.79,2.952514887,2.79,2.86007452,8.4,8.350852966,8.4,8.387289047,8.4,8.484576225,8.4,8.615635872,0.77,0.770961523,0.77,1.050500393,0.77,0.804540157,0.77,0.938643157,8.6,8.527350426,8.6,8.614739418,8.6,8.75454998,8.6,8.742721558,0.69,0.494913548,0.69,0.14369759,0.69,0.656855702,0.69,0.763363183,8.02,8.092960358,8.02,8.126372337,8.02,8.332911491,8.02,8.44499588,0.86,0.756858349,0.86,0.524507403,0.86,0.910894096,0.86,0.702433348,4.8,5.316448212,4.8,5.121979713,4.8,5.8396101,4.8,5.711812496,4.1,4.080446243,4.1,3.763844013,4.1,3.990169525,4.1,4.36572361,1.04,1.024706841,1.04,0.828943133,1.04,1.118409157,1.04,1.673991919,0.68,1.215507746,0.68,1.036993384,0.68,1.366133928,0.68,1.135853291,2.93,2.955775738,2.93,2.544987917,2.93,2.753394842,2.93,3.049587727,0.69,1.073459148,0.69,1.165596843,0.69,0.557240725,0.69,0.583109558,0.95,1.160402536,0.95,0.982497215,0.95,1.068419933,0.95,0.954263628,1.49,1.88972342,1.49,1.825232625,1.49,1.860670328,1.49,1.803299665,3.62,4.3877635,3.62,3.64557147,3.62,3.831732512,3.62,4.69822073
0.93,1.360007167,0.93,1.624999404,0.93,1.174949884,0.93,0.987979174,0.95,1.174022198,0.95,0.70751822,0.95,0.667448878,0.95,0.681809127,0.86,0.778748512,0.86,0.826721787,0.86,0.721847296,0.86,1.096407413,6.8,5.155035973,6.8,6.298677444,6.8,6.646631241,6.8,7.228497505,4.5,4.104955196,4.5,4.275941372,4.5,4.485795021,4.5,4.309233665,8,6.41170454,8,6.096693516,8,7.273406029,8,7.169379234,5.73,5.96630764,5.73,6.075336933,5.73,6.505137444,5.73,6.393534184,6.1,5.390044212,6.1,5.885758877,6.1,6.506596565,6.1,6.077270031,3.95,3.459966421,3.95,3.576268435,3.95,3.275633574,3.95,3.486304998,3.64,3.778514624,3.64,3.46968627,3.64,3.414822578,3.64,3.627106905,6.47,5.173243523,6.47,5.477246284,6.47,5.422904015,6.47,5.129135132,0.95,0.917155385,0.95,0.973004222,0.95,0.921894312,0.95,0.923654675,0.68,0.700675011,0.68,0.400514215,0.68,0.630165219,0.68,0.682784259,0.95,1.2488904,0.95,1.365547895,0.95,1.04760766,0.95,0.867154002,3.75,3.991528511,3.75,4.558623791,3.75,4.491171837,3.75,4.275458813,3.64,3.617316484,3.64,3.310860395,3.64,3.744963646,3.64,4.334326267,4.32,4.596727371,4.32,4.418620586,4.32,4.479202271,4.32,4.570457935,0.95,1.039260626,0.95,0.961877704,0.95,1.020668983,0.95,0.93327862,0.69,0.634181499,0.69,0.620336413,0.69,0.663619399,0.69,0.445095837,0.95,0.945268631,0.95,0.871999621,0.95,1.138398528,0.95,0.915402114,0.84,1.080018163,0.84,0.857239485,0.84,1.036619067,0.84,0.914154708,7.1,6.080775261,7.1,6.116623878,7.1,6.742156029,7.1,6.525613308,0.77,0.749069214,0.77,1.00593555,0.77,0.825549006,0.77,0.871266127,8,7.708426476,8,7.473483086,8,7.448534012,8,7.718819618,0.64,0.552196264,0.64,0.710569263,0.64,0.780838132,0.64,0.23700434,3.12,3.019407749,3.12,2.906213999,3.12,3.051577568,3.12,3.333254099,2.79,2.450184822,2.79,2.73191452,2.79,2.652352095,2.79,2.425196648,6.5,5.904398918,6.5,6.488483429,6.5,6.813714027,6.5,6.648932457,3.95,3.700704813,3.95,3.99130702,3.95,3.791940451,3.95,3.950420856,0.95,1.321863174,0.95,1.108560443,0.95,0.872940302,0.95,0.917664051,6.48,6.338566303,6.48,5.820868492,6.48,6.251784325,6.48,6.520841599,8.4,8.024232864,8.4,8.71368885,8.4,8.856509209,8.4,8.551527977,3.37,3.600824594,3.37,3.727592707,3.37,3.623160839,3.37,3.636817694,8.4,8.11286068,8.4,8.580777168,8.4,9.029994011,8.4,8.4883461,0.73,0.951677203,0.73,0.812633872,0.73,0.928076744,0.73,0.95347929,7.39,7.636620522,7.39,7.547426224,7.39,7.541056633,7.39,7.858325005,4.36,5.227480888,4.36,5.544970512,4.36,4.977701187,4.36,5.309770584,0.95,0.992125273,0.95,0.908453584,0.95,1.01339221,0.95,0.99386549,1.49,1.579189897,1.49,1.671706557,1.49,1.77306819,1.49,1.700878143,2.62,2.664022207,2.62,2.511963844,2.62,2.387301922,2.62,3.107409477,0.8,0.814911604,0.8,0.455320865,0.8,0.766771495,0.8,0.843543887,0.6,0.714615762,0.6,0.844316661,0.6,0.933505774,0.6,0.94407934,0.81,0.843297958,0.81,0.828388095,0.81,0.828135252,0.81,0.811823428,0.86,1.152136087,0.86,0.820320368,0.86,0.82615447,0.86,1.380213976,3.75,3.878506184,3.75,3.763037443,3.75,3.920314074,3.75,3.947180033,1.1,0.705875158,1.1,0.727219939,1.1,0.836655557,1.1,0.85269326,1.93,2.014850378,1.93,1.635774493,1.93,2.11513567,1.93,1.947308779,6.6,7.362910748,6.6,7.138302803,6.6,7.085000992,6.6,7.209191322,6.47,6.264616013,6.47,6.295131683,6.47,6.654971123,6.47,6.10853672,3.62,3.702494621,3.62,3.428419828,3.62,3.815053701,3.62,3.836027145,0.75,0.737466812,0.75,0.603292823,0.75,0.930892229,0.75,0.766037464,6.8,7.132277966,6.8,7.202717781,6.8,7.093682289,6.8,7.007659435,7.62,6.527095795,7.62,6.668476582,7.62,6.497122765,7.62,6.375477791,0.95,0.950010061,0.95,0.99607873,0.95,0.952666044,0.95,1.019882202,0.84,0.972399473,0.84,0.595591664,0.84,0.976062357,0.84,0.803234994,0.95,0.907033205,0.95,0.919803023,0.95,0.991904974,0.95,0.980460703,3.64,3.995852709,3.64,3.698263884,3.64,3.847433567,3.64,4.15223074,4.35,4.207745552,4.35,4.597296715,4.35,4.392501831,4.35,4.339457035,1.49,1.856562138,1.49,1.720517635,1.49,1.8282094,1.49,1.708158016,8,7.8267169,8,7.866053104,8,7.511691093,8,7.978569984,1.49,1.900892973,1.49,1.745976925,1.49,1.855074406,1.49,1.722742319,0.95,1.027879119,0.95,1.120816112,0.95,0.963690758,0.95,0.922246456,2.16,2.342833281,2.16,2.170619249,2.16,2.283972502,2.16,2.251168013,4.2,4.246768951,4.2,4.300905704,4.2,4.407884598,4.2,4.436925888,0.7,0.873729706,0.7,0.541058421,0.7,0.917157531,0.7,1.260828972,5.98,5.866872787,5.98,5.646860123,5.98,5.936414719,5.98,6.249495983,1.42,1.738216877,1.42,1.697646737,1.42,1.784020901,1.42,1.727265596,0.95,0.907906055,0.95,0.958817601,0.95,1.102634907,0.95,0.903842509,0.73,0.916506886,0.73,1.097547889,0.73,0.988099575,0.73,0.850992441,3.12,2.755376577,3.12,2.272240639,3.12,2.752475977,3.12,2.663815975,6.06,6.477972031,6.06,6.370985985,6.06,6.686849594,6.06,6.530323505,0.95,0.954533815,0.95,0.912775874,0.95,0.968911409,0.95,1.011618257,3.64,3.943299532,3.64,3.535917044,3.64,3.780263662,3.64,4.072350025,0.95,1.011644363,0.95,0.932004333,0.95,0.974539161,0.95,0.95356524,4.75,4.872686386,4.75,4.553196907,4.75,4.790719986,4.75,5.363456726,2.71,2.243891954,2.71,2.528969526,2.71,2.769202471,2.71,2.796041965,7.62,7.748606682,7.62,7.544726372,7.62,7.790184021,7.62,8.37680912,5.9,5.511900902,5.9,5.781595707,5.9,5.79672718,5.9,5.950896263,0.8,0.81622076,0.8,0.664343715,0.8,0.954161048,0.8,0.990511119,0.95,0.908500075,0.95,0.820641041,0.95,0.990568876,0.95,1.011701584,4.88,4.923708439,4.88,4.775256634,4.88,5.019151688,4.88,4.617417336,1.04,1.235750675,1.04,1.036619067,1.04,1.054212809,1.04,1.007270098,1.05,1.037402391,1.05,1.023428321,1.05,1.124860048,1.05,0.85932219,0.95,0.601816773,0.95,0.809930563,0.95,1.02262187,0.95,1.009887218,6.64,6.408480644,6.64,6.240709782,6.64,6.45015049,6.64,6.839966774,2.93,2.789614916,2.93,2.39115119,2.93,2.748556376,2.93,3.003261328,0.73,0.941073418,0.73,0.757187247,0.73,1.001191616,0.73,0.781554759,0.95,1.179303169,0.95,0.930700898,0.95,1.045050383,0.95,0.949367344,6.06,6.668683052,6.06,6.419921875,6.06,6.457401276,6.06,6.368173122,8,7.555432796,8,7.532682419,8,7.839426994,8,7.580542564,3.95,4.409849167,3.95,4.28616333,3.95,4.163354397,3.95,3.972177982,0.95,1.30905962,0.95,0.863419175,0.95,1.046442032,0.95,0.942900956,0.81,0.865363002,0.81,1.072350383,0.81,1.016155005,0.81,0.789386213,0.82,0.703165531,0.82,0.800687671,0.82,0.978551447,0.82,0.983906925,1.49,1.851366043,1.49,1.74555397,1.49,1.859696865,1.49,1.727711916,2.8,3.552747011,2.8,3.575196266,2.8,3.627831936,2.8,3.562043905,4.43,4.378346443,4.43,4.347527027,4.43,4.446286201,4.43,4.531554222,8.4,8.316731453,8.4,8.178206444,8.4,8.681931496,8.4,8.759031296,0.6,0.760451794,0.6,0.875597,0.6,0.822421014,0.6,0.642197311,3.75,3.523660421,3.75,3.676040173,3.75,3.923468828,3.75,3.791507244
0.6,-0.078732282,0.6,0.109846927,0.6,0.453409672,0.6,0.649730921,7.89,6.718091488,7.89,4.172533035,7.89,7.172120094,7.89,6.118889809,0.81,0.793397009,0.81,1.017336726,0.81,1.226432562,0.81,0.792763174,8,6.423457146,8,6.484051704,8,7.338609695,8,7.145947933,4.75,4.574164391,4.75,4.690749168,4.75,5.087459564,4.75,4.585264683,2.8,4.447824001,2.8,5.309716225,2.8,5.043526649,2.8,4.967323303,0.81,0.84268856,0.81,0.961415172,0.81,1.091366768,0.81,0.845217824,0.95,0.947214127,0.95,1.042653561,0.95,0.95642972,0.95,0.925234854,0.56,-0.032432824,0.56,0.639846087,0.56,0.767729163,0.56,0.725711644,0.95,1.314193606,0.95,1.416967154,0.95,1.059259534,0.95,1.21538949,7.62,7.095482826,7.62,6.781725407,7.62,7.667354584,7.62,6.856778145,0.95,0.857438803,0.95,0.588510692,0.95,0.820438445,0.95,0.845867515,4.5,4.509912014,4.5,4.386385918,4.5,4.475344658,4.5,4.461556435,8.6,8.079110146,8.6,6.805817127,8.6,8.267245293,8.6,8.140181541,0.84,0.980677485,0.84,0.871625066,0.84,0.993460059,0.84,1.045942068,6.8,6.74210453,6.8,6.883346081,6.8,6.775414467,6.8,6.757433891,0.86,0.669984102,0.86,0.572172761,0.86,0.955095291,0.86,0.822472453,0.76,0.759270191,0.76,0.420987695,0.76,0.598383188,0.76,1.018126249,4.75,4.626737595,4.75,4.302091599,4.75,4.441390038,4.75,4.217401505,0.95,1.201246738,0.95,1.032013774,0.95,1.073168635,0.95,0.935926199,6.06,6.856728077,6.06,6.694061279,6.06,7.593864441,6.06,7.218402863,2.12,2.304838896,2.12,2.579004288,2.12,2.590324402,2.12,2.153751612,6.06,6.550188065,6.06,6.809440136,6.06,7.261153221,6.06,7.553110123,0.95,1.237396479,0.95,1.122211337,0.95,1.015477061,0.95,0.919908583,2.72,2.36984396,2.72,2.269454956,2.72,2.195730209,2.72,2.332547426,3.2,4.616029739,3.2,4.277335167,3.2,4.67141819,3.2,5.041418552,0.6,0.507576704,0.6,0.57755661,0.6,0.765256047,0.6,0.591819286,8.71,7.541530132,8.71,7.373837948,8.71,8.08537674,8.71,8.038393974,1.63,1.814993501,1.63,2.00871563,1.63,1.776736736,1.63,1.533566475,5.98,5.568469048,5.98,6.056380272,5.98,6.431988716,5.98,6.084811687,0.87,0.938838124,0.87,0.912071109,0.87,0.923903704,0.87,0.859296381,4.35,4.535312176,4.35,4.679873943,4.35,4.738283157,4.35,4.107921124,4.31,4.592946053,4.31,4.544433594,4.31,4.472682953,4.31,4.662199974,9.7,8.459517479,9.7,9.053533554,9.7,9.456473351,9.7,9.10774231,4.1,4.283367157,4.1,4.264389515,4.1,4.584025383,4.1,4.503371716,2.8,3.309528589,2.8,3.331207514,2.8,3.458717585,2.8,3.512177467,3.95,4.068059921,3.95,4.335819244,3.95,4.008707523,3.95,3.852232218,0.95,1.017283797,0.95,0.771345735,0.95,1.083127737,0.95,1.027443051,2.79,2.564909458,2.79,2.643912077,2.79,2.645080566,2.79,2.666388035,0.7,1.173978806,0.7,0.990364194,0.7,0.993810654,0.7,0.875939548,4.1,4.306764126,4.1,3.810851812,4.1,4.357843399,4.1,4.335237503,0.95,0.977785826,0.95,0.861462176,0.95,0.99895823,0.95,0.926248491,0.93,1.025053978,0.93,1.279743791,0.93,1.005074501,0.93,1.03596127,0.95,0.928358197,0.95,1.074494243,0.95,0.942051172,0.95,1.020201683,1.63,1.699745655,1.63,1.684192777,1.63,1.8691113,1.63,1.692621946,0.93,0.436638445,0.93,0.586692452,0.93,0.844624162,0.93,0.525481045,0.6,0.779425859,0.6,0.584991813,0.6,0.940361202,0.6,0.88003248,0.95,1.02700758,0.95,0.905868411,0.95,0.952357173,0.95,0.927006721,0.8,0.738538504,0.8,0.59296608,0.8,0.912587881,0.8,0.877263188,0.95,0.961882353,0.95,0.930136561,0.95,0.943502069,0.95,0.922274947,1.42,1.663674116,1.42,1.678610444,1.42,1.565087318,1.42,1.670516968,0.95,1.021207333,0.95,0.901353657,0.95,0.953942776,0.95,0.926740527,7.62,8.26991272,7.62,7.606743813,7.62,8.270932198,7.62,7.883495808,0.95,1.045421958,0.95,0.939788699,0.95,0.980051756,0.95,1.058273315,3.37,3.248905897,3.37,3.180215597,3.37,3.335933924,3.37,3.064958096,6.15,5.786103725,6.15,5.720040321,6.15,6.081622124,6.15,5.900927544,0.94,0.923207045,0.94,0.897372127,0.94,0.895086288,0.94,0.849140942,3.12,2.600376129,3.12,2.346973658,3.12,2.788339853,3.12,2.630996943,1.63,1.910572529,1.63,1.770436287,1.63,1.904440999,1.63,1.763917923,0.95,0.946621656,0.95,1.012384772,0.95,1.090977788,0.95,0.999164462,4.75,5.058110714,4.75,4.78278017,4.75,4.990948677,4.75,5.541388035,0.95,0.921564579,0.95,0.853839874,0.95,0.935868502,0.95,0.887051046,4.85,5.105055809,4.85,4.659512997,4.85,4.876561165,4.85,4.686999321,7.39,7.636917591,7.39,7.583106518,7.39,7.224952698,7.39,7.472146034,0.56,0.893236041,0.56,0.909288764,0.56,0.769342601,0.56,0.661642015,5,5.774483681,5,5.855617523,5,6.116462708,5,6.365904808,0.73,1.294344068,0.73,1.342091203,0.73,1.370764971,0.73,1.348283052,0.95,0.906859517,0.95,0.874465168,0.95,0.956014633,0.95,1.014443278,2.16,2.255705595,2.16,2.155012369,2.16,2.340495348,2.16,2.204883337,5.9,5.3874259,5.9,5.697014809,5.9,5.504806519,5.9,5.632353783,0.77,0.830846667,0.77,0.932630897,0.77,0.961930573,0.77,0.892080724,2.62,2.173876524,2.62,2.384852409,2.62,2.604634762,2.62,2.891443968,1.49,1.771655321,1.49,1.713020802,1.49,1.882844925,1.49,1.663286448,0.76,0.743543744,0.76,0.564549327,0.76,0.642869413,0.76,0.841912866,3.95,4.346857548,3.95,4.036708832,3.95,4.430343628,3.95,4.097663879,0.95,0.928747296,0.95,0.863167346,0.95,0.966993809,0.95,1.010748744,2.79,2.913403511,2.79,2.686438322,2.79,3.019784689,2.79,2.792400837,7.44,7.976826191,7.44,7.748641968,7.44,7.844460487,7.44,7.843855381,0.7,0.631967664,0.7,0.810251832,0.7,0.801268339,0.7,0.671384037,0.95,1.136299014,0.95,0.880774736,0.95,1.112369537,0.95,1.02187407,3.95,4.263309956,3.95,4.11563015,3.95,4.256275177,3.95,3.999867439,7.1,6.988239765,7.1,6.858159065,7.1,7.308791161,7.1,7.134915352,4.36,5.515058994,4.36,5.370745659,4.36,5.648715019,4.36,5.296962738,0.95,0.992474556,0.95,0.919338822,0.95,0.890953541,0.95,0.926859438,3.6,3.49160409,3.6,3.263503313,3.6,3.440944433,3.6,3.819945335,0.95,0.893302679,0.95,0.702528834,0.95,1.044431686,0.95,1.076568127,6.47,6.64345026,6.47,6.41435051,6.47,6.457462311,6.47,6.385379791,3.2,4.079803944,3.2,3.722992659,3.2,4.612455368,3.2,4.346550941,3.6,3.49518919,3.6,3.262007713,3.6,3.442165136,3.6,3.856714487,2.62,2.425728083,2.62,2.953269243,2.62,2.824941397,2.62,2.998158693,0.93,1.125898838,0.93,1.549979091,0.93,1.121646166,0.93,1.234942913,0.95,0.558262706,0.95,0.775177836,0.95,1.048835754,0.95,1.105677843,0.85,0.949997187,0.85,0.827120423,0.85,1.047482014,0.85,1.359772086,0.95,1.058161259,0.95,0.624174237,0.95,1.103842258,0.95,0.930211008,0.7,0.801807165,0.7,0.927420378,0.7,0.894736826,0.7,0.717207849,6.06,6.03153038,6.06,5.626126289,6.06,6.055531502,6.06,5.82069397,0.69,0.498959035,0.69,0.201068729,0.69,0.625610709,0.69,0.705562234,1.1,1.345423222,1.1,1.343310237,1.1,1.587713957,1.1,1.584599257,5.73,5.975600719,5.73,5.847207546,5.73,6.021965027,5.73,6.01507616,0.95,0.926316023,0.95,0.872887492,0.95,0.992537737,0.95,0.971480787
0.86,0.873438835,0.86,0.98287344,0.86,0.666849017,0.86,1.141898632,0.95,0.808171868,0.95,1.083441615,0.95,1.137498617,0.95,1.047207594,4.42,4.542815208,4.42,4.322493553,4.42,4.553870201,4.42,4.402488708,0.95,0.858543754,0.95,0.825074077,0.95,0.945068836,0.95,0.95103699,3.64,3.384851217,3.64,4.063271046,3.64,3.819633722,3.64,3.71981287,0.95,0.887229323,0.95,1.023798466,0.95,0.962206244,0.95,0.94225508,0.73,0.976557851,0.73,0.80754292,0.73,1.043300867,0.73,0.742280543,0.95,0.958225608,0.95,0.615642786,0.95,0.899567842,0.95,0.783978999,6.15,5.534991264,6.15,6.265016079,6.15,6.530550003,6.15,7.068292141,6.06,5.559317112,6.06,5.25696373,6.06,6.330036163,6.06,6.702471733,6.15,5.758412361,6.15,6.288297176,6.15,6.514712334,6.15,6.81347084,2.8,4.466461658,2.8,4.3294034,2.8,4.582152367,2.8,4.46262455,6.47,5.239470482,6.47,5.56795454,6.47,5.769399643,6.47,5.199738503,7.89,6.861872196,7.89,7.05269146,7.89,6.403943062,7.89,6.895740032,4.32,4.644105911,4.32,4.391712189,4.32,4.482949257,4.32,4.548032761,5.98,5.565958023,5.98,4.740996361,5.98,5.141008377,5.98,4.886464119,1.88,2.124772072,1.88,1.866033196,1.88,1.74262321,1.88,1.848648787,3.2,4.485466003,3.2,4.744095802,3.2,5.043016434,3.2,4.926975727,0.93,1.021288037,0.93,1.062106848,0.93,1.021621227,0.93,1.071021318,0.95,1.020726919,0.95,0.490458101,0.95,0.840920985,0.95,0.839148402,0.6,0.783729553,0.6,0.669134378,0.6,0.809578896,0.6,0.602006078,4.8,4.733995438,4.8,5.401916981,4.8,5.495105743,4.8,5.325820923,1.05,1.119758368,1.05,0.830082297,1.05,1.038322926,1.05,0.886871457,8.02,7.75605154,8.02,8.83132267,8.02,8.453187943,8.02,9.057959557,0.84,1.028537393,0.84,0.808827162,0.84,1.04663229,0.84,0.860296428,6.5,5.946713448,6.5,6.267183781,6.5,6.589607239,6.5,6.67205143,3.6,3.135635614,3.6,3.39821744,3.6,3.453900576,3.6,3.553169727,3.12,2.265306234,3.12,2.747055292,3.12,2.564139128,3.12,2.484174252,6.64,6.353000641,6.64,5.74312067,6.64,6.347416878,6.64,6.48438406,0.95,0.944465518,0.95,0.796347499,0.95,0.939560413,0.95,1.012825727,0.81,0.864344835,0.81,0.865237117,0.81,0.841347456,0.81,0.887069464,0.86,1.476357698,0.86,0.820279479,0.86,0.969534099,0.86,1.106018305,0.93,0.909427643,0.93,1.237954259,0.93,0.984177232,0.93,1.02461648,4.68,4.978368759,4.68,4.652463436,4.68,4.959227562,4.68,5.152541161,0.81,0.850235105,0.81,0.92275703,0.81,0.855427504,0.81,0.80733639,0.6,0.847540617,0.6,0.865810394,0.6,0.967125893,0.6,0.97092402,0.64,0.615417242,0.64,0.808260798,0.64,0.710545301,0.64,0.367081881,0.95,1.211841822,0.95,1.284005761,0.95,1.049542427,0.95,1.014291286,3.04,3.177229404,3.04,2.532392025,3.04,2.970189095,3.04,2.87285614,2.93,3.099432945,2.93,3.177622557,2.93,3.033749342,2.93,3.703083992,1.42,1.496027589,1.42,1.481698871,1.42,1.369496584,1.42,1.52714777,6.8,7.331779957,6.8,6.861165047,6.8,7.1527071,6.8,7.05947113,4.43,4.504078865,4.43,4.378033638,4.43,4.465295792,4.43,4.493161678,0.7,1.112769604,0.7,0.949340105,0.7,0.986181021,0.7,0.902624011,0.81,0.846884012,0.81,0.829024196,0.81,0.847518206,0.81,0.817124307,1.49,1.672190189,1.49,1.562775016,1.49,1.813896656,1.49,1.635666609,4.39,4.692367077,4.39,4.385531425,4.39,4.475964546,4.39,4.572209835,0.93,0.412078291,0.93,0.596942067,0.93,0.836534202,0.93,0.490410507,0.68,0.76850462,0.68,0.629314661,0.68,0.95414561,0.68,0.899857461,0.95,0.923679113,0.95,0.919770122,0.95,0.995280743,0.95,0.98872906,0.93,1.029764175,0.93,1.192812324,0.93,1.030129552,0.93,1.05282402,8.4,9.092263222,8.4,8.584622383,8.4,8.702754021,8.4,8.85214138,4.88,5.072455406,4.88,4.92455864,4.88,4.992929459,4.88,4.713125229,3.62,3.678842545,3.62,3.454590082,3.62,3.747705221,3.62,3.737108707,4.36,5.448031425,4.36,5.26672411,4.36,5.280138016,4.36,5.026182652,7.94,5.439955711,7.94,5.355953217,7.94,5.644960403,7.94,6.206662178,1.93,1.790746093,1.93,1.669049621,1.93,1.914351344,1.93,2.198594809,7.94,5.442094326,7.94,5.359451294,7.94,5.67537117,7.94,6.184178352,0.59,0.517576456,0.59,0.630039096,0.59,0.677262664,0.59,0.555938184,8.6,9.04795742,8.6,8.989430428,8.6,8.990569115,8.6,9.029370308,6.47,6.292654037,6.47,6.198699951,6.47,6.528847694,6.47,6.197087288,0.95,0.956918359,0.95,0.842060924,0.95,0.962778568,0.95,1.012012839,0.84,0.908226848,0.84,1.02806747,0.84,1.06074214,0.84,0.827038884,2.12,1.913226366,2.12,2.038449526,2.12,2.226867676,2.12,2.226070166,1.05,1.036488175,1.05,1.205106139,1.05,1.141178846,1.05,0.955314219,0.95,1.079519033,0.95,0.718128562,0.95,0.949136257,0.95,0.91870302,4.75,4.967766285,4.75,4.727841854,4.75,4.94185257,4.75,5.570596218,0.95,1.020363808,0.95,0.713352144,0.95,1.021701097,0.95,0.883895993,7.62,6.266419411,7.62,6.395120621,7.62,6.494832039,7.62,6.648418427,0.95,0.916688323,0.95,0.898741722,0.95,0.919965506,0.95,1.016846895,5.73,6.066775322,5.73,6.148534298,5.73,6.327506065,5.73,6.422681332,6.12,5.96497345,6.12,5.623901367,6.12,6.037394524,6.12,6.013157845,1.63,1.871264577,1.63,1.806224704,1.63,1.992776275,1.63,1.762632132,0.95,1.010077834,0.95,0.91594243,0.95,0.96638155,0.95,0.925741374,6.15,6.106208324,6.15,5.9324193,6.15,6.015111923,6.15,6.212933064,2.12,1.9866786,2.12,1.819964767,2.12,2.219219923,2.12,2.190199137,1.88,1.825340509,1.88,1.840692043,1.88,2.022251368,1.88,1.779607296,4.35,4.119178772,4.35,4.237498283,4.35,4.432156563,4.35,4.314195633,9.45,9.244169235,9.45,9.68390274,9.45,9.715912819,9.45,9.725445747,0.95,1.196564794,0.95,0.998105884,0.95,1.00424099,0.95,1.022583604,0.69,0.506531239,0.69,0.098206379,0.69,0.684636593,0.69,0.826702535,0.95,0.587410331,0.95,0.818193197,0.95,1.015737176,0.95,0.985823214,3.75,3.897414446,3.75,3.610797405,3.75,3.824175596,3.75,3.898012638,1.1,0.86005044,1.1,0.74252069,1.1,0.818790197,1.1,1.09446311,0.64,0.596106052,0.64,0.583021045,0.64,0.845862389,0.64,0.620553434,3.12,3.036828756,3.12,2.541115761,3.12,2.810972929,3.12,2.774901867,0.87,0.860298753,0.87,1.115553737,0.87,0.863163233,0.87,0.759839356,5.1,5.342120647,5.1,5.029262543,5.1,5.467555046,5.1,5.344403267,0.94,0.827350855,0.94,1.073901057,0.94,0.859688044,0.94,0.769286811,0.86,0.709150553,0.86,1.07645452,0.86,1.276158452,0.86,1.378313303,0.8,1.052669048,0.8,0.876938701,0.8,1.196961761,0.8,1.006686926,0.95,1.075827718,0.95,0.974015355,0.95,1.112089753,0.95,0.947353899,3.37,3.377741337,3.37,3.27140069,3.37,3.280186415,3.37,3.404214382,6.47,6.18807888,6.47,5.687375546,6.47,6.105164528,6.47,5.899725914,0.87,0.840218425,0.87,1.158867717,0.87,1.095287561,0.87,0.777048171,0.95,1.406912327,0.95,0.828259349,0.95,1.004460335,0.95,0.934617698,0.85,1.032902002,0.85,0.901355386,0.85,1.125698805,0.85,1.475390911,0.95,0.99604845,0.95,0.930318236,0.95,0.812760353,0.95,0.949695349,0.69,1.040570498,0.69,1.188598514,0.69,0.551161766,0.69,0.549686909,3.2,2.944762945,3.2,3.315698385,3.2,3.886739492,3.2,3.461969852
3.37,3.77098918,3.37,5.3721838,3.37,4.527594566,3.37,4.744033337,8.6,2.148649693,8.6,1.337834597,8.6,2.117084265,8.6,2.128187418,3.64,2.968130827,3.64,4.56984663,3.64,4.218666077,3.64,3.798928738,0.88,2.227184534,0.88,1.948566794,0.88,0.901638627,0.88,2.104325294,5.73,5.823863983,5.73,5.710462093,5.73,6.559111595,5.73,6.31604147,4.2,4.448099613,4.2,5.505146503,4.2,5.03873539,4.2,4.652508259,1.93,2.074487448,1.93,2.477301359,1.93,2.810315371,1.93,2.145022631,8.6,2.529776096,8.6,2.037637949,8.6,1.913910747,8.6,2.501832724,4.5,4.462569714,4.5,4.368233681,4.5,4.483597755,4.5,4.416605949,4.68,5.57907629,4.68,4.696051121,4.68,6.086798668,4.68,5.505353928,4.85,4.560949326,4.85,4.464459896,4.85,4.446831703,4.85,4.378211021,7.44,7.622723579,7.44,7.071674347,7.44,7.043656349,7.44,7.109941483,2.16,2.221847057,2.16,2.056452513,2.16,1.773188353,2.16,2.141074419,2.8,4.247394085,2.8,3.904442072,2.8,4.477728844,2.8,4.311855793,5.73,6.620696545,5.73,6.170478821,5.73,7.325608253,5.73,6.564961433,6.06,6.835793972,6.06,6.2869277,6.06,6.58164978,6.06,7.895996094,4.51,4.427258492,4.51,4.328014851,4.51,4.468607903,4.51,4.522111416,7.89,7.437130451,7.89,7.364829063,7.89,7.86815834,7.89,8.308842659,7.62,7.392185688,7.62,6.649545193,7.62,7.692041397,7.62,7.747061729,4.8,4.759241581,4.8,5.094467163,4.8,5.36726284,4.8,5.184950352,2.72,2.411378145,2.72,2.181655407,2.72,2.354965925,2.72,2.465018749,5.27,3.715919018,5.27,4.197573662,5.27,4.0626688,5.27,4.327702045,0.93,0.951880813,0.93,1.146146178,0.93,0.994129002,0.93,1.042078733,3.62,3.205767155,3.62,3.348031998,3.62,3.7358675,3.62,3.922812939,1.49,1.716783285,1.49,1.971399188,1.49,1.787288666,1.49,1.465904951,8.02,7.73729372,8.02,9.039521217,8.02,8.685023308,8.02,8.886364937,4.32,4.5656147,4.32,4.523889542,4.32,4.473330498,4.32,4.710021019,1.63,1.718523026,1.63,1.632334232,1.63,1.843167782,1.63,1.774984121,0.67,0.668524623,0.67,0.659624457,0.67,0.641330719,0.67,0.742911577,0.95,0.95305419,0.95,1.147834182,0.95,0.935654759,0.95,1.030050039,2.79,2.619434595,2.79,2.893658876,2.79,2.610039473,2.79,2.44478035,8,7.566947937,8,7.750244141,8,7.825966835,8,7.795190334,0.7,0.844986081,0.7,0.47522983,0.7,1.066207886,0.7,0.833101034,8.4,8.11286068,8.4,8.580777168,8.4,9.029994011,8.4,8.4883461,0.81,0.850235105,0.81,0.92275703,0.81,0.855427504,0.81,0.80733639,5.27,5.546332359,5.27,5.275516033,5.27,5.498399734,5.27,5.669546127,0.73,1.220973253,0.73,1.167649746,0.73,1.145813227,0.73,1.35978508,1.49,1.530534267,1.49,1.669507265,1.49,1.817071676,1.49,1.68501687,4.43,4.527666569,4.43,4.424614906,4.43,4.464467049,4.43,4.531429291,0.95,1.032031178,0.95,0.959317803,0.95,1.009382844,0.95,0.931459606,0.67,0.752165198,0.67,0.831203818,0.67,0.837568045,0.67,0.794653893,2.12,1.939987183,2.12,2.154674292,2.12,2.343023539,2.12,2.295927286,6.47,6.86580658,6.47,7.226449966,6.47,6.409438133,6.47,6.585522175,8.39,8.504966736,8.39,8.919613838,8.39,8.203805923,8.39,8.424868584,3.95,4.089664459,3.95,4.247078419,3.95,4.259308815,3.95,3.926751375,1.3,2.418452501,1.3,2.226478577,1.3,2.063497305,1.3,2.229923725,0.84,0.980914593,0.84,0.780540586,0.84,0.959036112,0.84,0.791823089,6.26,6.550451279,6.26,6.765916348,6.26,6.629624367,6.26,6.477426529,6.48,6.296916962,6.48,6.140740395,6.48,6.279947281,6.48,6.186993599,8,7.809238434,8,7.61221981,8,7.535301208,8,7.61972332,4.5,4.593338013,4.5,4.367809296,4.5,4.476037979,4.5,4.545879364,0.95,0.984656572,0.95,0.9180516,0.95,1.01903379,0.95,0.930616617,6.47,6.630998611,6.47,6.799685001,6.47,6.60655117,6.47,6.474773407,1.04,1.090524793,1.04,1.020797253,1.04,1.107125282,1.04,1.212481737,1.88,1.881603479,1.88,1.774690866,1.88,1.934967279,1.88,1.737771988,1.3,2.450767756,1.3,2.06453228,1.3,2.18132472,1.3,2.294771194,4.51,4.421201706,4.51,4.450846195,4.51,4.473649025,4.51,4.480586052,0.95,0.934690714,0.95,0.901594102,0.95,1.044070482,0.95,1.091427803,0.77,0.742526174,0.77,0.841644585,0.77,0.805664659,0.77,0.854400694,0.82,1.171073437,0.82,0.427391618,0.82,0.950888038,0.82,0.964475274,4.36,5.57036829,4.36,5.303854465,4.36,5.342333794,4.36,5.106648445,8.71,7.760315895,8.71,7.921310425,8.71,7.771598816,8.71,7.907524109,0.73,0.911996484,0.73,1.014101863,0.73,0.988310337,0.73,0.782524765,6.6,7.137067795,6.6,7.110520363,6.6,6.961041451,6.6,7.533259392,0.56,0.893236041,0.56,0.909288764,0.56,0.769342601,0.56,0.661642015,6.15,5.742778301,6.15,5.457481384,6.15,6.043613434,6.15,5.946252823,4.31,4.499281883,4.31,4.524338245,4.31,4.485940933,4.31,4.539843082,0.95,0.748854756,0.95,0.877272725,0.95,1.021463871,0.95,0.878063917,0.77,0.854870319,0.77,0.920231342,0.77,0.94437325,0.77,0.888745725,0.95,0.941522598,0.95,0.876960695,0.95,0.976387262,0.95,0.99646771,7.62,6.199626923,7.62,6.335662842,7.62,6.489162445,7.62,6.664999962,3.62,3.179683447,3.62,2.712075472,3.62,3.259571075,3.62,3.196351528,0.86,0.904661417,0.86,0.420486778,0.86,0.986308455,0.86,0.660209358,0.95,1.132228732,0.95,0.690620661,0.95,0.992479146,0.95,0.88495791,0.93,1.046686172,0.93,1.373428702,0.93,1.191443443,0.93,1.120542526,0.97,0.75921309,0.97,0.626554132,0.97,1.394337416,0.97,1.345780849,6.47,6.551561356,6.47,6.388674736,6.47,6.498009682,6.47,6.49648428,0.95,0.98676753,0.95,0.953347683,0.95,0.892558575,0.95,0.961890399,0.69,0.826365948,0.69,0.697769046,0.69,0.621314049,0.69,0.739096344,7.44,7.968487263,7.44,7.733851433,7.44,7.861098289,7.44,7.866587162,0.93,1.040223837,0.93,1.441952109,0.93,1.183848381,0.93,1.138251305,0.9,1.235928655,0.9,0.887768388,0.9,1.169126749,0.9,1.446231604,0.67,0.662961245,0.67,0.627157092,0.67,0.764691353,0.67,0.703668058,0.95,1.03492558,0.95,1.006291509,0.95,0.979382515,0.95,0.921653688,4.85,4.935487747,4.85,4.796684265,4.85,4.931736946,4.85,4.612484455,6.06,6.180438042,6.06,5.703174114,6.06,6.118413925,6.06,5.982402325,2.16,2.042178631,2.16,2.146169424,2.16,2.055297375,2.16,2.106498718,8,7.522465706,8,7.533477783,8,7.800096512,8,7.60302639,1.63,1.975398421,1.63,1.871620536,1.63,2.025170326,1.63,1.815721035,0.88,1.264867306,0.88,1.160938621,0.88,1.279805899,0.88,1.228269339,4.4,4.529697418,4.4,4.454491138,4.4,4.473171234,4.4,4.591375828,0.95,1.003299356,0.95,0.642686248,0.95,1.084273934,0.95,0.974954724,0.94,0.825767994,0.94,1.097194552,0.94,0.98143363,0.94,0.780826867,4.8,5.336549759,4.8,5.125729561,4.8,5.888004303,4.8,5.763231754,4.88,5.035189629,4.88,4.92042923,4.88,4.812161446,4.88,4.681995869,0.95,0.932634711,0.95,0.861601233,0.95,0.982193232,0.95,0.963445067,3.75,3.827953577,3.75,3.830819368,3.75,3.65981555,3.75,4.010166168,6.15,5.554168224,6.15,5.345126152,6.15,5.820616722,6.15,5.579477787,4.5,4.447366714,4.5,4.393354416,4.5,4.444540024,4.5,4.493600845,5,5.813736916,5,5.951614857,5,6.45682621,5,6.080693245
4.1,3.998199463,4.1,5.304694176,4.1,4.487073898,4.1,5.077843666,0.95,0.810863853,0.95,1.099476695,0.95,1.134045601,0.95,1.048210621,1.05,1.165072322,1.05,1.330670714,1.05,1.112675667,1.05,0.90394634,0.6,0.623341322,0.6,0.546131372,0.6,0.244002789,0.6,0.526233792,0.84,0.913349509,0.84,1.013586521,0.84,0.866569519,0.84,1.00206089,0.95,0.719285846,0.95,0.672196031,0.95,1.359382033,0.95,0.733361959,4.02,3.955393553,4.02,4.148825645,4.02,3.926843405,4.02,4.052450657,9.7,6.522033215,9.7,6.867156506,9.7,7.582877159,9.7,8.210785866,5.73,6.415419102,5.73,6.227282047,5.73,6.89689827,5.73,6.145843029,0.95,1.083141804,0.95,0.591304481,0.95,0.909985602,0.95,0.796885073,0.87,0.934102774,0.87,0.954383731,0.87,0.958524704,0.87,0.903557062,4.2,3.938725948,4.2,4.378937721,4.2,4.119656563,4.2,5.016664505,3.37,3.432903767,3.37,4.009725571,3.37,4.029735088,3.37,3.589243889,4.8,5.350395679,4.8,5.000350475,4.8,5.195354462,4.8,5.344741344,4.1,5.074663162,4.1,5.016728878,4.1,5.788357735,4.1,4.964128494,6.5,5.812633991,6.5,5.520280361,6.5,5.602588654,6.5,7.064341545,0.69,0.884005785,0.69,0.597342849,0.69,0.854083776,0.69,0.942743599,8.6,8.888694763,8.6,7.596161366,8.6,8.493953705,8.6,8.373427391,1.93,2.016933203,1.93,2.19133234,1.93,2.29790473,1.93,2.31204915,0.88,1.116683722,0.88,0.86530149,0.88,0.998949647,0.88,1.111885786,4.02,4.294275761,4.02,3.796046495,4.02,4.043049812,4.02,3.935798407,1.88,1.960300922,1.88,1.799024463,1.88,1.935165167,1.88,1.716808081,9.45,7.520955086,9.45,7.165127277,9.45,7.939423561,9.45,8.111262321,4.35,4.273425579,4.35,4.378842354,4.35,4.784101486,4.35,4.052900791,0.6,0.652259469,0.6,0.424410433,0.6,0.824922502,0.6,0.757724822,3.64,3.501303434,3.64,3.745690346,3.64,4.206624985,3.64,4.055992603,1.05,0.980262101,1.05,0.829482913,1.05,1.017074347,1.05,0.925547302,0.95,1.078801155,0.95,0.739663005,0.95,0.997130632,0.95,0.923805416,6.06,6.162871361,6.06,6.651324749,6.06,7.270050049,6.06,6.932414055,7.44,8.10033989,7.44,7.959077835,7.44,8.542250633,7.44,8.684651375,3.04,2.732054234,3.04,2.963096619,3.04,3.090214491,3.04,3.07839942,6.26,6.610103607,6.26,6.808794975,6.26,6.922424316,6.26,6.737988472,6.47,5.980209351,6.47,5.711239815,6.47,6.244161606,6.47,5.895233154,3.62,3.186753511,3.62,2.923784494,3.62,2.937144995,3.62,2.811461449,4.1,4.283367157,4.1,4.264389515,4.1,4.584025383,4.1,4.503371716,3.12,3.022209644,3.12,2.848448992,3.12,3.113849878,3.12,3.222527504,3.6,3.522820234,3.6,3.119608879,3.6,3.443886042,3.6,3.704359531,0.7,1.211153746,0.7,1.033370852,0.7,1.001539111,0.7,0.882799208,0.73,1.204388738,0.73,1.165362716,0.73,1.125326514,0.73,1.321432352,0.95,0.917317808,0.95,0.917175412,0.95,1.101415753,0.95,0.969645321,3.75,3.956696033,3.75,3.863531113,3.75,3.955616474,3.75,4.171600819,3.64,3.537503242,3.64,3.435014486,3.64,3.690342426,3.64,3.688977957,1.88,1.754906178,1.88,1.750688314,1.88,1.928806782,1.88,1.769927025,0.95,0.954456687,0.95,0.818795085,0.95,0.950532198,0.95,1.012571812,7.62,8.191633224,7.62,7.883853912,7.62,8.123576164,7.62,7.84157896,7.94,5.498652458,7.94,5.441808701,7.94,5.713429451,7.94,5.86560297,1.93,2.014850378,1.93,1.635774493,1.93,2.11513567,1.93,1.947308779,0.95,0.974277496,0.95,0.847425818,0.95,1.024413109,0.95,0.942105472,4.85,4.702279091,4.85,4.695979118,4.85,4.758669853,4.85,4.421778679,3.18,2.940294027,3.18,2.810592651,3.18,3.2096138,3.18,3.127182007,7.62,6.567130089,7.62,6.758151054,7.62,6.543901443,7.62,6.391009331,3.2,4.217645645,3.2,4.091826439,3.2,4.265229225,3.2,4.551734924,4.85,4.795381069,4.85,4.672768116,4.85,4.772689819,4.85,4.476593018,0.95,0.862084568,0.95,0.872614741,0.95,1.062130928,0.95,0.95574379,1.88,1.881603479,1.88,1.774690866,1.88,1.934967279,1.88,1.737771988,3.18,2.896579742,3.18,2.646664381,3.18,3.074090958,3.18,2.99463582,3.95,4.43823719,3.95,4.240398884,3.95,4.428816795,3.95,4.149889946,6.1,5.997442245,6.1,6.425292969,6.1,6.268820763,6.1,5.875487328,4.4,4.487439156,4.4,4.487730503,4.4,4.477697372,4.4,4.508855343,8.71,7.733251572,8.71,7.910307884,8.71,7.725954056,8.71,7.915482044,6.47,6.292654037,6.47,6.198699951,6.47,6.528847694,6.47,6.197087288,0.95,0.933142304,0.95,1.002976418,0.95,0.951362371,0.95,1.086077929,1.49,1.942382097,1.49,1.742108941,1.49,1.877928257,1.49,1.710994482,5.1,4.483247757,5.1,4.457216263,5.1,4.736782074,5.1,4.877310753,4.75,4.98468399,4.75,4.789783001,4.75,4.95550251,4.75,5.641756058,2.12,1.923703432,2.12,1.928198218,2.12,2.230809212,2.12,2.217205286,5.73,6.200357914,5.73,6.26745224,5.73,6.321596146,5.73,6.399673462,0.95,0.977739692,0.95,0.926525712,0.95,0.956028819,0.95,0.935488939,1.63,1.928257942,1.63,1.782107353,1.63,2.013121128,1.63,1.756694555,3.64,3.43335247,3.64,2.942151308,3.64,3.31563139,3.64,3.43603611,4.75,4.930795193,4.75,4.61527729,4.75,4.841313362,4.75,5.414943218,0.95,0.916383743,0.95,0.914657712,0.95,0.914652586,0.95,1.012958527,6.48,6.220035553,6.48,6.035367012,6.48,6.184962273,6.48,6.743718147,0.88,1.202662587,0.88,0.816919208,0.88,1.236420751,0.88,1.066389561,4.75,4.872686386,4.75,4.553196907,4.75,4.790719986,4.75,5.363456726,0.95,1.161392927,0.95,0.654334426,0.95,0.953262806,0.95,0.992349565,0.59,0.652126074,0.59,0.862848163,0.59,0.645024955,0.59,0.595902264,0.88,1.255403638,0.88,0.900908828,0.88,1.249675751,0.88,1.104542732,2.16,1.973068833,2.16,2.142810822,2.16,2.207495689,2.16,2.1424582,4.2,4.069229603,4.2,4.323988914,4.2,4.486857414,4.2,4.419233799,9.45,9.260616302,9.45,9.671068192,9.45,9.722015381,9.45,9.705973625,7.94,5.399619102,7.94,5.478932381,7.94,6.140141487,7.94,5.991984367,2.16,1.936725855,2.16,2.142763615,2.16,2.129357338,2.16,2.122638941,0.95,0.9713943,0.95,0.893312454,0.95,1.099721551,0.95,0.937246025,0.94,0.82127142,0.94,1.050610423,0.94,0.842238665,0.94,0.785865247,3.2,3.254448652,3.2,3.318783998,3.2,3.84202981,3.2,3.504709721,0.8,0.975171089,0.8,0.807754397,0.8,1.117692232,0.8,1.003279209,7.89,7.886571884,7.89,7.619941711,7.89,8.109546661,7.89,7.828137398,4.4,4.534053802,4.4,4.458705902,4.4,4.479348183,4.4,4.585777283,0.97,0.841361642,0.97,0.997032762,0.97,1.491187453,0.97,1.539533377,0.85,0.905900717,0.85,0.787483811,0.85,1.007105589,0.85,1.299334884,0.95,0.986053228,0.95,0.806814075,0.95,0.824990034,0.95,0.987173021,0.7,0.764913678,0.7,0.908462882,0.7,0.877963662,0.7,0.706880271,6.1,6.226710796,6.1,5.907907009,6.1,6.867631912,6.1,6.297642231,0.84,0.823655367,0.84,1.016996264,0.84,0.962643623,0.84,0.953107238,5,5.737809181,5,5.941782951,5,6.432009697,5,6.106258392,0.64,0.544906855,0.64,0.889234424,0.64,0.809557676,0.64,0.549942911,7.94,6.030959129,7.94,6.170414448,7.94,6.571329117,7.94,6.219605446,6.06,6.619383335,6.06,6.44777441,6.06,6.457100868,6.06,6.490176201,0.95,0.999299049,0.95,0.929149866,0.95,0.892332554,0.95,0.921406269
0.7,0.612798929,0.7,0.040248446,0.7,1.145758748,0.7,0.714987099,7.1,6.032176495,7.1,7.815209389,7.1,5.489599228,7.1,7.23584938,3.64,2.968130827,3.64,4.56984663,3.64,4.218666077,3.64,3.798928738,0.97,0.571556926,0.97,1.16864872,0.97,0.387943029,0.97,0.532398939,0.6,0.641372561,0.6,0.370510429,0.6,0.626577973,0.6,0.566214561,6.12,4.946304321,6.12,4.790574551,6.12,5.846388817,6.12,5.798952103,5.73,5.96630764,5.73,6.075336933,5.73,6.505137444,5.73,6.393534184,0.95,0.915076852,0.95,0.622863293,0.95,0.874154806,0.95,0.772693753,5.73,6.415419102,5.73,6.227282047,5.73,6.89689827,5.73,6.145843029,2.71,3.015277863,2.71,3.844211817,2.71,3.230172396,2.71,3.85590744,1.05,1.253342867,1.05,0.945111632,1.05,1.287572384,1.05,0.996812522,5.1,5.007991314,5.1,4.532205582,5.1,4.774225235,5.1,4.81372261,0.84,0.948262215,0.84,0.920318127,0.84,0.973272204,0.84,1.005735397,7.89,6.72247982,7.89,6.896924496,7.89,8.243487358,7.89,7.529595375,0.56,0.62605381,0.56,0.452538818,0.56,0.773563504,0.56,0.438812256,0.95,0.981599569,0.95,0.97368896,0.95,0.924873829,0.95,0.923562706,6.47,6.95681572,6.47,6.315069675,6.47,7.361487389,6.47,7.032668114,0.95,1.261356354,0.95,1.018892884,0.95,1.091073275,0.95,0.921623468,2.79,2.346822023,2.79,2.118008614,2.79,2.236043692,2.79,2.467229605,0.95,1.045232296,0.95,0.854311585,0.95,1.039436102,0.95,1.02155447,0.87,0.970233679,0.87,0.896153331,0.87,0.88685298,0.87,0.942030728,0.95,1.257610202,0.95,0.975334525,0.95,1.155184388,0.95,0.992951334,1.49,1.651599526,1.49,1.8582021,1.49,1.722964048,1.49,1.490208864,0.95,0.975934923,0.95,0.869987369,0.95,0.939442754,0.95,1.017645597,0.75,0.766771197,0.75,0.497938484,0.75,0.424973965,0.75,0.708225012,0.95,0.961198807,0.95,0.933363795,0.95,0.927636683,0.95,0.923078358,7.62,7.06968689,7.62,6.716438293,7.62,7.242915154,7.62,7.235794067,8,7.591842651,8,7.610529423,8,7.737380028,8,7.750628948,0.68,0.767901301,0.68,0.291812062,0.68,0.7455585,0.68,0.862342536,0.88,0.759740472,0.88,0.845122278,0.88,1.084948301,0.88,1.205222368,1.93,2.110022545,1.93,2.041183233,1.93,2.418274403,1.93,2.02720809,5.98,5.672585011,5.98,6.117623329,5.98,6.476498604,5.98,6.115918636,0.6,0.449327439,0.6,0.548360586,0.6,0.63242209,0.6,0.545458257,4.2,4.259203911,4.2,4.497363091,4.2,4.806373596,4.2,4.508916378,3.37,3.59701705,3.37,3.643518925,3.37,3.572924852,3.37,3.575126648,7.94,5.548066139,7.94,5.200242996,7.94,6.007278442,7.94,5.751846313,2.72,2.163503647,2.72,2.236240625,2.72,2.223710537,2.72,2.200462103,1.04,1.029423475,1.04,1.060900569,1.04,1.137248874,1.04,1.116882086,0.7,0.778283358,0.7,0.528898358,0.7,1.099783301,0.7,0.810986996,0.9,0.847805262,0.9,1.076023698,0.9,1.124130845,0.9,0.833113611,1.63,1.667935729,1.63,1.694208264,1.63,1.848564506,1.63,1.713170052,3.62,3.578440189,3.62,3.485655546,3.62,3.735159397,3.62,3.732056618,0.75,0.771026254,0.75,0.622794986,0.75,0.853313923,0.75,0.793249965,0.95,0.968663216,0.95,0.923066497,0.95,1.02532959,0.95,1.002449393,4.36,4.478434086,4.36,4.344387531,4.36,4.466090202,4.36,4.483745575,0.95,1.067417145,0.95,0.899567008,0.95,1.080448747,0.95,1.07927537,0.87,0.937732935,0.87,0.929588199,0.87,0.89965415,0.87,0.819251418,0.95,0.920228243,0.95,0.962671638,0.95,0.959313631,0.95,0.950641572,0.7,0.737782955,0.7,0.697649002,0.7,1.046360493,0.7,0.932318509,7.1,6.924398899,7.1,6.941257477,7.1,6.876595497,7.1,6.931635857,1.05,1.074844599,1.05,0.878751636,1.05,1.095558882,1.05,1.027318001,6.8,7.132277966,6.8,7.202717781,6.8,7.093682289,6.8,7.007659435,4.38,4.523559093,4.38,4.41909647,4.38,4.475317001,4.38,4.524895668,6.5,6.263542175,6.5,6.435412884,6.5,6.332816124,6.5,6.716796875,0.8,0.68611455,0.8,0.719331503,0.8,0.871545851,0.8,1.031854868,8.71,7.679124355,8.71,7.88830471,8.71,7.634662628,8.71,7.791103363,0.56,0.970813274,0.56,0.917422891,0.56,0.632737696,0.56,0.745288551,6.8,6.986270905,6.8,7.316133976,6.8,7.031427383,6.8,6.879017353,0.67,0.68386054,0.67,0.877495646,0.67,1.007254839,0.67,0.761283338,6.26,6.53426075,6.26,6.52419281,6.26,6.5487957,6.26,6.473007202,0.59,0.520183086,0.59,0.626664042,0.59,0.718631983,0.59,0.5588184,4.8,5.16964817,4.8,5.297668457,4.8,5.39336586,4.8,5.817304611,6.06,6.4477911,6.06,6.35837698,6.06,6.690856934,6.06,6.3748703,0.95,0.787093282,0.95,0.907631636,0.95,1.017579794,0.95,0.876014769,4.02,3.825888872,4.02,3.830353498,4.02,3.990406752,4.02,4.181518555,6.06,5.992036343,6.06,5.955373287,6.06,6.429460526,6.06,6.21685791,0.84,0.979047537,0.84,0.733228087,0.84,1.014478087,0.84,0.829307616,5.98,5.873810768,5.98,5.607838631,5.98,5.906497955,5.98,6.22177887,4.88,5.103961468,4.88,4.757752419,4.88,5.038398743,4.88,4.824648857,3.12,3.80572772,3.12,2.81220603,3.12,3.278630018,3.12,3.531240225,0.73,1.218597293,0.73,1.362753034,0.73,1.442279339,0.73,1.350539684,0.95,0.924972892,0.95,0.871041775,0.95,0.963379622,0.95,0.967250168,3.6,3.656360388,3.6,3.286160231,3.6,3.472075701,3.6,3.746436834,4.7,4.76761055,4.7,4.86996603,4.7,5.126796722,4.7,4.717327118,6.47,6.383464336,6.47,6.591001511,6.47,6.778779984,6.47,6.959601402,0.95,0.953926325,0.95,0.88116473,0.95,0.971426249,0.95,1.011468291,4.02,4.172019005,4.02,3.775140047,4.02,3.945392847,4.02,4.153030872,0.95,0.93857646,0.95,0.833829284,0.95,0.959789515,0.95,0.948415101,2.72,2.145447016,2.72,2.280890703,2.72,2.370590925,2.72,2.289634943,5.27,4.215841293,5.27,4.136487961,5.27,4.538549423,5.27,4.340110302,0.56,0.64003253,0.56,0.860277295,0.56,0.854685187,0.56,0.714826047,0.95,1.089682341,0.95,0.956966758,0.95,1.037858009,0.95,0.952317715,1.93,1.91862154,1.93,1.723034739,1.93,2.012387037,1.93,2.084442139,5.1,5.282353401,5.1,5.020990849,5.1,5.571653366,5.1,5.366305351,6.15,6.172501087,6.15,5.933247089,6.15,5.934318542,6.15,6.076766968,5.27,6.037133217,5.27,5.505055428,5.27,5.99489212,5.27,5.869161129,4.42,4.576506615,4.42,4.488906384,4.42,4.487828255,4.42,4.601287842,0.95,1.02046752,0.95,0.994756579,0.95,0.979419231,0.95,0.921194017,3.04,2.928704262,3.04,2.680006504,3.04,2.975390196,3.04,3.23591876,0.9,1.125674844,0.9,0.870380044,0.9,1.154202938,0.9,1.620398998,0.7,0.874174833,0.7,0.757192016,0.7,0.97728157,0.7,1.267794728,6.6,6.963136673,6.6,6.999909878,6.6,7.31237793,6.6,7.034136772,1.42,1.778824449,1.42,1.840590596,1.42,1.583370805,1.42,1.751140118,0.95,0.996656179,0.95,0.926518202,0.95,0.841267109,0.95,0.94075942,0.85,0.994092464,0.85,0.866764188,0.85,1.087859154,0.85,1.420209408,8.4,8.331015587,8.4,8.222330093,8.4,8.65678215,8.4,8.743702888,0.93,1.217702627,0.93,1.615650058,0.93,1.084895253,0.93,1.305397272,0.82,0.74848485,0.82,0.91705358,0.82,1.030613899,0.82,1.10900712,3.04,3.032849073,3.04,2.767138004,3.04,3.188843966,3.04,3.283157587,1.1,1.285214782,1.1,1.348517299,1.1,1.582716346,1.1,1.598268032
6.47,5.019450188,6.47,5.435754299,6.47,5.456535339,6.47,5.264282227,4.2,5.426198006,4.2,5.003756046,4.2,4.539858818,4.2,4.436310291,0.73,1.998734474,0.73,1.870048404,0.73,1.821768045,0.73,1.159669876,1.04,0.860224247,1.04,0.886092901,1.04,0.918274939,1.04,1.255669355,6.64,5.477484703,6.64,4.817536831,6.64,6.049211502,6.64,6.192278385,1.88,1.899922252,1.88,1.867461681,1.88,1.610270262,1.88,1.638003588,4.88,5.628080368,4.88,5.557368755,4.88,5.910567284,4.88,5.444964409,2.8,3.685744286,2.8,5.123794556,2.8,4.581858635,2.8,4.441717625,0.85,0.776444912,0.85,0.309223652,0.85,0.735023856,0.85,1.075832844,6.1,5.54282856,6.1,6.047525883,6.1,6.937815666,6.1,6.129464149,3.75,4.412847042,3.75,4.701474667,3.75,4.822859764,3.75,4.494243145,0.82,1.078555107,0.82,0.974642515,0.82,1.015982628,0.82,1.300689936,3.75,4.170777321,3.75,4.633131981,3.75,5.085775375,3.75,4.644020081,5.98,5.237495899,5.98,4.775060654,5.98,5.030532837,5.98,4.496410847,0.59,0.561004162,0.59,0.913031459,0.59,0.779202223,0.59,1.059456825,6.47,5.103058338,6.47,4.97684288,6.47,5.301769257,6.47,5.495010376,4.02,4.243837357,4.02,3.993252516,4.02,4.017303467,4.02,3.871982098,0.95,0.884054542,0.95,0.864006639,0.95,1.110503793,0.95,0.898701489,4.31,4.694606781,4.31,4.460830688,4.31,4.484537125,4.31,4.612253666,0.95,1.051625133,0.95,1.010063052,0.95,0.950339019,0.95,1.026707649,4.38,4.465654373,4.38,4.395817757,4.38,4.469435692,4.38,4.610460758,8.39,8.310958862,8.39,8.212809563,8.39,8.015640259,8.39,7.800860882,4.36,4.891227722,4.36,4.957599163,4.36,5.396660805,4.36,4.963868618,3.2,4.518922806,3.2,4.452914715,3.2,4.74793148,3.2,4.965335846,6.48,6.192344666,6.48,5.522727966,6.48,6.235138893,6.48,6.37982893,0.95,1.143506885,0.95,0.810529232,0.95,1.027884245,0.95,1.023053646,1.63,1.867931008,1.63,2.11688447,1.63,1.812039614,1.63,1.535792112,7.1,5.149370193,7.1,5.427781582,7.1,5.92761898,7.1,5.806680679,0.84,0.798176408,0.84,0.759693027,0.84,0.826233149,0.84,0.834960341,0.82,0.724891663,0.82,1.041701913,0.82,0.745943785,0.82,0.822306871,7.62,7.992805481,7.62,7.517704964,7.62,8.077393532,7.62,8.394030571,0.95,0.932830691,0.95,0.789971232,0.95,0.938862562,0.95,1.012341022,4.01,4.219144344,4.01,4.555140018,4.01,4.468650818,4.01,4.881362915,0.95,1.294237137,0.95,0.823994517,0.95,0.962596476,0.95,0.859841526,0.7,0.502911329,0.7,0.617906332,0.7,0.674195051,0.7,0.551511109,8,7.613973618,8,7.604499817,8,8.002281189,8,7.677776337,0.56,0.53421694,0.56,0.674382329,0.56,0.758327842,0.56,0.695352018,0.82,0.761472225,0.82,0.766250491,0.82,0.751038671,0.82,0.797318816,6.06,6.7054739,6.06,6.655800819,6.06,7.1236763,6.06,6.826514244,8.4,8.455680847,8.4,8.436594963,8.4,8.894935608,8.4,8.632318497,3.95,3.986165762,3.95,4.238818645,3.95,4.100546837,3.95,3.842588902,7.39,7.903603077,7.39,7.684318066,7.39,7.388250351,7.39,7.762522221,4.39,4.706051826,4.39,4.452820778,4.39,4.474378586,4.39,4.582904816,6.26,6.623875618,6.26,6.867084026,6.26,6.641139984,6.26,6.465211868,4.01,4.318861008,4.01,3.919015646,4.01,4.495934486,4.01,4.663680553,6.47,5.980681419,6.47,5.973657608,6.47,6.072250366,6.47,5.86857605,4.75,4.893102646,4.75,4.561549664,4.75,5.045955658,4.75,5.233922958,0.95,0.927751303,0.95,1.033661842,0.95,0.944566011,0.95,1.020051718,0.68,0.76850462,0.68,0.629314661,0.68,0.95414561,0.68,0.899857461,0.95,1.061271667,0.95,0.897696733,0.95,1.09768033,0.95,0.945788324,2.16,2.158290625,2.16,2.226258755,2.16,2.263208628,2.16,2.157146454,8.39,8.339289665,8.39,8.692071915,8.39,8.11909008,8.39,8.37194252,2.72,2.245260477,2.72,2.324810982,2.72,2.350256681,2.72,2.287269354,3.18,2.892473936,3.18,2.675880909,3.18,3.117950201,3.18,3.02396512,0.6,0.725317955,0.6,0.765592217,0.6,0.924436331,0.6,1.07357645,6.1,6.042636871,6.1,6.491426468,6.1,6.267193794,6.1,5.889996052,6.48,6.333733082,6.48,6.055689812,6.48,6.259577751,6.48,6.387682915,2.8,3.255424738,2.8,2.938843489,2.8,3.525999069,2.8,3.32886076,4.43,4.415066719,4.43,4.445299149,4.43,4.474367142,4.43,4.474456787,8.6,9.04795742,8.6,8.989430428,8.6,8.990569115,8.6,9.029370308,4.88,5.224025249,4.88,4.86649704,4.88,4.993436813,4.88,4.791654587,6.8,6.92331934,6.8,7.190761089,6.8,7.012692451,6.8,6.837575912,1.63,1.999234438,1.63,1.798942089,1.63,1.958172083,1.63,1.784583569,3.62,3.100568295,3.62,2.770322084,3.62,3.163781881,3.62,3.096853018,2.79,2.882139444,2.79,2.78542161,2.79,3.076408863,2.79,2.861949921,0.9,1.155043125,0.9,0.917507768,0.9,1.196441412,0.9,1.110334396,0.69,0.629591942,0.69,0.966253161,0.69,0.659047365,0.69,0.738082111,0.76,0.811484456,0.76,0.543120265,0.76,0.595558167,0.76,0.943499684,0.59,0.573449373,0.59,0.742895484,0.59,0.791027188,0.59,0.575020492,0.95,0.979645491,0.95,0.889226317,0.95,0.958202958,0.95,0.925431788,4.88,5.070381641,4.88,4.745079517,4.88,5.084724426,4.88,4.765965462,0.76,0.765263081,0.76,0.556434035,0.76,0.626089752,0.76,0.87537241,4.4,4.491672516,4.4,4.492440701,4.4,4.489985466,4.4,4.540999889,0.82,0.991208076,0.82,0.385031074,0.82,0.828893423,0.82,0.981500089,2.79,2.813602686,2.79,2.698543787,2.79,3.039655447,2.79,2.779167891,0.7,1.013619661,0.7,0.857987761,0.7,1.035767436,0.7,0.896619618,1.49,1.688838482,1.49,1.712970734,1.49,1.871602774,1.49,1.643467188,0.9,1.291053295,0.9,0.896459937,0.9,1.176588058,0.9,1.359147787,0.75,0.634322882,0.75,0.449510425,0.75,0.647659063,0.75,0.682721615,0.95,1.193416595,0.95,0.978029132,0.95,1.012497663,0.95,1.032042861,7.62,6.334257126,7.62,6.272278786,7.62,6.476951599,7.62,6.578326225,0.95,0.933521867,0.95,0.742895961,0.95,1.019965768,0.95,1.03006649,0.86,0.820116043,0.86,0.480622143,0.86,0.94875896,0.86,0.681676805,7.1,5.339195251,7.1,5.208337784,7.1,5.755805016,7.1,5.784204006,3.64,3.771864653,3.64,3.509124279,3.64,3.704394579,3.64,4.098548889,8,7.543324471,8,7.544125557,8,7.771255493,8,7.635213852,0.69,0.497565001,0.69,0.136781543,0.69,0.662501931,0.69,0.781274617,0.95,0.586916924,0.95,0.789989114,0.95,1.03374362,0.95,1.057078481,0.68,1.093795538,0.68,0.928171039,0.68,1.242236972,0.68,1.099535108,0.82,0.666242361,0.82,0.690643191,0.82,0.93034929,0.82,0.86437577,1.42,1.707363129,1.42,1.825083733,1.42,1.597961426,1.42,1.744491339,4.8,5.316448212,4.8,5.121979713,4.8,5.8396101,4.8,5.711812496,0.75,0.487434119,0.75,0.499946445,0.75,0.60454154,0.75,0.675145388,8.71,8.777733803,8.71,8.884450912,8.71,8.993250847,8.71,9.140847206,0.73,1.377749801,0.73,1.507449865,0.73,1.177247047,0.73,1.300492764,0.95,0.981758118,0.95,0.918879151,0.95,0.817276478,0.95,0.947739363,6.47,6.71534729,6.47,6.478783607,6.47,6.497408867,6.47,6.418519974,0.95,1.539557934,0.95,0.733374834,0.95,1.059164524,0.95,0.939952135,0.84,0.787485361,0.84,1.037243247,0.84,0.941576719,0.84,0.952408075,7.39,7.395153999,7.39,7.287097931,7.39,8.163593292,7.39,7.36530304
3.64,2.843877554,3.64,4.448737144,3.64,3.845356226,3.64,4.395815372,7.39,7.314701557,7.39,4.502865314,7.39,7.62931633,7.39,6.309971333,1.42,0.768292785,1.42,1.745549321,1.42,1.205155492,1.42,0.541827917,0.95,0.145678371,0.95,0.455286831,0.95,0.739464283,0.95,0.907315016,7.62,6.1783638,7.62,4.86435318,7.62,6.954730034,7.62,7.228409767,5.9,4.550541878,5.9,4.676316261,5.9,4.025473595,5.9,4.392580032,2.79,2.021239996,2.79,2.193189859,2.79,2.044157267,2.79,1.743177176,0.6,0.623634934,0.6,0.350612521,0.6,0.493039936,0.6,0.499339998,3.6,3.253124237,3.6,3.363012552,3.6,3.399713039,3.6,3.426856995,1.49,1.427746654,1.49,1.607500196,1.49,1.364895701,1.49,1.839792013,0.6,0.203998774,0.6,0.517591953,0.6,0.79963243,0.6,0.630019903,0.95,0.800927281,0.95,0.831009746,0.95,0.889773488,0.95,0.919971645,7.62,7.379889488,7.62,6.636890411,7.62,7.642371178,7.62,7.428018093,5.9,4.176325798,5.9,4.427520752,5.9,4.124279022,5.9,3.610415459,0.84,0.877913356,0.84,0.724721789,0.84,0.781658888,0.84,0.647113085,8.4,7.698474884,8.4,7.887369633,8.4,8.679884911,8.4,8.539885521,4.1,4.985534668,4.1,4.879173279,4.1,5.29563427,4.1,4.635286331,0.95,0.888090014,0.95,0.51980418,0.95,0.814734995,0.95,0.833350301,3.95,3.583781481,3.95,3.723813057,3.95,3.518244028,3.95,3.914816856,4.35,4.078866959,4.35,4.25962162,4.35,4.03001976,4.35,3.827611685,4.85,4.364393711,4.85,4.502094269,4.85,4.664060593,4.85,4.539151192,0.9,0.717333674,0.9,1.424040794,0.9,0.947377264,0.9,1.494889975,0.81,0.911070466,0.81,0.841780066,0.81,0.871867657,0.81,0.983613312,0.95,1.019477725,0.95,1.037551761,0.95,0.945419908,0.95,1.024346352,6.15,5.910861492,6.15,6.528310299,6.15,6.510437012,6.15,6.737336159,3.37,3.291431904,3.37,3.255118608,3.37,3.442097664,3.37,3.556112289,4.4,4.299307346,4.4,4.358150005,4.4,4.456680298,4.4,4.674503326,0.95,1.004383564,0.95,0.88918817,0.95,0.980138063,0.95,0.924924016,0.93,0.913767219,0.93,1.216215014,0.93,0.982488692,0.93,1.026306152,3.12,3.063160658,3.12,2.830473423,3.12,3.019410372,3.12,3.497846603,0.93,0.909738898,0.93,1.22603786,0.93,0.982499361,0.93,1.024682045,1.04,0.723017633,1.04,1.152266145,1.04,1.056802988,1.04,0.96291548,3.6,3.301789999,3.6,3.285693407,3.6,3.527982473,3.6,3.708298206,0.95,0.99746871,0.95,0.88444221,0.95,0.937561154,0.95,0.927527726,4.36,4.427171707,4.36,4.438444138,4.36,4.461366653,4.36,4.592329979,0.95,0.970918536,0.95,1.171784282,0.95,0.94460094,0.95,1.021035194,1.93,2.456127644,1.93,1.780937791,1.93,2.229725599,1.93,1.807995081,3.12,2.368121386,3.12,2.617518902,3.12,2.668781996,3.12,2.664842129,7.62,8.021274567,7.62,7.871044159,7.62,7.952535629,7.62,8.085285187,5,6.113908768,5,5.80450058,5,6.409277916,5,6.186751842,0.69,0.529928923,0.69,0.619956374,0.69,0.650695324,0.69,0.789800286,3.62,3.094428778,3.62,2.903321266,3.62,2.820091724,3.62,2.893400192,6.64,6.434210777,6.64,6.448860168,6.64,6.310032845,6.64,6.328963757,0.95,1.085694671,0.95,0.880927801,0.95,0.97457242,0.95,0.926245213,4.88,5.128691673,4.88,5.191299915,4.88,5.038946152,4.88,4.819652557,1.63,1.706374884,1.63,1.597813725,1.63,1.853038073,1.63,1.668376923,4.32,4.692367077,4.32,4.385531425,4.32,4.475964546,4.32,4.572209835,7.89,7.882209301,7.89,7.573925972,7.89,7.859812737,7.89,8.1176157,0.77,0.893690228,0.77,0.774452209,0.77,0.675756931,0.77,0.90095824,1.63,1.79907608,1.63,1.558280826,1.63,1.833797812,1.63,1.66686511,2.79,2.702582121,2.79,2.570798635,2.79,2.768560886,2.79,2.562684536,1.88,1.884109497,1.88,1.578167558,1.88,1.858243346,1.88,1.712073326,0.7,0.791312456,0.7,0.779690385,0.7,0.974676609,0.7,1.031676054,9.7,9.623141289,9.7,9.094174385,9.7,9.190720558,9.7,9.433124542,0.87,0.955271363,0.87,0.936693072,0.87,0.890354633,0.87,0.840970755,0.95,0.973063588,0.95,0.779263139,0.95,1.032241702,0.95,0.95997721,0.68,0.70855546,0.68,0.813219547,0.68,0.917053103,0.68,1.140971661,3.2,4.174755573,3.2,4.102311134,3.2,4.273949623,3.2,4.497814178,0.84,0.974754333,0.84,0.652800679,0.84,0.988589704,0.84,0.811667025,0.93,0.279295415,0.93,0.667160153,0.93,0.793556333,0.93,0.479146361,3.95,4.565974236,3.95,4.226313591,3.95,4.470365524,3.95,4.234053135,5.1,4.515114307,5.1,4.470941544,5.1,4.74770546,5.1,4.937800407,4.38,4.496020794,4.38,4.52099514,4.38,4.48261261,4.38,4.532557487,8.4,8.697091103,8.4,9.023575783,8.4,8.495467186,8.4,8.635573387,0.68,0.768360853,0.68,0.709508777,0.68,0.901959062,0.68,1.321677923,4.8,5.158275127,4.8,5.227972984,4.8,5.404065132,4.8,5.760292053,0.75,0.649649143,0.75,0.526623607,0.75,0.706370354,0.75,0.728550673,5.1,5.277939796,5.1,5.193115234,5.1,5.805983543,5.1,5.398138046,5.73,6.133568287,5.73,6.207994938,5.73,6.32843399,5.73,6.411178112,0.95,0.924464464,0.95,0.850092769,0.95,0.962291479,0.95,1.010857582,4.4,4.479547501,4.4,4.493771076,4.4,4.487905502,4.4,4.53305769,7.39,7.53276825,7.39,7.475680828,7.39,7.369514465,7.39,7.498682976,0.67,0.676960468,0.67,0.670500636,0.67,0.818585873,0.67,0.707001448,0.95,0.915215611,0.95,0.930090427,0.95,0.909081936,0.95,1.009032249,1.93,1.847995639,1.93,1.66544497,1.93,1.933764935,1.93,2.127071857,1.3,2.325309753,1.3,1.847605586,1.3,2.001053333,1.3,2.446113825,4.39,4.508339882,4.39,4.484971046,4.39,4.493765831,4.39,4.552976131,8.6,8.610482216,8.6,8.905186653,8.6,8.725715637,8.6,8.868794441,0.84,0.928135872,0.84,1.103501678,0.84,1.065423012,0.84,0.853833854,2.93,2.711070538,2.93,2.40036273,2.93,2.770341396,2.93,2.998611927,4.38,4.532590866,4.38,4.482309341,4.38,4.497925758,4.38,4.568860531,7.89,7.542060852,7.89,7.717926025,7.89,7.858569145,7.89,7.819702148,0.73,0.938066721,0.73,0.91778934,0.73,1.001332521,0.73,0.810486913,0.95,0.983966351,0.95,0.89235127,0.95,0.847274065,0.95,0.971438229,7.62,6.387428284,7.62,6.246925831,7.62,6.431679726,7.62,6.510965824,0.95,1.023661137,0.95,0.983866811,0.95,0.954009533,0.95,0.95174253,6.06,6.64345026,6.06,6.41435051,6.06,6.457462311,6.06,6.385379791,8.6,8.527350426,8.6,8.614739418,8.6,8.75454998,8.6,8.742721558,6.15,6.222971439,6.15,5.944385529,6.15,5.934197426,6.15,6.042349815,0.82,0.840186119,0.82,0.527270675,0.82,0.677130222,0.82,1.070749521,4.5,4.490188599,4.5,4.427544117,4.5,4.470784187,4.5,4.569486141,4.2,4.077887058,4.2,4.481872559,4.2,4.551174164,4.2,4.523179531,4.38,4.518286705,4.38,4.445462227,4.38,4.466566086,4.38,4.593062878,8.4,8.328104973,8.4,8.247900009,8.4,8.616145134,8.4,8.711232185,6.47,6.594122887,6.47,6.604584217,6.47,6.708098412,6.47,6.87007618,2.12,1.838028669,2.12,2.223264456,2.12,2.286783934,2.12,2.254263401,4.38,4.50534153,4.38,4.434140205,4.38,4.453954697,4.38,4.601912498,7.39,7.438902855,7.39,7.280314445,7.39,8.105096817,7.39,7.396046638,6.47,6.520041466,6.47,6.380397797,6.47,6.725909233,6.47,6.841536999,6.1,6.301842213,6.1,5.911398888,6.1,6.905856133,6.1,6.459115505
2.79,1.793548226,2.79,2.182671309,2.79,1.519968748,2.79,2.22579217,0.95,1.086215258,0.95,0.516857028,0.95,-4.337395668,0.95,1.094587088,0.64,0.068969101,0.64,0.357165307,0.64,0.577851057,0.64,0.684381485,0.95,1.26530385,0.95,1.031323433,0.95,0.968595505,0.95,1.042190313,0.85,1.030581355,0.85,0.299503744,0.85,0.909305334,0.85,0.998232901,0.95,0.980858922,0.95,0.684852004,0.95,0.896717668,0.95,0.905003071,1.05,1.204125762,1.05,1.102751136,1.05,1.254337072,1.05,0.926575005,3.64,3.25868845,3.64,3.600640297,3.64,3.490734577,3.64,3.239411592,0.6,-0.022803098,0.6,0.645165324,0.6,0.767456412,0.6,0.725728393,7.44,7.570930481,7.44,6.82332325,7.44,6.682880402,7.44,7.1118536,4.88,5.620711327,4.88,5.581864357,4.88,6.211741447,4.88,5.284569263,5.9,4.075556278,5.9,4.295240402,5.9,3.6948843,5.9,3.525311708,3.04,3.362606764,3.04,3.188187361,3.04,2.898818254,3.04,2.802516937,3.18,5.000342846,3.18,4.674523354,3.18,4.377656937,3.18,3.610620975,7.62,7.612570763,7.62,6.705302715,7.62,7.657968521,7.62,7.608313084,0.95,0.54962945,0.95,0.657474875,0.95,1.009592056,0.95,0.821318269,4.42,4.451467514,4.42,4.343081951,4.42,4.47012043,4.42,4.537718773,3.12,2.350354195,3.12,2.989465952,3.12,2.339480639,3.12,2.269873142,4.43,4.416193962,4.43,4.343081951,4.43,4.467129707,4.43,4.571897984,1.1,1.169715524,1.1,1.018512249,1.1,1.380954027,1.1,1.169126153,4.4,4.259870529,4.4,4.267746449,4.4,4.456570625,4.4,4.528046608,4.35,4.29147625,4.35,4.294995308,4.35,4.383162498,4.35,3.910603046,2.16,2.196218014,2.16,1.99410069,2.16,2.112337112,2.16,2.185738325,5.27,4.444570541,5.27,4.733078003,5.27,5.198477745,5.27,4.520858288,4.88,5.063985825,4.88,5.153707027,4.88,5.587305069,4.88,5.20711422,0.9,0.695033669,0.9,1.485239506,0.9,0.971662283,0.9,1.276037097,1.88,1.957629204,1.88,2.2523458,1.88,1.938350916,1.88,1.67280817,0.95,1.323880911,0.95,0.758071601,0.95,0.911656201,0.95,0.849871755,4.36,4.360871792,4.36,4.418418884,4.36,4.4597435,4.36,4.692956448,1.49,1.622868299,1.49,1.615694642,1.49,1.828306198,1.49,1.82379508,7.62,6.816767216,7.62,6.590927601,7.62,6.946134567,7.62,6.996134758,4.7,5.306213856,4.7,5.131071091,4.7,5.24620533,4.7,5.264517784,1.93,2.219087362,1.93,1.930201888,1.93,2.377523422,1.93,1.9304986,0.56,0.930207729,0.56,0.931935906,0.56,1.009194136,0.56,0.9978019,4.02,4.266281605,4.02,4.260919094,4.02,4.139410973,4.02,4.162497997,3.75,3.807082176,3.75,3.614654064,3.75,3.664340496,3.75,4.380130768,0.94,0.897984505,0.94,0.95292747,0.94,0.904807329,0.94,0.806697726,7.1,5.812272072,7.1,5.44203949,7.1,5.741699219,7.1,5.992489815,9.45,8.486177444,9.45,8.269527435,9.45,8.565127373,9.45,9.065876961,0.95,0.993628383,0.95,0.877851307,0.95,0.995002151,0.95,0.925824583,0.6,0.437079757,0.6,0.562576532,0.6,0.643980443,0.6,0.636948764,9.7,8.906303406,9.7,8.897657394,9.7,9.383969307,9.7,9.347351074,0.7,0.555318952,0.7,0.642024398,0.7,0.70108974,0.7,0.69227916,0.9,0.852133512,0.9,1.037107348,0.9,1.145128727,0.9,0.813250124,1.93,2.078552961,1.93,1.644320846,1.93,2.115148544,1.93,1.916108608,2.62,2.549890518,2.62,2.416443586,2.62,2.35554862,2.62,3.074264765,4.36,5.400366306,4.36,5.38427496,4.36,5.281460762,4.36,5.082324505,0.95,0.962892532,0.95,0.95658958,0.95,0.94251585,0.95,0.922052979,0.7,0.737782955,0.7,0.697649002,0.7,1.046360493,0.7,0.932318509,6.1,6.244815826,6.1,6.325460434,6.1,6.314631462,6.1,6.001858234,6.47,6.636397839,6.47,6.845622063,6.47,6.61685276,6.47,6.457206726,0.95,0.867172956,0.95,1.002679467,0.95,1.057223082,0.95,0.98596859,3.04,2.7303617,3.04,2.323879242,3.04,2.981843233,3.04,2.935755253,4.7,4.755975723,4.7,5.211613655,4.7,4.865828514,4.7,4.696909428,6.47,6.625597,6.47,6.753742218,6.47,6.596247673,6.47,6.492342472,2.8,3.23532176,2.8,2.914616346,2.8,3.495783806,2.8,3.3262043,0.73,0.907488227,0.73,0.850964904,0.73,0.985542059,0.73,0.825564623,0.86,0.84841013,0.86,0.655344367,0.86,0.886631846,0.86,1.320504189,0.81,0.911324024,0.81,0.86365211,0.81,0.919301987,0.81,0.859361947,1.04,1.139043331,1.04,1.019588828,1.04,1.072949648,1.04,1.139892578,4.01,4.497567654,4.01,4.118302345,4.01,4.443354607,4.01,4.800578117,3.64,3.458395243,3.64,3.141041517,3.64,3.357555628,3.64,3.31465435,0.56,0.921731114,0.56,0.929439664,0.56,0.730440378,0.56,0.658671796,3.18,2.950354338,3.18,2.58065629,3.18,2.942983389,3.18,2.907026291,0.8,0.691403151,0.8,0.645432472,0.8,0.833515942,0.8,1.242229939,5.9,5.379709244,5.9,5.672631741,5.9,5.373328209,5.9,5.490258694,6.48,6.241599083,6.48,6.016541004,6.48,6.182403564,6.48,6.830434322,0.95,0.9409374,0.95,0.794524908,0.95,1.027664423,0.95,1.079792738,0.93,1.045461416,0.93,1.300625682,0.93,1.146181822,0.93,1.100499034,0.82,1.042342186,0.82,0.396327823,0.82,0.87000668,0.82,0.967122257,0.6,0.871749163,0.6,0.616850257,0.6,0.904078126,0.6,1.208016634,0.95,1.054017067,0.95,1.091307044,0.95,1.048847318,0.95,1.047153473,3.04,2.808605433,3.04,2.585024595,3.04,2.838124514,3.04,3.157940388,0.82,0.658823013,0.82,0.488499969,0.82,0.846926451,0.82,0.719026625,0.67,0.673792362,0.67,0.659734607,0.67,0.806316137,0.67,0.699339151,0.95,0.906509042,0.95,0.81472671,0.95,0.968141794,0.95,1.013143182,4.85,4.865093231,4.85,4.707047939,4.85,5.051630974,4.85,4.609336376,7.89,7.917419434,7.89,7.703951836,7.89,7.861208916,7.89,7.787149429,0.77,0.743148088,0.77,0.991567016,0.77,0.883235574,0.77,0.915362775,0.95,0.942951679,0.95,0.999021649,0.95,0.89499855,0.95,0.992063165,0.84,0.929639935,0.84,1.096446872,0.84,1.065351963,0.84,0.809780836,2.71,2.213404655,2.71,2.603569984,2.71,2.82491684,2.71,2.82791996,3.75,3.897414446,3.75,3.610797405,3.75,3.824175596,3.75,3.898012638,1.63,2.144297838,1.63,1.87472856,1.63,1.701841116,1.63,1.702446461,4.5,4.517408371,4.5,4.454630852,4.5,4.490596771,4.5,4.564421654,6.15,5.815708637,6.15,5.273919582,6.15,5.850783348,6.15,5.737047195,0.73,1.161248803,0.73,1.448860168,0.73,1.231664062,0.73,1.363251686,0.82,0.645681143,0.82,0.634040713,0.82,0.905282676,0.82,0.814205706,0.73,1.216220379,0.73,1.464371204,0.73,1.210942268,0.73,1.369897842,0.95,0.56546092,0.95,0.78172636,0.95,1.040627956,0.95,1.081143618,0.87,0.862008333,0.87,1.136975169,0.87,0.978413105,0.87,0.765452921,0.95,1.101288438,0.95,0.952367425,0.95,1.154046059,0.95,0.94865638,0.87,0.850528479,0.87,1.147690654,0.87,1.036037445,0.87,0.771260083,0.95,0.959783733,0.95,0.905990243,0.95,0.957821131,0.95,0.962836802,6.64,6.436585426,6.64,6.11075592,6.64,6.446983337,6.64,6.833178997,0.95,1.125167608,0.95,0.607561469,0.95,1.131794453,0.95,0.885989249,0.73,1.444013357,0.73,1.519509673,0.73,1.177733541,0.73,1.213595629,6.6,7.090995789,6.6,6.997524738,6.6,7.430366516,6.6,6.96668148,6.47,6.70795536,6.47,6.52093792,6.47,6.537592888,6.47,6.554364681,5.27,5.861019135,5.27,5.601298332,5.27,6.038614273,5.27,5.63092804
6.47,5.05907774,6.47,5.552251816,6.47,6.700913429,6.47,6.391641617,8.71,7.502155304,8.71,6.403133392,8.71,6.922820091,8.71,7.629324913,0.86,0.778748512,0.86,0.826721787,0.86,0.721847296,0.86,1.096407413,3.2,3.88658905,3.2,4.174719334,3.2,4.808116913,3.2,4.96248579,3.64,3.384851217,3.64,4.063271046,3.64,3.819633722,3.64,3.71981287,4.8,5.246244431,4.8,5.583650112,4.8,5.714007378,4.8,5.407894135,1.42,0.98969233,1.42,1.515866399,1.42,1.285479307,1.42,1.115664482,8.4,6.545465469,8.4,6.830309868,8.4,7.545866013,8.4,8.158921242,6.64,5.834981441,6.64,5.423732758,6.64,6.024202347,6.64,5.656080246,0.95,1.052984238,0.95,0.845173717,0.95,1.022885799,0.95,1.040090561,0.85,0.803088546,0.85,0.544677138,0.85,0.760725975,0.85,1.009394765,6.1,5.817013741,6.1,6.252184391,6.1,7.438735962,6.1,6.36162281,1.93,2.863874435,1.93,2.419548988,1.93,2.12249589,1.93,2.0673666,3.2,3.852956057,3.2,4.094314575,3.2,3.842023611,3.2,3.247117758,0.93,0.98730731,0.93,0.968326211,0.93,1.042443871,0.93,1.012328625,0.95,1.087075233,0.95,1.014208674,0.95,0.980404317,0.95,0.934226751,4.36,5.557278156,4.36,4.834832668,4.36,4.74908638,4.36,4.79668808,0.95,0.89235127,0.95,0.895109296,0.95,0.95963788,0.95,0.873557448,4.88,5.827684402,4.88,5.286009789,4.88,5.27837944,4.88,5.076228619,0.95,1.186186552,0.95,0.957323909,0.95,0.962475121,0.95,0.931521714,4.02,4.294275761,4.02,3.796046495,4.02,4.043049812,4.02,3.935798407,0.95,0.940168262,0.95,0.920262218,0.95,0.921250284,0.95,0.922744393,0.69,0.570153475,0.69,0.684159398,0.69,0.568796933,0.69,0.455494463,0.95,0.95527184,0.95,0.990317822,0.95,0.860165179,0.95,0.906882763,6.47,5.328727722,6.47,5.574368954,6.47,5.566494942,6.47,5.917640686,1.04,1.014687538,1.04,0.831537247,1.04,1.081239223,1.04,0.934459209,6.64,6.231622696,6.64,5.642109394,6.64,6.390628815,6.64,6.380373478,0.95,0.79873395,0.95,1.179919243,0.95,1.038727045,0.95,0.969604254,6.47,6.62018919,6.47,6.372462749,6.47,6.756819725,6.47,6.664745331,0.95,1.054373741,0.95,1.082720637,0.95,0.947441757,0.95,0.923930585,2.16,2.378564358,2.16,2.333969116,2.16,2.039255619,2.16,2.188851833,4.2,4.203833103,4.2,4.530338287,4.2,4.907875061,4.2,4.379779816,0.56,0.557623625,0.56,0.66596818,0.56,0.728944063,0.56,0.59493047,0.95,0.944722533,0.95,0.801369548,0.95,0.942230225,0.95,1.012695074,6.64,6.384867668,6.64,6.278774261,6.64,6.298556328,6.64,6.535214901,7.1,6.808074951,7.1,6.321791649,7.1,6.594275475,7.1,7.136032104,3.75,4.14087534,3.75,4.083304405,3.75,4.008316994,3.75,4.156546116,0.95,1.204584718,0.95,0.837513685,0.95,0.957261086,0.95,0.897382498,1.42,1.471595526,1.42,1.459933639,1.42,1.376617432,1.42,1.553172827,0.9,0.847805262,0.9,1.076023698,0.9,1.124130845,0.9,0.833113611,0.94,0.894515872,0.94,0.882533908,0.94,0.860918045,0.94,0.806726813,0.95,1.145746469,0.95,0.733728528,0.95,0.946601152,0.95,0.921365798,0.87,0.931624293,0.87,0.928772807,0.87,0.870811224,0.87,0.80881834,3.62,3.605112791,3.62,3.45868659,3.62,3.793467283,3.62,3.76254797,3.75,3.878506184,3.75,3.763037443,3.75,3.920314074,3.75,3.947180033,2.8,3.220749617,2.8,3.010366201,2.8,3.444168806,2.8,3.449946165,0.86,0.93732357,0.86,0.443793148,0.86,0.950945258,0.86,0.618251979,0.95,0.916552424,0.95,0.800726771,0.95,0.94644475,0.95,1.011431217,4.42,4.663117409,4.42,4.351885796,4.42,4.476758003,4.42,4.566862106,8.6,9.05974102,8.6,8.746774673,8.6,9.318344116,8.6,8.886645317,0.73,0.914014578,0.73,0.789471507,0.73,0.961394072,0.73,0.904764354,6.6,7.424934387,6.6,7.217013359,6.6,6.997763634,6.6,7.312905788,3.6,3.685158253,3.6,3.208321333,3.6,3.515860558,3.6,3.704550743,1.1,1.667061448,1.1,1.465601802,1.1,1.351573467,1.1,1.12811327,0.67,0.700013757,0.67,0.830699801,0.67,1.080534458,0.67,0.763975859,3.12,2.575822592,3.12,2.364963531,3.12,2.804479599,3.12,2.631961823,1.49,1.823600769,1.49,1.705567241,1.49,1.817392945,1.49,1.657785416,4.8,5.198215485,4.8,5.385923386,4.8,5.399242401,4.8,5.852818012,3.04,2.822984457,3.04,2.506186485,3.04,2.880343199,3.04,3.07907033,5.27,5.744616032,5.27,5.59840107,5.27,6.095765114,5.27,5.891996861,4.85,5.050853252,4.85,4.689293385,4.85,4.855787277,4.85,4.644918919,0.95,1.015362144,0.95,0.907343507,0.95,0.959455967,0.95,0.926268816,1.05,1.038138747,1.05,1.154230475,1.05,1.142539263,1.05,0.93633604,0.82,1.119940281,0.82,0.414545149,0.82,0.913888335,0.82,0.951629937,0.85,0.88325119,0.85,0.54817903,0.85,0.924713969,0.85,1.269657493,8,7.729044914,8,7.763763428,8,7.535284996,8,8.005592346,3.6,3.677496195,3.6,3.302222013,3.6,3.505040884,3.6,3.862407207,0.95,0.730410457,0.95,0.869171262,0.95,0.994612277,0.95,0.875550508,1.88,1.983594418,1.88,1.833887935,1.88,2.074282885,1.88,1.811885595,7.89,7.830278873,7.89,7.800493717,7.89,7.698610306,7.89,7.747975349,0.73,1.218597293,0.73,1.362753034,0.73,1.442279339,0.73,1.350539684,0.95,0.985214233,0.95,0.923112512,0.95,0.962253094,0.95,0.921733558,1.05,1.034617543,1.05,1.162216544,1.05,1.131095171,1.05,1.036990643,6.8,6.837619781,6.8,6.92599678,6.8,7.030957222,6.8,6.943172455,0.77,0.787152886,0.77,0.962271094,0.77,0.922719121,0.77,0.903905809,7.44,7.949762344,7.44,7.79625082,7.44,7.856964111,7.44,7.851813793,0.75,0.635650396,0.75,0.449793667,0.75,0.652476311,0.75,0.69031179,0.95,1.137686253,0.95,0.708591342,0.95,1.021148205,0.95,1.004250288,4.42,4.565969467,4.42,4.512509823,4.42,4.498116493,4.42,4.584371567,5.9,5.546525955,5.9,5.775880814,5.9,5.847984314,5.9,6.004768848,0.59,0.697814703,0.59,0.846974254,0.59,0.586907744,0.59,0.607512891,3.37,3.444126368,3.37,2.939808607,3.37,3.164515257,3.37,3.267595053,0.73,1.063240886,0.73,1.424747825,0.73,1.28126049,0.73,1.357313395,0.95,1.020609617,0.95,0.957669377,0.95,0.976459026,0.95,0.922115684,0.73,1.113043427,0.73,1.440256238,0.73,1.260539293,0.73,1.363961935,0.95,1.199776053,0.95,1.063820958,0.95,1.019195557,0.95,1.011966467,4.01,4.164283276,4.01,3.862109423,4.01,4.139472961,4.01,4.697130203,0.93,0.065274924,0.93,0.850516915,0.93,0.684521556,0.93,0.918192685,3.95,4.3758564,3.95,4.247374535,3.95,4.174099922,3.95,3.949745417,0.95,0.92560482,0.95,0.699061751,0.95,1.093140602,0.95,0.924995482,0.7,0.736879706,0.7,0.896404386,0.7,0.869333148,0.7,0.703912914,0.95,1.25178051,0.95,0.920377851,0.95,0.98938632,0.95,0.936582565,0.86,0.741498947,0.86,0.535651088,0.86,0.90164113,0.86,0.707551241,0.95,0.987640858,0.95,0.803188682,0.95,0.830349684,0.95,1.063606977,3.75,3.835343599,3.75,3.796720266,3.75,3.683758259,3.75,3.985351086,6.6,7.058028698,6.6,6.998319149,6.6,7.391036987,6.6,6.989165306,4.42,4.543442249,4.42,4.460121632,4.42,4.456256866,4.42,4.623020172,3.2,3.942215204,3.2,3.802462339,3.2,4.439077377,3.2,4.361171722,3.37,3.417564631,3.37,3.439212561,3.37,3.265360355,3.37,3.538476467,0.95,0.932640314,0.95,0.817356944,0.95,0.955589294,0.95,1.027872562
0.87,0.754481912,0.87,1.063734412,0.87,1.132399321,0.87,0.772468805,0.95,1.04162097,0.95,0.365757734,0.95,0.555305123,0.95,0.871405482,0.64,0.068969101,0.64,0.357165307,0.64,0.577851057,0.64,0.684381485,0.95,0.821454525,0.95,1.099433303,0.95,1.459867597,0.95,1.049389243,2.16,2.225486755,2.16,2.305706739,2.16,1.977800369,2.16,1.671693563,1.1,1.180749893,1.1,0.992410302,1.1,0.763059497,1.1,1.180068493,6.48,5.421348095,6.48,5.245538712,6.48,5.792098999,6.48,5.368386269,0.95,0.656672835,0.95,0.737564921,0.95,0.861335993,0.95,0.916881919,4.02,3.917824745,4.02,4.153325081,4.02,4.145792007,4.02,4.054309368,3.12,2.892832518,3.12,2.380030155,3.12,3.481845856,3.12,2.70493865,5.73,6.699894428,5.73,6.4485116,5.73,7.044402122,5.73,6.179589272,4.8,5.083274364,4.8,5.42317152,4.8,5.255368233,4.8,5.06899929,0.69,0.58724618,0.69,0.514661491,0.69,0.753031313,0.69,0.576812923,0.95,1.014673471,0.95,0.890642047,0.95,0.937396169,0.95,0.929332316,0.59,0.561004162,0.59,0.913031459,0.59,0.779202223,0.59,1.059456825,0.95,0.962624669,0.95,0.809404373,0.95,1.071004152,0.95,0.85612011,0.81,0.990074396,0.81,0.880797744,0.81,0.883646011,0.81,0.96541065,0.95,0.561707973,0.95,1.17085135,0.95,0.920089006,0.95,0.897562027,0.81,0.96637857,0.81,0.867900252,0.81,0.881020069,0.81,0.970555246,2.8,3.527213097,2.8,3.927000284,2.8,3.913165569,2.8,3.939509392,4.36,4.344604492,4.36,4.320482254,4.36,4.461868286,4.36,4.582668781,8.4,7.957153797,8.4,8.702374458,8.4,8.314769745,8.4,8.972185135,3.95,3.571347952,3.95,3.71134901,3.95,3.79527092,3.95,4.104932308,0.95,1.205200195,0.95,0.837293386,0.95,1.073372245,0.95,1.029884934,2.16,2.235470772,2.16,2.109462738,2.16,2.070175409,2.16,2.152262926,4.68,4.975906849,4.68,4.701530933,4.68,5.262950897,4.68,5.328476906,4.85,4.219851971,4.85,4.594841957,4.85,4.492350578,4.85,4.684916973,0.93,0.763917565,0.93,0.557477832,0.93,0.821649492,0.93,1.088925838,0.81,0.872464895,0.81,0.836616874,0.81,0.835264921,0.81,0.949355483,7.39,7.495774746,7.39,7.511902809,7.39,7.735237122,7.39,7.628407478,0.67,0.708223462,0.67,0.660044551,0.67,0.613498449,0.67,0.750227451,6.8,6.591103077,6.8,6.834784508,6.8,7.204227448,6.8,7.073968887,4.1,4.294138432,4.1,4.497250557,4.1,4.70735836,4.1,4.591905117,0.95,1.259836674,0.95,1.229304194,0.95,0.878584683,0.95,0.930217087,3.95,4.021642685,3.95,4.410176754,3.95,3.938460827,3.95,3.939167261,0.95,0.985673428,0.95,0.872854114,0.95,0.93697983,0.95,0.92672646,6.15,6.294374943,6.15,6.148171425,6.15,6.634554863,6.15,6.14315033,2.62,2.801191807,2.62,2.593104601,2.62,2.447747469,2.62,3.029214859,0.77,0.753048897,0.77,0.622510672,0.77,0.596012414,0.77,0.833298028,6.26,6.722811222,6.26,6.995258808,6.26,6.67321682,6.26,6.478782654,1.88,1.749428868,1.88,1.769996524,1.88,1.912828326,1.88,1.790925503,0.95,0.947237134,0.95,0.87650001,0.95,0.946114182,0.95,1.016389608,0.7,0.555318952,0.7,0.642024398,0.7,0.70108974,0.7,0.69227916,0.97,0.971353889,0.97,1.298334599,0.97,1.327614546,0.97,1.134935141,0.69,0.528173447,0.69,0.596044898,0.69,0.665505409,0.69,0.705223739,0.95,0.991319537,0.95,0.911003351,0.95,0.944331884,0.95,0.926980972,0.6,0.572914839,0.6,0.627259254,0.6,0.557579279,0.6,0.613108575,0.9,0.865159392,0.9,1.008264899,0.9,1.178954363,0.9,0.864072859,1.63,1.740083575,1.63,1.690446138,1.63,1.87962532,1.63,1.6801157,6.5,6.218923569,6.5,6.482144356,6.5,6.390280724,6.5,6.734632492,0.59,0.498223513,0.59,0.639078975,0.59,0.626417756,0.59,0.649079859,0.95,1.056640863,0.95,0.891463876,0.95,1.097183347,0.95,0.95015347,0.73,1.284610868,0.73,1.323271513,0.73,1.174684763,0.73,1.417436838,2.8,3.232413292,2.8,2.915888071,2.8,3.482145309,2.8,3.346385002,0.86,0.9174757,0.86,0.249757379,0.86,0.95485419,0.86,0.624992549,0.95,0.984049678,0.95,0.921856046,0.95,1.021621823,0.95,0.930466652,7.62,6.481659889,7.62,6.53286171,7.62,6.440042496,7.62,6.377516747,5.9,5.381361961,5.9,5.558631897,5.9,5.139336586,5.9,5.240417004,6.06,6.505859375,6.06,6.401510239,6.06,6.744337082,6.06,6.35554409,0.95,0.907362819,0.95,0.955951333,0.95,1.047308564,0.95,0.997121036,0.86,0.914393902,0.86,0.301984161,0.86,0.963284671,0.86,0.634914696,9.7,9.433474541,9.7,9.423175812,9.7,9.096072197,9.7,9.340168953,0.77,0.774957538,0.77,0.876461565,0.77,0.86376214,0.77,0.871744454,4.68,4.809745789,4.68,4.701498985,4.68,5.05671978,4.68,5.178678513,0.8,0.691403151,0.8,0.645432472,0.8,0.833515942,0.8,1.242229939,7.1,5.261432171,7.1,5.339331627,7.1,5.503528595,7.1,5.849889755,0.93,1.046333551,0.93,1.277309775,0.93,1.131706953,0.93,1.094336629,0.95,0.83618474,0.95,1.071544409,0.95,0.912082195,0.95,1.055452347,0.6,0.832341194,0.6,0.598011851,0.6,0.899568737,0.6,1.241490602,9.7,9.255990028,9.7,9.594052315,9.7,9.030450821,9.7,9.281497002,3.95,4.522830009,3.95,4.013894558,3.95,4.525919914,3.95,4.176353931,0.9,1.328327179,0.9,0.905725598,0.9,1.184511662,0.9,1.224658251,0.85,0.973110437,0.85,0.528951526,0.85,0.917844594,0.85,1.162328482,0.95,0.936322093,0.95,0.838354468,0.95,0.967521429,0.95,1.014514685,7.62,7.788799286,7.62,7.552820206,7.62,7.809809685,7.62,8.440940857,1.88,2.192472458,1.88,1.631162405,1.88,1.729038715,1.88,1.667185307,0.6,0.855658293,0.6,0.715575576,0.6,0.99943608,0.6,1.089942455,0.95,0.97927022,0.95,0.905209005,0.95,0.964979172,0.95,0.921708822,3.6,3.486227036,3.6,3.265748262,3.6,3.439112902,3.6,3.764794588,0.95,1.025520921,0.95,0.969156623,0.95,0.949549437,0.95,0.940205216,6.06,6.602031231,6.06,6.434216499,6.06,6.497888565,6.06,6.462067604,0.86,0.455537289,0.86,0.877381921,0.86,1.166073561,0.86,1.314987898,1.88,1.909008503,1.88,1.849257827,1.88,2.015567541,1.88,1.759075403,0.95,0.921817303,0.95,1.009680033,0.95,0.897048235,0.95,0.989589691,0.84,0.924763203,0.84,0.942809463,0.84,1.055407047,0.84,0.758737385,1.63,2.130415201,1.63,1.938918471,1.63,1.714823723,1.63,1.715379715,7.62,6.416735649,7.62,6.28103447,7.62,6.45144558,7.62,6.54577446,7.39,7.425783157,7.39,7.355937004,7.39,7.784892082,7.39,7.619364262,4.01,4.160789967,4.01,3.856312037,4.01,4.139149666,4.01,4.726382256,1.1,1.41834414,1.1,1.322502494,1.1,1.497572184,1.1,1.529932261,4.52,4.381536007,4.52,4.353444099,4.52,4.464221954,4.52,4.509289742,0.95,0.932782888,0.95,0.894070029,0.95,0.953873277,0.95,0.957173288,0.6,1.171411991,0.6,0.997352958,0.6,1.321505189,0.6,1.146830797,3.64,3.453627348,3.64,2.871814966,3.64,3.279022694,3.64,3.805720329,5.73,6.049683094,5.73,5.996413708,5.73,6.073880196,5.73,6.068622589,0.93,0.154746026,0.93,0.903375745,0.93,0.693766236,0.93,1.043957472,3.04,3.020480871,3.04,2.757789612,3.04,3.133147001,3.04,3.333937883,8.6,8.559673309,8.6,8.34240818,8.6,8.825336456,8.6,8.672766685,0.73,1.515474916,0.73,1.53501296,0.73,1.182284713,0.73,1.130596638,9.7,9.030183792,9.7,9.117738724,9.7,9.432814598,9.7,9.682834625
1.49,1.123962283,1.49,1.691577554,1.49,1.021108627,1.49,1.902972698,0.95,0.999233723,0.95,0.66809833,0.95,1.134832382,0.95,1.034466863,4.5,3.936598778,4.5,4.212669849,4.5,4.469390869,4.5,4.114813805,0.95,1.017234206,0.95,1.291957736,0.95,1.019083977,0.95,0.924243271,0.75,0.358330756,0.75,0.834917903,0.75,1.318757534,0.75,0.664140284,5.27,2.815662146,5.27,4.564090729,5.27,3.496072054,5.27,3.412219048,0.68,0.488341182,0.68,-0.037917517,0.68,0.50699836,0.68,0.558639944,0.95,0.935111642,0.95,0.998754621,0.95,0.998705506,0.95,0.943338454,0.84,1.033416867,0.84,0.794032454,0.84,1.03304553,0.84,0.748246431,6.26,6.875457287,6.26,6.171291828,6.26,5.967335701,6.26,5.997872353,0.75,0.488940567,0.75,0.569095492,0.75,0.652256727,0.75,0.656280398,0.95,1.06356144,0.95,0.981020331,0.95,0.972504616,0.95,1.032646179,4.52,4.461491585,4.52,4.358288288,4.52,4.472318649,4.52,4.430344105,0.95,1.072313309,0.95,0.913995624,0.95,0.951585472,0.95,1.020323992,6.47,6.780575752,6.47,6.316545963,6.47,7.46279335,6.47,6.735530853,4.7,6.232998371,4.7,6.539025784,4.7,6.510281563,4.7,6.102817535,0.7,0.614474297,0.7,0.575074911,0.7,0.72218895,0.7,0.836060166,0.86,1.630632758,0.86,1.279858112,0.86,1.408546805,0.86,0.95579201,0.87,0.992799163,0.87,0.905637622,0.87,0.888920784,0.87,0.928773463,3.2,3.954554319,3.2,4.059151649,3.2,3.594124079,3.2,3.597724676,0.87,0.970233679,0.87,0.896153331,0.87,0.88685298,0.87,0.942030728,1.49,1.816951036,1.49,1.571538925,1.49,1.80750668,1.49,1.469539165,2.16,2.196218014,2.16,1.99410069,2.16,2.112337112,2.16,2.185738325,0.95,1.159021378,0.95,0.947064281,0.95,1.005218148,0.95,0.912873626,4.01,4.66952467,4.01,4.233966827,4.01,4.861637115,4.01,4.517433643,2.12,2.298630714,2.12,2.510554075,2.12,2.560286999,2.12,2.264903545,0.94,0.938581586,0.94,0.843994975,0.94,0.889123201,0.94,0.997025967,6.6,7.369541168,6.6,7.54615593,6.6,7.507328987,6.6,7.535420895,0.73,0.747441888,0.73,0.78166616,0.73,0.853980064,0.73,0.821180284,5.27,4.982160568,5.27,5.019182205,5.27,5.363466263,5.27,5.487730503,0.94,0.91489327,0.94,0.890390277,0.94,0.894590139,0.94,0.875674009,8.6,8.540819168,8.6,8.276206017,8.6,9.668084145,8.6,9.282653809,1.05,1.055282116,1.05,0.852046371,1.05,1.041430235,1.05,0.957370877,0.95,1.066104889,0.95,0.928299308,0.95,1.005400658,0.95,0.983904898,0.93,0.910974741,0.93,1.250918269,0.93,0.986688852,0.93,1.025328159,9.7,8.58370018,9.7,8.969106674,9.7,9.560712814,9.7,9.108086586,0.87,0.927249551,0.87,0.984707713,0.87,0.927743196,0.87,0.80523622,0.86,1.318657875,0.86,0.926445246,0.86,0.887300253,0.86,1.340312481,6.64,6.340545177,6.64,6.612484932,6.64,6.283579826,6.64,6.381222725,0.95,1.146025419,0.95,1.228745222,0.95,1.052297354,0.95,1.01914537,2.72,2.152673721,2.72,2.208747625,2.72,2.272003889,2.72,2.096638441,5.1,5.439385414,5.1,5.377691746,5.1,5.271943092,5.1,4.845175743,2.72,2.154365301,2.72,2.212877989,2.72,2.303900242,2.72,2.072022438,6.15,5.971775055,6.15,5.887201309,6.15,6.003352165,6.15,5.836884022,6.06,6.846263409,6.06,6.997321129,6.06,7.286032677,6.06,6.700551033,0.95,0.917988777,0.95,0.886605144,0.95,0.943575501,0.95,1.015442848,0.69,0.527103186,0.69,0.588484883,0.69,0.671997428,0.69,0.662272394,0.95,0.978179336,0.95,0.90539676,0.95,1.001715899,0.95,0.930295408,0.75,0.747422695,0.75,0.586385131,0.75,0.947861433,0.75,0.763703227,0.95,0.943340778,0.95,0.912587047,0.95,1.007884026,0.95,0.991418839,6.64,6.521456718,6.64,6.297105312,6.64,6.59179306,6.64,6.402484894,1.04,1.077228069,1.04,1.023043752,1.04,1.124321938,1.04,1.188159704,3.64,4.059268951,3.64,3.568883896,3.64,3.894607306,3.64,4.131257057,8.39,8.315332413,8.39,8.644090652,8.39,8.123613358,8.39,8.390942574,4.01,4.373778343,4.01,3.928562403,4.01,4.505402565,4.01,4.623569489,0.95,0.935743928,0.95,0.917818427,0.95,1.130721807,0.95,1.040958643,4.32,4.583107948,4.32,4.540529251,4.32,4.480688095,4.32,4.553290844,3.62,3.679926395,3.62,3.507329226,3.62,3.720633745,3.62,3.691637039,1.42,1.609817147,1.42,1.673579097,1.42,1.656499147,1.42,1.741146803,5.1,5.2520895,5.1,5.232004166,5.1,5.528936386,5.1,5.340316772,0.86,0.914393902,0.86,0.301984161,0.86,0.963284671,0.86,0.634914696,8.4,8.745760918,8.4,8.938296318,8.4,8.515501022,8.4,8.654526711,4.88,5.237908363,4.88,4.842566013,4.88,4.986680984,4.88,4.804389477,8.6,9.055914879,8.6,9.092969894,8.6,8.880435944,8.6,9.101365089,4.38,4.493222713,4.38,4.52605629,4.38,4.484163284,4.38,4.535027504,0.97,0.898284674,0.97,0.93243134,0.97,1.333262205,0.97,1.249224186,6.15,5.865440845,6.15,5.820953369,6.15,6.106226921,6.15,6.052802086,5.27,4.112420082,5.27,4.130872726,5.27,4.40648365,5.27,4.347006798,0.87,1.003068089,0.87,1.011678576,0.87,0.858246326,0.87,0.855419576,0.95,0.737160087,0.95,0.876315951,0.95,0.981047869,0.95,0.851184607,1.93,1.823258042,1.93,1.646749616,1.93,1.90444231,1.93,2.137818813,1.1,1.472467184,1.1,1.29606092,1.1,1.39498961,1.1,1.429457664,4.85,4.970378399,4.85,4.638836384,4.85,5.041090012,4.85,4.629284859,8,7.645077705,8,7.627305984,8,7.60869503,8,7.838035583,0.87,0.865245283,0.87,1.046147227,0.87,0.852606297,0.87,0.823559582,0.95,1.011854649,0.95,0.898160338,0.95,0.958308935,0.95,0.9450863,3.37,3.419169903,3.37,3.055802584,3.37,3.45544219,3.37,3.31798625,0.82,0.647124052,0.82,0.494844764,0.82,0.861305535,0.82,0.750948489,1.42,1.490411162,1.42,1.756186604,1.42,1.750827312,1.42,1.730359793,0.95,1.04072535,0.95,1.010235786,0.95,0.977796555,0.95,0.921919823,0.67,0.666129112,0.67,0.637919307,0.67,0.776959658,0.67,0.698273599,0.95,0.925186157,0.95,0.724288583,0.95,0.947256088,0.95,0.893433213,1.42,1.440255165,1.42,1.776848316,1.42,1.697153687,1.42,1.732616901,3.12,3.000970125,3.12,2.48884654,3.12,2.798970461,3.12,2.758047104,0.73,1.113043427,0.73,1.440256238,0.73,1.260539293,0.73,1.363961935,3.12,3.409102201,3.12,3.094613075,3.12,3.319796085,3.12,3.339832306,0.77,0.770961523,0.77,1.050500393,0.77,0.804540157,0.77,0.938643157,4.8,5.276242256,4.8,5.114473343,4.8,5.742818832,4.8,5.652490139,2.72,2.310353279,2.72,2.306663752,2.72,2.205827236,2.72,2.267684221,1.1,0.991646767,1.1,0.906003833,1.1,0.837226808,1.1,1.168780327,4.51,4.39988184,4.51,4.365954399,4.51,4.465330124,4.51,4.519453049,0.95,0.928394794,0.95,0.851253867,0.95,0.9901824,0.95,1.007617712,1.42,1.778824449,1.42,1.840590596,1.42,1.583370805,1.42,1.751140118,2.8,3.586061954,2.8,3.553372622,2.8,3.598276854,2.8,3.53654933,4.1,4.082240105,4.1,3.770120859,4.1,3.990780354,4.1,4.367386341,0.95,1.029174805,0.95,0.968659997,0.95,0.935789108,0.95,0.921897948,6.64,6.458277702,6.64,6.104958534,6.64,6.448202133,6.64,6.845926762,0.95,0.926218987,0.95,0.835346103,0.95,0.948486328,0.95,1.027242184,3.64,3.800276518,3.64,3.54098177,3.64,3.73850131,3.64,4.220642567,8.39,7.729615688,8.39,8.333483696,8.39,8.123234749,8.39,8.147562027
4.51,4.423235416,4.51,4.312328815,4.51,4.561402321,4.51,4.268062115,0.95,0.833822131,0.95,0.8931216,0.95,1.148542643,0.95,1.049268603,0.84,1.112037301,0.84,1.206259251,0.84,0.783089757,0.84,1.337808371,8.4,5.713590145,8.4,7.017176151,8.4,8.01269722,8.4,8.072832108,1.93,2.017150402,1.93,2.552065611,1.93,2.424406052,1.93,2.529864311,6.47,4.005316734,6.47,4.143748283,6.47,5.241401672,6.47,5.183960915,0.6,-0.304171115,0.6,0.605645776,0.6,0.695782542,0.6,0.808698833,1.1,1.814887047,1.1,0.926122308,1.1,1.486151695,1.1,1.748812675,0.94,0.889869392,0.94,0.958777308,0.94,1.035539389,0.94,0.913156748,0.82,2.555086851,0.82,2.113982916,0.82,2.366551399,0.82,2.561908245,3.6,3.290688753,3.6,3.412163734,3.6,3.548202991,3.6,2.9913764,0.95,1.277114034,0.95,1.597791672,0.95,1.039495468,0.95,0.848459005,1.49,1.882819057,1.49,1.785567641,1.49,1.471467257,1.49,1.638631344,6.1,6.367908001,6.1,6.42163372,6.1,7.250364304,6.1,6.738039017,6.64,6.336182594,6.64,5.479593277,6.64,6.362922668,6.64,6.512572289,5.27,4.40288353,5.27,4.200583458,5.27,4.580320358,5.27,4.035524368,0.69,0.622645378,0.69,0.586895585,0.69,0.711961031,0.69,0.41304642,6.47,5.21642971,6.47,5.139275551,6.47,5.555150032,6.47,5.222665787,4.85,4.496501923,4.85,4.485420704,4.85,4.388903618,4.85,4.441081524,0.95,1.209134459,0.95,1.123381972,0.95,1.180637002,0.95,0.933784842,1.49,1.69754827,1.49,1.770810485,1.49,1.636643052,1.49,1.544637918,0.95,1.074551582,0.95,0.770504594,0.95,1.016919851,0.95,0.92572552,1.63,1.721425176,1.63,1.942074656,1.63,1.826901436,1.63,1.622120619,8.6,8.481316566,8.6,7.990008354,8.6,8.810296059,8.6,8.746084213,3.95,3.612341881,3.95,3.769115448,3.95,3.758482456,3.95,4.035181046,5.1,4.994233608,5.1,4.804752827,5.1,5.295269966,5.1,5.319922447,4.02,3.984516382,4.02,3.826668024,4.02,4.497327805,4.02,4.060860157,2.71,2.638952017,2.71,2.84959197,2.71,3.41140914,2.71,2.706351995,4.85,4.241570473,4.85,4.631277084,4.85,4.434155464,4.85,4.671157837,8.39,8.424941063,8.39,8.234012604,8.39,8.87123394,8.39,8.894400597,0.84,0.923499107,0.84,0.785943627,0.84,0.994341016,0.84,0.816493332,0.97,0.814764619,0.97,1.024361134,0.97,1.423004627,0.97,1.116013527,0.84,0.843544543,0.84,0.785744071,0.84,0.880679131,0.84,0.935049057,0.7,1.2726264,0.7,1.195304036,0.7,1.021693826,0.7,0.898122191,0.73,1.289326072,0.73,1.189055562,0.73,1.171647072,0.73,1.40306735,6.47,5.887786865,6.47,5.716453075,6.47,5.83262825,6.47,6.052107811,6.47,6.130857944,6.47,5.973619461,6.47,6.445605278,6.47,5.973267078,8.71,7.654783249,8.71,8.031831741,8.71,7.655640602,8.71,7.697461128,5.73,6.560281277,5.73,6.821157932,5.73,6.23475647,5.73,6.649681568,0.88,0.861391068,0.88,0.916736007,0.88,1.074971318,0.88,0.925816715,4.51,4.480679989,4.51,4.400215626,4.51,4.463746071,4.51,4.501328468,0.95,0.943281889,0.95,0.884617209,0.95,1.027081013,0.95,1.013961554,3.37,3.387645483,3.37,3.351053953,3.37,3.417566061,3.37,3.384015799,0.95,0.921700478,0.95,1.038745403,0.95,0.93904531,0.95,0.984451592,0.59,0.488095731,0.59,0.629454017,0.59,0.644961834,0.59,0.758770764,5.27,5.591498375,5.27,5.650835514,5.27,5.756883621,5.27,5.585334778,0.93,1.025519371,0.93,1.273700833,0.93,1.016767859,0.93,1.043614626,0.95,0.991015673,0.95,0.89058578,0.95,0.9455899,0.95,0.926906049,6.64,6.528817177,6.64,6.316239834,6.64,6.495834351,6.64,6.365030289,0.82,1.305192113,0.82,0.776331544,0.82,1.07700479,0.82,1.021483421,6.47,6.236518383,6.47,6.257086754,6.47,6.61107254,6.47,6.102918148,0.95,0.962445021,0.95,0.930191875,0.95,0.944914341,0.95,0.922219336,9.45,9.12466526,9.45,9.263534546,9.45,9.232123375,9.45,8.857871056,0.95,0.963006258,0.95,0.930254817,0.95,0.946327567,0.95,0.922163606,1.05,1.057353735,1.05,0.964736342,1.05,1.100695848,1.05,0.964505911,0.95,0.925410867,0.95,0.979322672,0.95,1.031971335,0.95,0.883227587,0.86,0.913928509,0.86,0.263909668,0.86,0.956490874,0.86,0.627261817,0.95,0.981375337,0.95,0.795031667,0.95,1.046351552,0.95,0.963696957,3.6,3.65904355,3.6,3.468904734,3.6,3.514964342,3.6,3.814721584,0.95,0.845945835,0.95,0.94704783,0.95,1.053733587,0.95,0.874828935,0.77,0.715817809,0.77,0.860261321,0.77,0.835646808,0.77,0.86436075,0.95,0.985734463,0.95,0.929671645,0.95,1.004622459,0.95,0.928729177,0.73,1.256653547,0.73,1.328331709,0.73,1.304998398,0.73,1.353383064,0.95,0.92648387,0.95,0.773778915,0.95,1.023488641,0.95,1.081347704,6.47,6.566066742,6.47,6.69899559,6.47,6.689923286,6.47,6.712579727,8.39,8.273631096,8.39,8.474165916,8.39,8.230429649,8.39,8.444044113,4.88,5.137539387,4.88,4.77042675,4.88,5.000699997,4.88,4.859204292,0.95,0.962898254,0.95,0.936761737,0.95,1.017096281,0.95,0.960029066,1.93,1.836816788,1.93,1.642448306,1.93,1.894775748,1.93,2.172806263,0.9,1.2833426,0.9,0.908812642,0.9,1.187152386,0.9,1.179828405,0.7,0.92922163,0.7,0.489424556,0.7,0.902560651,0.7,1.1637609,1.88,2.059472799,1.88,1.515984178,1.88,1.749965191,1.88,1.657787085,0.85,0.973110437,0.85,0.528951526,0.85,0.917844594,0.85,1.162328482,0.95,0.995933056,0.95,0.943118453,0.95,1.014805555,0.95,0.951748908,6.47,6.560613632,6.47,6.360806465,6.47,6.538316727,6.47,6.538756847,0.95,1.072670221,0.95,1.046496987,0.95,1.033551216,0.95,1.042204738,0.77,0.764994025,0.77,0.97674489,0.77,0.902841568,0.77,0.909449518,0.6,1.057473898,0.6,0.87371695,0.6,0.831533372,0.6,0.76008004,3.04,2.845710278,3.04,2.613069534,3.04,2.882107735,3.04,3.137795448,1.04,1.301760077,1.04,1.028477311,1.04,1.054084301,1.04,0.994731367,2.79,2.952673197,2.79,2.67257905,2.79,2.99225688,2.79,2.833604813,4.8,5.233128548,4.8,5.120113373,4.8,5.615931511,4.8,5.667358398,0.7,0.806091547,0.7,0.59863627,0.7,0.884702384,0.7,1.026936531,4.8,5.253232479,4.8,5.123861313,4.8,5.664325714,4.8,5.670014858,4.36,5.544366837,4.36,5.404850483,4.36,5.645904541,4.36,5.321777344,0.95,1.22562623,0.95,0.64652133,0.95,0.929516137,0.95,0.903509736,0.68,1.054986954,0.68,0.893578172,0.68,1.202601552,0.68,1.097831249,0.95,0.92986846,0.95,0.84815073,0.95,0.989134312,0.95,1.009143353,0.87,0.873488426,0.87,1.126265407,0.87,0.920787811,0.87,0.759646237,4.2,4.049433231,4.2,4.433529854,4.2,4.518497467,4.2,4.483529091,0.68,1.132603645,0.68,0.962764382,0.68,1.281871319,0.68,1.101240158,6.12,6.163879395,6.12,5.818404198,6.12,6.56487751,6.12,6.238016129,0.69,1.09836936,0.69,1.119598269,0.69,0.569399834,0.69,0.649954975,6.8,6.883905411,6.8,6.688885212,6.8,7.315265656,6.8,7.303433895,4.4,4.535096645,4.4,4.455680847,4.4,4.461668015,4.4,4.610386848,0.95,1.151576281,0.95,0.998210192,0.95,1.08677125,0.95,0.995742023,7.62,6.452383041,7.62,6.440488815,7.62,6.611118317,7.62,6.780485153,0.95,0.926619291,0.95,0.902574539,0.95,0.991884232,0.95,0.988035917,1.05,1.039969444,1.05,0.370961994,1.05,1.105192661,1.05,0.980997264,0.95,1.105151057,0.95,0.991423726,0.95,0.969337463,0.95,0.856709659
4.88,4.691099644,4.88,5.06345892,4.88,6.019126892,4.88,5.890553951,2.12,6.738841057,2.12,5.252907753,2.12,5.064642906,2.12,5.024207592,1.05,1.165072322,1.05,1.330670714,1.05,1.112675667,1.05,0.90394634,4.8,5.171628475,4.8,5.441997528,4.8,5.61619091,4.8,6.022657394,0.7,0.790518284,0.7,-0.030277126,0.7,0.787002265,0.7,0.988467991,0.95,1.004428029,0.95,0.938614726,0.95,1.063791275,0.95,0.975125194,0.85,0.879471779,0.85,0.222958654,0.85,0.773821056,0.85,1.140059233,5.1,5.764674187,5.1,5.231375694,5.1,6.27657795,5.1,6.415932178,3.04,2.919655561,3.04,3.373275518,3.04,3.597760439,3.04,3.240100145,3.62,3.982272863,3.62,3.629805088,3.62,3.949796915,3.62,3.645157576,0.73,1.65666914,0.73,1.644924521,0.73,1.542962551,0.73,1.512656689,0.95,0.922895908,0.95,0.906648993,0.95,0.9559623,0.95,0.785023212,0.67,0.690908551,0.67,0.4551166,0.67,0.406357884,0.67,0.653542876,5.1,4.385292053,5.1,4.264055252,5.1,4.589328766,5.1,4.889785767,2.16,2.341446161,2.16,2.039337397,2.16,1.842426777,2.16,2.022258759,0.95,0.927972257,0.95,0.926535249,0.95,0.821938813,0.95,0.898779511,0.73,1.572239399,0.73,1.343977332,0.73,1.709965348,0.73,1.300112247,0.95,1.004851222,0.95,0.861223102,0.95,0.928605139,0.95,0.927769303,3.64,3.796505213,3.64,3.650329828,3.64,3.436855555,3.64,3.441481113,0.95,0.935600638,0.95,0.905065179,0.95,0.966469526,0.95,0.890365481,5.73,6.767516136,5.73,6.480093479,5.73,6.663212776,5.73,6.515645027,0.82,2.337888241,0.82,1.734799981,0.82,1.714454889,0.82,1.686169863,4.88,5.293688774,4.88,5.191054344,4.88,5.625384331,4.88,5.12719202,0.95,0.951981783,0.95,0.927658916,0.95,0.924676061,0.95,0.922940433,0.77,0.857436299,0.77,0.858380675,0.77,0.746304691,0.77,0.858873188,1.63,1.785995007,1.63,1.620156884,1.63,1.838363051,1.63,1.681960583,7.62,7.918158054,7.62,7.256014824,7.62,8.237560272,7.62,8.524608612,0.97,0.894208431,0.97,0.937449813,0.97,1.454431057,0.97,1.058712721,4.52,4.372976303,4.52,4.425952435,4.52,4.460500717,4.52,4.695275784,6.8,6.474681854,6.8,6.90708971,6.8,7.028155327,6.8,7.135956287,5.73,6.420114517,5.73,6.280614376,5.73,6.573493958,5.73,6.498238564,1.04,1.01992929,1.04,1.034308076,1.04,1.090703607,1.04,1.113006353,0.84,0.915342569,0.84,0.785295844,0.84,0.982777178,0.84,0.807083309,0.95,1.025219679,0.95,0.869747996,0.95,1.054091096,0.95,0.992947996,6.64,6.384867668,6.64,6.278774261,6.64,6.298556328,6.64,6.535214901,8,7.613973618,8,7.604499817,8,8.002281189,8,7.677776337,0.84,1.030770063,0.84,0.78896606,0.84,0.949181318,0.84,0.947072983,7.89,7.438816547,7.89,7.571787357,7.89,8.013653755,7.89,8.460639,0.86,0.909119129,0.86,0.462037653,0.86,0.955836952,0.86,0.619297802,0.95,0.934225082,0.95,1.067203164,0.95,0.938844681,0.95,1.024380445,1.49,1.613925695,1.49,1.644549489,1.49,1.806461096,1.49,1.662227631,1.1,1.636023402,1.1,1.323854089,1.1,1.376926899,1.1,0.968758047,4.75,4.843128204,4.75,4.640727997,4.75,4.944454193,4.75,5.184445381,2.93,2.913084745,2.93,3.092307806,2.93,2.993536234,2.93,3.662009239,4.42,4.72317028,4.42,4.425408363,4.42,4.475928307,4.42,4.585374832,0.9,0.856848717,0.9,1.018908143,0.9,1.161962867,0.9,0.836962104,0.56,0.717888713,0.56,0.761243463,0.56,0.72828263,0.56,0.741241992,4.35,4.378586292,4.35,4.454510212,4.35,4.322911263,4.35,4.191709995,4.1,4.194828987,4.1,3.684545279,4.1,4.199182987,4.1,4.267695904,6.47,5.99049139,6.47,6.112812996,6.47,6.210045815,6.47,5.931958675,1.63,1.767357945,1.63,1.700135589,1.63,1.87331605,1.63,1.680565596,0.95,1.117662668,0.95,0.673501372,0.95,0.879016399,0.95,0.920743704,0.56,0.86509645,0.56,0.85074687,0.56,0.6552701,0.56,0.804260671,0.95,0.891221166,0.95,0.930184245,0.95,1.01361537,0.95,1.085339785,0.73,1.241357565,0.73,1.321522355,0.73,1.197536945,0.73,1.385662317,3.12,3.283640862,3.12,2.709561825,3.12,3.413381338,3.12,3.209052086,4.36,5.511898994,4.36,5.308258057,4.36,5.328659058,4.36,5.074850082,4.7,4.68223381,4.7,5.096178055,4.7,4.863641739,4.7,4.627096176,0.64,0.438337296,0.64,0.521649718,0.64,0.614731073,0.64,0.511593997,0.86,0.808325052,0.86,0.634996057,0.86,0.90615201,0.86,1.312787056,0.94,0.983672619,0.94,0.91786468,0.94,0.88266468,0.94,0.860427976,0.95,0.965854287,0.95,0.951715827,0.95,1.105389118,0.95,1.036707163,2.72,2.476379395,2.72,2.274180889,2.72,2.404338837,2.72,2.361551762,7.94,5.396841526,7.94,5.352711678,7.94,5.750639915,7.94,6.107023239,6.48,6.249566078,6.48,6.030675888,6.48,6.181550026,6.48,6.740765095,0.95,1.035927415,0.95,1.127910972,0.95,0.967754722,0.95,0.922289968,0.85,0.903336048,0.85,0.489240736,0.85,0.921106458,0.85,1.231769323,1.49,1.879355192,1.49,1.451380491,1.49,1.688806772,1.49,1.554104805,6.48,6.233632088,6.48,6.022816658,6.48,6.183256149,6.48,6.801529408,8.4,8.551083565,8.4,8.833104134,8.4,8.435364723,8.4,8.578712463,0.69,0.515028954,0.69,0.377551407,0.69,0.716329336,0.69,0.662351191,4.8,5.184195518,4.8,5.169833183,4.8,5.461557388,4.8,5.722587585,4.43,4.387017727,4.43,4.426041603,4.43,4.484763145,4.43,4.487057686,4.2,4.105419159,4.2,4.278093338,4.2,4.445196152,4.2,4.40075016,0.69,0.512099981,0.69,0.251821846,0.69,0.703305721,0.69,0.728584886,6.15,5.771808624,6.15,5.299659729,6.15,5.934251785,6.15,5.966616631,6.47,6.551561356,6.47,6.388674736,6.47,6.498009682,6.47,6.49648428,0.95,0.561415792,0.95,0.836426973,0.95,1.003291845,0.95,0.938162386,4.75,4.75993824,4.75,4.440633297,4.75,4.690179825,4.75,5.283778667,4.8,5.213027,4.8,5.116363049,4.8,5.5675354,4.8,5.664701462,0.87,0.858288407,0.87,1.081549525,0.87,0.850212812,0.87,0.791699231,0.95,0.909926653,0.95,0.823950708,0.95,0.987058163,0.95,1.010991096,3.64,3.775359869,3.64,3.506873131,3.64,3.708754301,3.64,4.085420609,3.12,3.463150263,3.12,3.050233603,3.12,3.292315245,3.12,3.35080862,4.02,4.049448013,4.02,3.813317537,4.02,3.938747168,4.02,4.08316803,2.71,2.200744152,2.71,2.663121939,2.71,2.870256186,2.71,2.856986046,3.64,3.768368959,3.64,3.511370182,3.64,3.700034618,3.64,4.111675739,4.7,5.269303322,4.7,4.827651978,4.7,5.365449905,4.7,5.042841911,0.86,0.77222085,0.86,0.513368011,0.86,0.920146585,0.86,0.697049081,1.3,2.256201029,1.3,1.932832122,1.3,1.907999039,1.3,2.622675419,0.69,0.49192521,0.69,0.156555504,0.69,0.649477959,0.69,0.748220682,0.95,1.043092132,0.95,0.944706321,0.95,1.104143977,0.95,0.939064205,4.01,4.169661522,4.01,3.859862804,4.01,4.187660217,4.01,4.804073334,4.8,5.336549759,4.8,5.125729561,4.8,5.888004303,4.8,5.763231754,7.62,6.426603317,7.62,6.417451382,7.62,6.538681984,7.62,6.685002327,0.95,0.987497807,0.95,0.946764112,0.95,0.834708452,0.95,1.154165983,0.7,0.834270954,0.7,0.94293344,0.7,0.907437503,0.7,0.723856151,4.7,5.239941597,4.7,4.869268417,4.7,5.533995628,4.7,5.346126556,3.95,4.541132927,3.95,4.436609745,3.95,4.167787552,3.95,3.978611946,0.95,1.237927318,0.95,0.571011186,0.95,1.199210525,0.95,0.796632528
4.31,4.678002834,4.31,4.288131714,4.31,4.558081627,4.31,4.711333275,0.95,0.7576195,0.95,1.153545022,0.95,0.942843676,0.95,0.938237011,0.59,0.524270296,0.59,1.113324642,0.59,0.45646143,0.59,0.519842625,9.7,5.835329056,9.7,7.173774242,9.7,8.338980675,9.7,8.175812721,0.84,1.017047048,0.84,0.863461614,0.84,1.177006483,0.84,0.883710921,6.5,5.254740715,6.5,5.560842991,6.5,5.604697227,6.5,5.518714905,2.72,2.744920492,2.72,2.788683176,2.72,2.445069075,2.72,2.626718998,5.98,5.092849255,5.98,4.640439034,5.98,4.57363224,5.98,4.082850933,0.77,-0.069081575,0.77,0.818336308,0.77,0.961916745,0.77,0.735532999,0.86,1.716790199,0.86,1.331850648,0.86,2.262276173,0.86,1.458341837,1.63,2.07242465,1.63,1.881954789,1.63,1.831305385,1.63,1.843340874,4.7,5.817013741,4.7,6.252184391,4.7,7.438735962,4.7,6.36162281,2.79,2.397443056,2.79,2.100531816,2.79,2.111407042,2.79,2.213202477,0.95,1.088224769,0.95,1.074295878,0.95,1.175583601,0.95,0.941300035,0.68,0.623433113,0.68,0.424966961,0.68,0.737117231,0.68,0.63519752,0.95,1.022414207,0.95,0.962396502,0.95,1.021772146,0.95,0.933469832,0.86,0.669984102,0.86,0.572172761,0.86,0.955095291,0.86,0.822472453,0.95,1.012703896,0.95,0.876137972,0.95,1.135504484,0.95,1.029833794,6.47,7.050595284,6.47,6.393930435,6.47,7.002500534,6.47,7.106813431,0.95,1.30215466,0.95,1.069511175,0.95,1.054223418,0.95,0.920181096,1.93,1.923221588,1.93,2.132944822,1.93,2.437904835,1.93,2.18767643,0.7,1.528667688,0.7,1.296357632,0.7,1.24000895,0.7,0.999651611,0.94,0.945201397,0.94,0.860031962,0.94,0.886133432,0.94,0.969644606,0.95,1.240691423,0.95,0.565906227,0.95,0.87806499,0.95,0.842740953,0.73,0.847800612,0.73,0.763394237,0.73,0.814673185,0.73,0.746872365,4.8,4.825170517,4.8,5.233401775,4.8,5.555562019,4.8,5.51104641,0.56,0.599024773,0.56,0.676869035,0.56,0.79798311,0.56,0.639142573,0.95,1.085783958,0.95,1.046448588,0.95,1.025595665,0.95,0.933071196,0.84,0.951694965,0.84,0.789731503,0.84,1.008544207,0.84,0.828239024,0.9,0.723376751,0.9,1.305789709,0.9,1.023970127,0.9,1.074286819,0.75,0.807335258,0.75,0.522513747,0.75,0.537292957,0.75,0.733078718,2.62,2.985295296,2.62,2.834338665,2.62,2.606504679,2.62,2.763300896,4.75,4.559603691,4.75,4.816431046,4.75,4.83280468,4.75,5.205491543,0.6,0.863459826,0.6,0.848705232,0.6,0.962529659,0.6,0.980494738,9.45,8.275928497,9.45,7.848988533,9.45,8.326237679,9.45,8.997004509,4.68,4.987332344,4.68,4.681766033,4.68,4.926972389,4.68,5.157633305,3.64,3.831551313,3.64,3.473271847,3.64,3.786127806,3.64,4.022125244,1.1,1.500181794,1.1,1.296317935,1.1,1.402187943,1.1,0.920902133,3.75,4.048784256,3.75,3.971704721,3.75,4.0104599,3.75,4.258518696,0.95,0.950738192,0.95,0.811915278,0.95,0.947242022,0.95,1.012624979,1.93,2.243737936,1.93,1.691149831,1.93,2.148424864,1.93,1.862704039,3.75,3.742231369,3.75,3.63585043,3.75,3.804085016,3.75,4.015134335,6.48,6.192733765,6.48,6.248887062,6.48,6.097608566,6.48,6.15092802,8,7.777514458,8,7.559999466,8,7.767866135,8,7.56253624,6.47,6.791136742,6.47,7.155456543,6.47,6.47939682,6.47,6.536893845,3.62,3.083404541,3.62,2.92753005,3.62,2.803872585,3.62,2.977063179,0.68,0.779425859,0.68,0.584991813,0.68,0.940361202,0.68,0.88003248,8,7.781905174,8,7.577252865,8,7.584730148,8,7.572721004,0.84,0.975478888,0.84,0.77425611,0.84,0.960189581,0.84,0.793312609,3.2,4.249512196,3.2,4.105553627,3.2,4.310572624,3.2,4.516782284,0.8,0.724894047,0.8,0.633988261,0.8,0.897647917,0.8,0.906002998,0.95,0.931459904,0.95,0.915112376,0.95,0.996809006,0.95,0.98783654,9.45,9.12466526,9.45,9.263534546,9.45,9.232123375,9.45,8.857871056,5.1,4.625008106,5.1,4.508627892,5.1,4.769850731,5.1,5.155370712,1.93,1.831387281,1.93,1.657767892,1.93,1.94448781,1.93,2.142538786,1.1,0.563563824,1.1,0.714658141,1.1,0.764823735,1.1,0.916654885,4.02,3.875974417,4.02,3.808234453,4.02,3.96236968,4.02,4.006685257,0.95,0.947672009,0.95,0.953864217,0.95,0.954871893,0.95,1.018335581,0.84,0.905219913,0.84,0.919310451,0.84,1.057845354,0.84,0.858517885,6.8,6.954794884,6.8,7.253446102,6.8,7.022060394,6.8,6.847099304,0.73,1.203978777,0.73,1.323177576,0.73,1.274121046,0.73,1.357773542,8.02,8.019032478,8.02,8.361180305,8.02,8.148111343,8.02,8.272297859,4.42,4.561484337,4.42,4.565355301,4.42,4.486094475,4.42,4.568518639,0.95,0.994716287,0.95,1.004524589,0.95,1.09082675,0.95,1.044052124,0.73,1.309326053,0.73,1.333482504,0.73,1.33587563,0.73,1.348993778,0.95,0.928765535,0.95,0.931571364,0.95,1.002636194,0.95,0.959304154,4.85,5.037899494,4.85,4.630083084,4.85,4.91810894,4.85,4.771161079,8.71,7.918038845,8.71,8.042793274,8.71,7.967353821,8.71,7.975721836,3.04,2.810306549,3.04,2.59156847,3.04,2.833775759,3.04,3.196554661,3.62,3.782113314,3.62,3.387412786,3.62,3.795731306,3.62,4.098446846,0.64,0.496302098,0.64,0.453340381,0.64,0.617103577,0.64,0.497570097,5.1,5.290866375,5.1,5.173673153,5.1,5.79242897,5.1,5.427048683,0.73,0.921089768,0.73,1.053732276,0.73,0.98991847,0.73,0.898560822,0.95,0.746845365,0.95,0.925480723,0.95,1.116671562,0.95,0.89143765,0.6,0.833998442,0.6,0.686032653,0.6,0.964796662,0.6,1.132243752,0.86,0.525058508,0.86,0.731231093,0.86,1.093067527,0.86,1.289609194,4.01,4.22406435,4.01,3.931481123,4.01,4.18104744,4.01,4.61298275,1.04,1.301848292,1.04,1.027035117,1.04,1.056604147,1.04,0.984836638,0.68,0.899755478,0.68,0.755215764,0.68,1.044065118,0.68,1.090831041,1.04,1.212360263,1.04,0.855596423,1.04,1.141256094,1.04,1.365334034,0.84,0.938444614,0.84,0.892166018,0.84,1.03082943,0.84,0.870107651,0.95,1.017109036,0.95,1.06456399,0.95,0.959923565,0.95,1.010513306,9.45,9.308760643,9.45,9.68897438,9.45,9.763753891,9.45,9.721564293,0.9,1.213655949,0.9,0.887193561,0.9,1.168664455,0.9,1.493637562,1.88,1.937043428,1.88,1.861310244,1.88,2.024197578,1.88,1.762045383,4.68,5.099198341,4.68,4.635346889,4.68,5.491399765,4.68,5.196905136,4.32,4.521476269,4.32,4.451375484,4.32,4.484502792,4.32,4.570798874,3.62,3.997230291,3.62,3.416626215,3.62,3.905044794,3.62,4.48433733,0.8,1.01391983,0.8,0.842345357,0.8,1.157327175,0.8,1.004983187,2.71,2.178229809,2.71,2.710050821,2.71,2.884518623,2.71,2.876007318,3.64,3.761377335,3.64,3.513682842,3.64,3.691314459,3.64,4.137929916,1.1,1.427363873,1.1,1.324795127,1.1,1.508296967,1.1,1.540379763,6.47,6.75343895,6.47,6.467641354,6.47,6.497528076,6.47,6.358820915,1.1,1.439245582,1.1,1.329995036,1.1,1.522049665,1.1,1.554045916,0.84,0.823655367,0.84,1.016996264,0.84,0.962643623,0.84,0.953107238,6.8,6.886815548,6.8,6.663319588,6.8,7.355900764,6.8,7.337871552,4.01,4.19439888,4.01,3.878561258,4.01,4.271633148,4.01,4.806642056,0.95,0.984277964,0.95,0.826187253,0.95,0.812535048,0.95,1.130923748,3.37,3.417564631,3.37,3.439212561,3.37,3.265360355,3.37,3.538476467,0.95,0.906299472,0.95,0.823138833,0.95,0.98833251,0.95,0.985830069
0.69,0.043385476,0.69,0.193920225,0.69,0.987459898,0.69,0.831025779,0.95,1.388239145,0.95,1.096737981,0.95,0.86763525,0.95,1.003313065,4.02,3.363544703,4.02,4.5554986,4.02,4.420398712,4.02,5.001169682,0.86,1.787370205,0.86,2.741693258,0.86,1.590390563,0.86,1.729523182,6.48,5.084677696,6.48,4.902362347,6.48,5.838121414,6.48,5.428755283,0.95,0.885733783,0.95,0.864793658,0.95,1.005623937,0.95,1.029774189,4.75,4.294421673,4.75,4.446545601,4.75,4.716766357,4.75,4.463828564,0.95,1.100252867,0.95,1.233965755,0.95,1.021908879,0.95,0.843989134,0.67,0.652406693,0.67,0.419236511,0.67,0.382691145,0.67,0.624506533,0.82,1.159886599,0.82,1.028813243,0.82,1.115548611,0.82,1.369706154,1.49,1.843702316,1.49,1.710472822,1.49,1.640427113,1.49,1.685425997,0.95,0.967871666,0.95,0.914302111,0.95,1.038448691,0.95,0.904018641,1.63,2.054360867,1.63,1.884531736,1.63,1.715450048,1.63,1.934048891,0.95,1.136302233,0.95,0.916540027,0.95,0.974444926,0.95,1.032325864,4.75,4.818521976,4.75,4.338887215,4.75,4.611572266,4.75,4.234899044,7.89,7.212420464,7.89,7.093424797,7.89,6.814069748,7.89,7.05003643,4.52,4.366733551,4.52,4.290346622,4.52,4.464823723,4.52,4.483097553,1.49,1.605771542,1.49,1.692777634,1.49,1.656014919,1.49,1.441744566,4.88,5.827684402,4.88,5.286009789,4.88,5.27837944,4.88,5.076228619,3.2,4.410663128,3.2,4.623895645,3.2,5.042741776,3.2,4.876465797,1.63,1.776759148,1.63,1.86759007,1.63,1.756570697,1.63,1.685159922,0.95,1.005655766,0.95,0.969762683,0.95,1.007216215,0.95,0.932109594,6.48,6.257236481,6.48,5.48061657,6.48,6.156281471,6.48,6.508617878,0.95,1.062208533,0.95,1.088742137,0.95,0.944908381,0.95,0.924310386,0.59,0.504855871,0.59,0.669784904,0.59,0.725396156,0.59,0.828534067,0.95,0.969321728,0.95,0.965091586,0.95,0.873382926,0.95,0.909182131,0.59,0.491665334,0.59,0.623550892,0.59,0.714529514,0.59,0.896553695,0.95,1.01150918,0.95,1.026997447,0.95,1.002762556,0.95,0.931722879,0.94,0.925140977,0.94,0.862045646,0.94,0.890421629,0.94,0.938358903,3.12,2.251675844,3.12,2.733503103,3.12,2.562542915,3.12,2.555707455,3.95,3.745331526,3.95,4.113067627,3.95,3.819373369,3.95,3.920438528,1.1,1.199456692,1.1,1.194840312,1.1,0.987092376,1.1,1.051338196,6.64,6.43470192,6.64,6.061452866,6.64,6.308826447,6.64,6.650361538,7.1,6.66779995,7.1,6.224152088,7.1,6.603141785,7.1,7.264565468,4.36,5.108261585,4.36,5.444540024,4.36,4.978199005,4.36,5.285660744,0.56,0.944316149,0.56,0.952490687,0.56,1.015864134,0.56,1.003111005,1.49,1.538791299,1.49,1.701473951,1.49,1.741891265,1.49,1.640042067,6.1,6.291236401,6.1,6.013905525,6.1,6.191069603,6.1,6.39598608,7.62,6.74495554,7.62,6.960042953,7.62,6.478107452,7.62,6.881371498,0.95,1.083572507,0.95,1.07355392,0.95,0.896206915,0.95,0.982148767,0.75,0.777223468,0.75,0.66849649,0.75,0.800018072,0.75,0.783027768,0.95,1.115662932,0.95,0.865975857,0.95,0.968274415,0.95,0.934215009,0.77,0.844394207,0.77,0.661878228,0.77,0.619197249,0.77,0.815760553,0.95,1.022720814,0.95,1.152014375,0.95,1.071985722,0.95,0.978531122,4.36,5.371131897,4.36,5.411617279,4.36,5.188796997,4.36,5.084562778,1.04,1.045959711,1.04,1.035315871,1.04,1.169004917,1.04,1.14328289,1.63,1.721336246,1.63,1.688631535,1.63,1.875594258,1.63,1.68770957,1.49,1.723038435,1.49,1.547616482,1.49,1.818039179,1.49,1.634088993,3.95,4.252033234,3.95,4.286819458,3.95,4.400779724,3.95,4.040261269,1.88,1.836859226,1.88,1.59701097,1.88,1.877603054,1.88,1.703417301,3.64,4.013676643,3.64,3.486691713,3.64,3.899809599,3.64,4.100058079,3.12,3.179132223,3.12,2.726462603,3.12,3.363217592,3.12,3.113188028,0.7,0.791312456,0.7,0.779690385,0.7,0.974676609,0.7,1.031676054,7.44,7.830633163,7.44,8.083745003,7.44,7.732946396,7.44,7.901028633,0.75,0.718181133,0.75,0.630194068,0.75,0.890395164,0.75,0.771101236,4.2,4.34519577,4.2,4.519757271,4.2,4.384113312,4.2,4.51275301,0.85,0.817198038,0.85,0.864876866,0.85,0.950471401,0.85,1.140683651,0.56,0.979121685,0.56,0.927777052,0.56,0.951290309,0.56,1.078414202,3.95,4.502106667,3.95,4.244527817,3.95,4.449591637,3.95,4.191972256,3.37,3.377882719,3.37,2.682756662,3.37,3.321521997,3.37,3.225621939,7.62,6.505492687,7.62,6.484722137,7.62,6.455911636,7.62,6.44575119,0.6,0.879217267,0.6,0.842137098,0.6,0.818083882,0.6,0.945792377,2.79,2.852021694,2.79,2.749812603,2.79,3.028104544,2.79,2.816548347,0.95,0.977094531,0.95,0.880709887,0.95,0.953811407,0.95,0.925579488,3.75,3.655332088,3.75,3.641508579,3.75,3.825226068,3.75,3.9314785,4.35,4.128928185,4.35,4.227800846,4.35,4.374910355,4.35,4.444636345,0.8,0.71858716,0.8,0.579006314,0.8,0.826617658,0.8,1.195515394,7.1,5.24714756,7.1,5.295207024,7.1,5.500589371,7.1,5.832131386,1.49,1.854472041,1.49,1.713069081,1.49,1.931573391,1.49,1.683105946,2.93,2.639817238,2.93,2.597414255,2.93,2.882091045,2.93,3.052182198,0.7,0.789301753,0.7,0.834628105,0.7,0.761028409,0.7,0.652150095,2.12,1.961488485,2.12,1.770925403,2.12,2.241462946,2.12,2.200268269,3.75,3.794291019,3.75,3.56674552,3.75,3.831778526,3.75,3.98411274,5.1,5.315312386,5.1,5.186490059,5.1,5.760873795,5.1,5.427889824,0.56,0.772891283,0.56,0.82558167,0.56,0.8206532,0.56,0.69855994,1.04,1.267485738,1.04,0.864291787,1.04,1.148717761,1.04,1.278249979,6.64,6.403669357,6.64,6.251452446,6.64,6.409584999,6.64,6.897271156,6.8,6.826245785,6.8,6.856301308,6.8,7.063461304,6.8,6.996135712,4.01,4.204705238,4.01,3.910539389,4.01,4.165739059,4.01,4.612109661,0.7,1.050543547,0.7,0.861172557,0.7,1.0595963,0.7,0.927148402,0.85,0.869823456,0.85,0.605062604,0.85,0.914754391,0.85,1.081428528,4.8,5.233128548,4.8,5.120113373,4.8,5.615931511,4.8,5.667358398,4.75,4.70006752,4.75,4.378554344,4.75,4.639587402,4.75,5.278312683,4.7,5.11608696,4.7,4.825324059,4.7,5.284766197,4.7,4.935194492,0.73,0.93956995,0.73,0.837488055,0.73,1.001262426,0.73,0.772196293,4.35,4.052475929,4.35,4.276773453,4.35,4.469744682,4.35,4.259423733,6.47,6.697756767,6.47,6.561723232,6.47,6.705845833,6.47,6.877836704,0.95,1.070183992,0.95,1.06365335,0.95,0.918603659,0.95,0.976584792,1.42,1.640586257,1.42,1.813027024,1.42,1.622760296,1.42,1.741522789,0.95,1.2426579,0.95,0.63478291,0.95,0.910715222,0.95,0.920439601,0.93,1.125898838,0.93,1.549979091,0.93,1.121646166,0.93,1.234942913,8.71,8.76951313,8.71,8.793609619,8.71,8.918492317,8.71,9.07657814,0.69,0.488938063,0.69,0.169413418,0.69,0.642099261,0.69,0.73307842,0.95,1.114929557,0.95,0.986613989,0.95,1.100267649,0.95,0.975298464,0.69,1.106348276,0.69,1.142597079,0.69,0.56332159,0.69,0.616532445,0.6,0.848194361,0.6,1.316126704,0.6,0.853870153,0.6,1.076088905,0.94,0.803976297,0.94,1.119082332,0.94,1.098308086,0.94,0.792421162,2.12,1.809349298,2.12,2.319841146,2.12,2.266568899,2.12,2.268703938,4.1,4.069959641,4.1,3.770586967,4.1,3.991886854,4.1,4.362372398,0.95,1.175359249,0.95,1.069639802,0.95,1.015951633,0.95,0.958594024
4.85,4.382128239,4.85,4.871220112,4.85,4.932084084,4.85,5.07844162,6.47,4.003705502,6.47,4.451960087,6.47,5.079019547,6.47,5.01257515,6.15,5.619610786,6.15,5.890342712,6.15,6.678264618,6.15,6.071960449,5.98,4.913118362,5.98,4.362665176,5.98,3.995901585,5.98,4.19348526,6.15,5.990926743,6.15,6.286812782,6.15,6.620536804,6.15,6.339727402,4.35,6.025017738,4.35,4.914504528,4.35,4.239748001,4.35,4.620019913,1.49,2.012973785,1.49,2.028006315,1.49,1.862822294,1.49,1.593157291,0.95,1.020676494,0.95,0.735986292,0.95,0.964049578,0.95,0.905431628,0.84,0.93196106,0.84,0.9450773,0.84,0.919603825,0.84,0.962400794,0.95,0.913488388,0.95,0.866454959,0.95,0.872855067,0.95,0.751065969,4.88,5.620711327,4.88,5.581864357,4.88,6.211741447,4.88,5.284569263,7.89,6.448295593,7.89,6.698895931,7.89,7.923709869,7.89,7.297436714,0.84,0.893257797,0.84,0.732436538,0.84,0.816073656,0.84,0.649137139,6.12,6.325807571,6.12,5.372247696,6.12,6.480600357,6.12,6.146501541,3.64,4.021916389,3.64,3.757889509,3.64,3.706923008,3.64,3.435631037,0.82,2.609915972,0.82,1.796465516,0.82,1.975432515,0.82,2.162570953,0.85,0.660418272,0.85,0.637103856,0.85,0.745110214,0.85,0.840496063,4.35,3.922468662,4.35,4.246346474,4.35,3.72467041,4.35,3.803930759,6.48,6.362447739,6.48,5.579054832,6.48,6.152303696,6.48,6.391073227,3.12,2.700336695,3.12,3.023373842,3.12,3.038090467,3.12,2.931387186,3.04,2.805682898,3.04,2.997042179,3.04,3.096614361,3.04,3.072894573,0.88,1.044340372,0.88,0.824351132,0.88,1.161222458,0.88,1.109957457,4.52,4.345644474,4.52,4.343083382,4.52,4.461149216,4.52,4.623198032,6.06,6.331026554,6.06,6.094246864,6.06,6.75796032,6.06,6.714037418,0.75,0.766771197,0.75,0.497938484,0.75,0.424973965,0.75,0.708225012,0.95,0.92522347,0.95,1.1958915,0.95,0.934997797,0.95,1.031718969,0.85,0.651974201,0.85,0.51077956,0.85,1.110237598,0.85,0.959584296,0.82,2.070382118,0.82,1.569201231,0.82,1.497019649,0.82,1.28798461,1.93,2.018795013,1.93,2.178597212,1.93,2.46995616,1.93,2.108115673,0.95,1.078944445,0.95,0.866615653,0.95,1.065111518,0.95,0.96836108,0.87,0.938838124,0.87,0.912071109,0.87,0.923903704,0.87,0.859296381,0.95,1.05493629,0.95,1.082781672,0.95,0.9488554,0.95,0.923874974,0.75,0.801386356,0.75,0.539251208,0.75,0.587772608,0.75,0.742429137,0.95,1.037664652,0.95,0.892099738,0.95,0.992982149,0.95,0.960626185,0.86,0.879452705,0.86,0.449720472,0.86,0.967523873,0.86,0.627995908,3.2,3.641690969,3.2,3.971108198,3.2,3.715934038,3.2,3.651650667,6.64,6.345458031,6.64,6.519359112,6.64,6.28055954,6.64,6.445502281,0.95,0.937125683,0.95,1.08097136,0.95,0.938051224,0.95,1.025839448,1.88,1.711679101,1.88,1.802380443,1.88,1.883867621,1.88,1.824144363,4.8,5.481502056,4.8,5.321247101,4.8,5.48268795,4.8,5.893575191,0.77,0.797218919,0.77,0.633792102,0.77,0.604931176,0.77,0.822064221,0.95,0.982166767,0.95,0.878284335,0.95,0.940288424,0.95,0.926443338,2.79,2.645706892,2.79,2.59663558,2.79,2.71803689,2.79,2.633276939,9.7,8.991412163,9.7,8.885962486,9.7,9.338752747,9.7,9.442989349,3.64,3.788344145,3.64,3.310124636,3.64,3.943348169,3.64,4.078017235,2.12,1.907956362,2.12,2.116779089,2.12,2.297548056,2.12,2.357387543,4.4,4.469450474,4.4,4.316975594,4.4,4.467639923,4.4,4.486215115,0.95,0.882348776,0.95,1.027754545,0.95,1.049143076,0.95,0.980454087,4.51,4.440201759,4.51,4.283330441,4.51,4.46843338,4.51,4.480867863,0.6,0.767806709,0.6,0.835330248,0.6,0.880926549,0.6,0.984558821,4.52,4.35421133,4.52,4.291177273,4.52,4.467106819,4.52,4.453631401,4.7,4.801170826,4.7,5.277747631,4.7,4.880227089,4.7,4.737279892,3.75,3.75888586,3.75,3.677610159,3.75,3.810701132,3.75,3.710903168,0.76,0.878435314,0.76,0.71011436,0.76,0.671657085,0.76,0.926441133,0.94,0.918556571,0.94,0.887592196,0.94,0.902919531,0.94,0.84366852,1.04,0.881624222,1.04,0.930431008,1.04,1.246184707,1.04,0.956653059,7.62,8.214984894,7.62,7.543401718,7.62,8.118886948,7.62,8.033825874,0.95,0.835124493,0.95,0.841537356,0.95,1.068062305,0.95,0.935004771,4.01,4.49251461,4.01,4.039234161,4.01,4.469955444,4.01,4.723937035,8.39,8.26897049,8.39,8.529639244,8.39,8.1577425,8.39,8.473726273,4.36,5.57036829,4.36,5.303854465,4.36,5.342333794,4.36,5.106648445,3.62,3.705743551,3.62,3.45683074,3.62,3.75969553,3.62,3.818976402,2.16,2.342833281,2.16,2.170619249,2.16,2.283972502,2.16,2.251168013,2.62,2.344051838,2.62,2.344190121,2.62,2.477035284,2.62,2.894695997,4.31,4.491706371,4.31,4.525092125,4.31,4.484087944,4.31,4.534245968,3.62,3.731560469,3.62,3.406332254,3.62,3.80106473,3.62,3.946316719,4.38,4.499281883,4.38,4.524338245,4.38,4.485940933,4.38,4.539843082,0.95,0.916991472,0.95,0.882822037,0.95,0.92527914,0.95,0.998516977,3.75,3.658715248,3.75,3.639290094,3.75,3.866775513,3.75,4.026413918,0.82,0.673269033,0.82,0.485313267,0.82,0.834113181,0.82,0.68849808,4.1,3.966398478,4.1,3.56992054,4.1,3.82935977,4.1,4.106532097,0.95,0.977484465,0.95,0.939869761,0.95,1.011794806,0.95,0.95251894,0.94,0.880132198,0.94,0.982604861,0.94,0.856769085,0.94,0.849584758,6.26,6.4366045,6.26,6.334390163,6.26,6.505833626,6.26,6.44798851,4.88,5.019130707,4.88,4.766505241,4.88,5.145655632,4.88,4.703781128,9.7,9.195949554,9.7,9.44311142,9.7,9.055732727,9.7,9.310340881,6.48,6.201182365,6.48,6.04791832,6.48,6.186668396,6.48,6.685908318,6.6,6.990125656,6.6,7.017849922,6.6,7.089511871,6.6,7.240036964,6.15,6.131082535,6.15,5.953106403,6.15,5.974744797,6.15,6.153454304,0.93,0.042208999,0.93,0.798813224,0.93,0.738176942,0.93,0.793219566,4.02,4.108518124,4.02,3.791889429,4.02,3.940661669,4.02,4.115643501,5.27,5.933675289,5.27,5.488934994,5.27,6.011810303,5.27,5.945890427,5.73,6.170772552,5.73,6.025693417,5.73,6.242316246,5.73,6.202210426,0.95,0.95098114,0.95,0.822337151,0.95,0.976146936,0.95,1.011129618,4.88,4.935487747,4.88,4.796684265,4.88,4.931736946,4.88,4.612484455,6.47,6.180438042,6.47,5.703174114,6.47,6.118413925,6.47,5.982402325,4.85,4.964795589,4.85,4.83079195,4.85,4.915496826,4.85,4.637299061,0.95,1.026063442,0.95,0.963614106,0.95,0.980058193,0.95,0.922101021,9.45,9.389802933,9.45,9.681212425,9.45,9.796250343,9.45,9.698212624,0.95,1.257786274,0.95,0.88992697,0.95,1.048623085,0.95,0.948598325,0.86,0.756858349,0.86,0.524507403,0.86,0.910894096,0.86,0.702433348,2.62,2.447960615,2.62,3.03420949,2.62,2.848613262,2.62,3.024415016,0.8,1.091418982,0.8,0.91152823,0.8,1.236596465,0.8,1.034056664,3.2,4.014092445,3.2,3.775776625,3.2,4.506908417,3.2,4.360201836,4.39,4.508286953,4.39,4.437394142,4.39,4.460047722,4.39,4.595533848,0.56,0.990677476,0.56,1.438409925,0.56,0.957138002,0.56,1.119831562,4.01,4.19439888,4.01,3.878561258,4.01,4.271633148,4.01,4.806642056,0.95,0.796083927,0.95,0.636859775,0.95,1.08525753,0.95,0.867052197,4.52,4.369760036,4.52,4.340426922,4.52,4.439851761,4.52,4.453938484,1.49,1.733826399,1.49,2.275584936,1.49,1.7901299,1.49,1.722245455
4.75,4.832101822,4.75,4.258960724,4.75,5.116625786,4.75,5.201449394,4.8,4.26561451,4.8,5.544644356,4.8,5.502953529,4.8,6.076086521,4.38,4.542815208,4.38,4.322493553,4.38,4.553870201,4.38,4.402488708,0.82,1.970839381,0.82,1.329495788,0.82,2.537773848,0.82,2.130520821,4.38,4.279155731,4.38,4.345967293,4.38,4.504714966,4.38,4.436552048,8.71,7.751478672,8.71,6.235799313,8.71,6.08617115,8.71,6.655082703,7.62,6.509074211,7.62,5.154425144,7.62,7.172003746,7.62,7.673440933,3.2,4.117592335,3.2,4.321058273,3.2,3.027879238,3.2,3.240047216,0.6,0.643597007,0.6,0.389805645,0.6,0.602744222,0.6,0.699021578,0.95,1.027218819,0.95,0.773054659,0.95,0.853608668,0.95,0.897211671,6.48,5.749263763,6.48,5.505233765,6.48,6.064166069,6.48,5.899072647,3.18,4.527481079,3.18,4.845884323,3.18,4.603349686,3.18,3.366224289,0.86,0.601684213,0.86,0.54819417,0.86,0.915668845,0.86,0.929716945,1.1,1.146037221,1.1,0.835479438,1.1,1.013508797,1.1,1.237534761,0.69,0.607144117,0.69,0.551925063,0.69,0.742237449,0.69,0.463083923,0.95,0.564237714,0.95,1.194025397,0.95,0.926420808,0.95,0.901540399,1.63,1.992755294,1.63,1.798052669,1.63,1.588571787,1.63,1.615206957,0.82,0.698477745,0.82,1.045014977,0.82,0.815063119,0.82,1.0502069,9.45,7.480022907,9.45,6.715275288,9.45,7.869352341,9.45,7.827421188,1.49,1.711361408,1.49,1.632157803,1.49,1.74363482,1.49,1.455641985,4.1,4.555926323,4.1,4.412258625,4.1,4.566380501,4.1,4.324340343,0.95,0.962763906,0.95,0.867851257,0.95,1.118122578,0.95,0.924101532,3.75,4.272324562,3.75,3.875426054,3.75,4.246801376,3.75,4.132126331,0.95,0.953951955,0.95,0.79157722,0.95,0.937394738,0.95,1.013086081,4.43,4.395105362,4.43,4.395817757,4.43,4.4634552,4.43,4.658538818,2.62,3.142469645,2.62,3.132120848,2.62,2.906376362,2.62,2.75614357,4.36,4.762626648,4.36,5.064478397,4.36,5.19220829,4.36,5.017827034,0.95,1.005439997,0.95,0.887583852,0.95,0.978878736,0.95,0.924888909,4.5,4.506130219,4.5,4.508822441,4.5,4.46882534,4.5,4.72078228,8,7.563049316,8,7.701920509,8,7.764757156,8,7.7570858,4.36,4.922584534,4.36,5.286344528,4.36,5.026309013,4.36,5.00978756,6.6,7.285803318,6.6,7.385327816,6.6,7.535019875,6.6,7.523015976,4.42,4.5445261,4.42,4.521122932,4.42,4.469654083,4.42,4.652925968,0.95,1.051983356,0.95,1.0357548,0.95,1.014292002,0.95,0.932110608,1.88,1.67492187,1.88,1.890660882,1.88,1.845890284,1.88,1.716786146,2.93,3.342076302,2.93,3.250636816,2.93,3.136143446,2.93,3.808882236,4.36,4.465233803,4.36,4.425701141,4.36,4.46216011,4.36,4.559560299,0.95,1.237321258,0.95,0.850526452,0.95,0.971500397,0.95,0.904021144,0.7,0.466656983,0.7,0.621093273,0.7,0.704627633,0.7,0.709815204,7.1,6.99298811,7.1,6.522367477,7.1,6.620980263,7.1,6.942722797,6.64,6.404626846,6.64,6.543208599,6.64,6.311980247,6.64,6.367809772,2.93,2.996876001,2.93,3.126951218,2.93,3.003279686,2.93,3.671759129,3.75,3.891104698,3.75,3.790169954,3.75,3.927618265,3.75,4.019971371,5.1,4.889751434,5.1,4.680585861,5.1,5.02717495,5.1,5.142363071,6.48,6.291311264,6.48,6.229154587,6.48,6.156354904,6.48,6.162949562,0.56,0.882085025,0.56,0.930193067,0.56,1.025760889,0.56,1.045150518,0.59,0.487967223,0.59,0.63988173,0.59,0.625412524,0.59,0.721815526,3.12,3.0746243,3.12,2.743363619,3.12,3.330167055,3.12,2.983950138,0.84,0.90865016,0.84,0.805816054,0.84,1.004885197,0.84,0.93180728,0.9,0.871073127,0.9,0.992582917,0.9,1.195840716,0.9,0.888917387,7.62,8.315134048,7.62,7.676020622,7.62,8.288051605,7.62,7.856142998,0.95,0.97718668,0.95,0.867887795,0.95,0.945956469,0.95,0.92599076,6.47,6.630998611,6.47,6.799685001,6.47,6.60655117,6.47,6.474773407,0.95,1.022169352,0.95,1.058043361,0.95,0.95742178,0.95,0.922391713,0.93,1.034007311,0.93,1.118257165,0.93,1.050369501,0.93,1.062034845,0.95,0.894301891,0.95,0.918583751,0.95,0.987299204,0.95,0.977002025,0.73,1.198104739,0.73,1.319773197,0.73,1.220389843,0.73,1.373913288,0.95,0.895442367,0.95,0.975571871,0.95,1.048336983,0.95,0.878457665,1.42,1.609817147,1.42,1.673579097,1.42,1.656499147,1.42,1.741146803,1.63,1.895163059,1.63,1.504630446,1.63,1.764700174,1.63,1.600283146,6.06,6.465824127,6.06,6.363465786,6.06,6.700437546,6.06,6.349924088,0.97,0.965126276,0.97,0.971686363,0.97,1.313692689,0.97,1.226752758,7.62,7.997730255,7.62,7.485999107,7.62,7.939748764,7.62,8.30712986,6.12,5.922707081,6.12,5.65009594,6.12,5.873430252,6.12,5.974849224,2.72,2.504940033,2.72,2.268974066,2.72,2.42317915,2.72,2.346122265,6.6,7.104510307,6.6,7.063434601,6.6,6.968906403,6.6,7.481669426,4.52,4.347607136,4.52,4.428106785,4.52,4.478372574,4.52,4.461666107,8.39,8.275184631,8.39,8.45567894,8.39,8.254246712,8.39,8.4053936,6.06,6.399298668,6.06,6.343117237,6.06,6.66211319,6.06,6.468278885,0.95,0.979387045,0.95,0.939646125,0.95,1.020138502,0.95,0.958214939,6.47,6.398906231,6.47,6.616356373,6.47,6.731647491,6.47,6.897678375,0.95,1.125228167,0.95,0.713358283,0.95,0.98514843,0.95,0.950442255,7.62,7.796765327,7.62,7.534002781,7.62,7.804284096,7.62,8.469846725,1.04,1.263753057,1.04,1.024150252,1.04,1.061643243,1.04,0.965047896,9.45,9.179576874,9.45,9.648706436,9.45,9.664106369,9.45,9.67999649,3.37,3.593646526,3.37,2.829779863,3.37,3.136303902,3.37,3.33348608,4.52,4.356666565,4.52,4.388738155,4.52,4.486198425,4.52,4.474799633,0.95,0.945988536,0.95,0.779451728,0.95,0.983475327,0.95,0.981548667,1.42,1.490411162,1.42,1.756186604,1.42,1.750827312,1.42,1.730359793,2.71,2.218093157,2.71,2.571687222,2.71,2.800491095,2.71,2.811711788,4.4,4.512874603,4.4,4.469799519,4.4,4.49694252,4.4,4.558697701,3.12,3.520848036,3.12,3.009150743,3.12,3.269849062,3.12,3.36649251,6.64,6.423810482,6.64,6.296992779,6.64,6.449298859,6.64,6.862483025,7.94,5.409885883,7.94,5.481955528,7.94,6.162311554,7.94,5.988902569,0.64,0.596106052,0.64,0.583021045,0.64,0.845862389,0.64,0.620553434,0.95,0.974434376,0.95,0.950096488,0.95,0.942914844,0.95,0.948619187,0.7,0.671949267,0.7,0.86538291,0.7,0.84393096,0.7,0.690616786,2.93,2.81308651,2.93,2.413268328,2.93,2.736359358,2.93,3.003745794,4.32,4.514298916,4.32,4.445232391,4.32,4.478155136,4.32,4.574834347,7.1,7.05171299,7.1,6.862821579,7.1,7.274953842,7.1,6.876917839,0.59,0.750665665,0.59,0.82215488,0.59,0.523235083,0.59,0.639686644,8.4,8.325195313,8.4,8.273470879,8.4,8.575510025,8.4,8.67876339,4.32,4.498532295,4.32,4.431989193,4.32,4.465373993,4.32,4.582119465,0.95,1.07334137,0.95,0.626557469,0.95,1.114321709,0.95,0.930863678,0.6,0.691092968,0.6,0.841125965,0.6,0.792946517,0.6,0.625222385,0.7,1.206629992,0.7,1.220922351,0.7,1.376783848,0.7,1.365114212,0.67,0.685008526,0.67,0.688071132,0.67,0.714618444,0.67,0.60327214,6.06,5.981920242,6.06,5.638131142,6.06,6.067660332,6.06,5.739113808,1.05,1.039969444,1.05,0.370961994,1.05,1.105192661,1.05,0.980997264,0.95,1.561128616,0.95,0.735518575,0.95,1.019563437,0.95,0.932437956
6.48,5.036984444,6.48,4.413232327,6.48,5.275091171,6.48,5.211741447,6.6,6.823925495,6.6,7.283769608,6.6,7.853580475,6.6,7.512608528,2.72,2.866531134,2.72,2.763056755,2.72,2.663842201,2.72,2.743466377,6.06,5.176839828,6.06,5.466583252,6.06,5.577503204,6.06,6.110894203,0.75,0.358330756,0.75,0.834917903,0.75,1.318757534,0.75,0.664140284,0.95,0.861896515,0.95,0.857176304,0.95,0.990126848,0.95,0.903108716,3.6,2.892318249,3.6,3.129750252,3.6,2.950560808,3.6,3.61862421,6.8,6.692569733,6.8,6.369730949,6.8,7.083230019,6.8,7.043772221,4.43,4.497409821,4.43,4.367023468,4.43,4.487380981,4.43,4.455621719,0.95,0.553720951,0.95,1.266457915,0.95,0.941543698,0.95,0.906581879,0.86,0.601622224,0.86,0.559165478,0.86,0.886620522,0.86,0.917248547,0.95,0.737028599,0.95,0.918732524,0.95,1.262620687,0.95,1.031979203,4.75,4.55596447,4.75,4.453204155,4.75,4.969280243,4.75,4.574784279,9.7,7.717024803,9.7,7.839267731,9.7,8.568844795,9.7,8.748047829,1.88,2.276453733,1.88,1.90058291,1.88,1.785966277,1.88,2.000425816,0.76,0.888850689,0.76,0.376822323,0.76,0.553358316,0.76,1.163318753,6.48,6.566107273,6.48,5.535470963,6.48,6.42063427,6.48,6.704312801,3.75,3.881872654,3.75,4.294923782,3.75,4.633127213,3.75,3.635155678,0.6,0.603608489,0.6,0.560183406,0.6,0.865305066,0.6,0.566643655,0.95,1.046783924,0.95,0.956704021,0.95,1.015568733,0.95,0.932893991,4.32,4.574597836,4.32,4.463620663,4.32,4.476247787,4.32,4.624991417,1.04,0.597070575,1.04,1.224436402,1.04,0.941195548,1.04,1.44794178,1.05,1.119758368,1.05,0.830082297,1.05,1.038322926,1.05,0.886871457,2.8,3.445470572,2.8,3.831938267,2.8,3.58786273,2.8,3.839146614,6.47,6.771309853,6.47,6.459183216,6.47,7.00702095,6.47,6.627276897,1.88,1.882408857,1.88,1.718734741,1.88,1.905643225,1.88,1.789110661,0.87,0.957204521,0.87,0.871563792,0.87,0.913653135,0.87,0.983148217,8.6,8.44467926,8.6,8.114947319,8.6,9.299292564,8.6,9.203185081,0.69,0.526258707,0.69,0.703099728,0.69,0.578346968,0.69,0.561688244,7.89,7.617951393,7.89,7.605470657,7.89,7.855307579,7.89,7.76739502,3.95,3.745331526,3.95,4.113067627,3.95,3.819373369,3.95,3.920438528,0.95,0.954814076,0.95,0.868384242,0.95,0.940910459,0.95,1.016900301,0.73,1.362912297,0.73,1.221438766,0.73,1.202827454,0.73,1.390969992,5,6.140842438,5,5.813732624,5,6.658685684,5,6.268918037,4.75,4.549844742,4.75,5.012183189,4.75,4.800510406,4.75,5.209471703,0.95,0.867409408,0.95,1.031520247,0.95,1.126208305,0.95,1.00528264,0.56,0.53421694,0.56,0.674382329,0.56,0.758327842,0.56,0.695352018,0.56,0.929467201,0.56,0.944711328,0.56,1.022534609,0.56,1.008419871,1.93,2.349415541,1.93,1.732739925,1.93,2.185381651,1.93,1.827714682,0.95,1.027992964,0.95,0.778344512,0.95,1.115736008,0.95,1.034903765,0.7,0.510987222,0.7,0.630526304,0.7,0.7296893,0.7,0.701047242,0.95,0.976870179,0.95,0.778261542,0.95,1.101740718,0.95,1.028912544,1.88,1.754906178,1.88,1.750688314,1.88,1.928806782,1.88,1.769927025,4.2,4.31387949,4.2,4.480418682,4.2,4.464164734,4.2,4.533658981,5.73,6.583331585,5.73,6.895967484,5.73,6.270809174,5.73,6.338302612,6.12,5.915785313,6.12,5.624973297,6.12,5.772643089,6.12,5.946504593,4.1,4.166310787,4.1,3.672363043,4.1,4.277927399,4.1,4.262237072,5.27,4.169291019,5.27,4.394024372,5.27,4.352985382,5.27,4.663004398,0.56,0.767904758,0.56,0.791951299,0.56,0.705061197,0.56,0.763141692,0.95,1.023241401,0.95,0.905456185,0.95,0.952994704,0.95,0.926854253,0.69,0.780609369,0.69,0.806863189,0.69,0.748762608,0.69,0.691957474,9.7,9.481801033,9.7,9.033135414,9.7,9.239783287,9.7,9.486359596,7.62,6.527095795,7.62,6.668476582,7.62,6.497122765,7.62,6.375477791,0.95,0.948011756,0.95,1.032502055,0.95,0.954123259,0.95,1.015997648,0.6,0.778666198,0.6,0.755351424,0.6,0.471386492,0.6,0.641027033,9.7,9.613866806,9.7,9.191577911,9.7,9.185201645,9.7,9.431312561,0.86,0.913928509,0.86,0.263909668,0.86,0.956490874,0.86,0.627261817,6.06,6.049672604,6.06,6.123090744,6.06,6.385976791,6.06,6.200892925,2.72,2.411097288,2.72,2.294937611,2.72,2.378693819,2.72,2.403446913,2.62,2.394768,2.62,2.331402302,2.62,2.420867205,2.62,2.904260159,4.51,4.417366982,4.51,4.4532547,4.51,4.476144791,4.51,4.479271889,4.7,4.641788483,4.7,5.014387608,4.7,4.903916359,4.7,4.579143524,7.62,7.997730255,7.62,7.485999107,7.62,7.939748764,7.62,8.30712986,4.8,5.172557831,4.8,5.272102356,4.8,5.407003403,4.8,5.803310871,0.86,0.914862156,0.86,0.340058178,0.86,0.970078588,0.86,0.642567575,6.26,6.615451813,6.26,6.491998196,6.26,6.537288666,6.26,6.449131489,3.75,3.657024384,3.75,3.64564085,3.75,3.846000671,3.75,3.99602294,8.4,8.59975338,8.4,8.914349556,8.4,8.455399513,8.4,8.597667694,7.62,7.877151489,7.62,7.550188541,7.62,7.858469009,7.62,8.598110199,0.95,1.040511847,0.95,1.075124502,0.95,0.97119832,0.95,0.922256112,0.8,0.787396193,0.8,0.515881658,0.8,0.828030646,0.8,1.11974144,7.44,7.895634174,7.44,7.891459942,7.44,7.881975174,7.44,7.867730141,1.42,1.610004544,1.42,1.723464847,1.42,1.829298377,1.42,1.725132704,2.62,2.162619591,2.62,2.397284985,2.62,2.638824224,2.62,2.893012047,1.88,1.853837013,1.88,1.828641176,1.88,2.01362133,1.88,1.776638269,6.6,6.99955225,6.6,7.012722015,6.6,7.060669899,6.6,7.272223473,4.36,4.434018612,4.36,4.437817097,4.36,4.490057945,4.36,4.514669418,1.88,2.188148737,1.88,1.698655128,1.88,1.726518869,1.88,1.684233427,0.93,1.04493928,0.93,1.42006433,0.93,1.196099162,0.93,1.132867575,7.39,7.440877438,7.39,7.393809319,7.39,7.550148964,7.39,7.550497055,0.77,0.720677733,0.77,1.005694985,0.77,0.86308682,0.77,0.920538366,2.12,2.032940388,2.12,1.904282451,2.12,2.236108303,2.12,2.199530602,4.43,4.414277077,4.43,4.398222446,4.43,4.491404533,4.43,4.509572029,5.27,5.998300552,5.27,5.496997833,5.27,6.003351212,5.27,5.907524109,1.93,1.936277628,1.93,1.73743093,1.93,2.032042265,1.93,2.063898325,7.94,5.458199501,7.94,5.559071064,7.94,6.204007149,7.94,6.005228996,1.88,1.956222892,1.88,1.866468191,1.88,2.024684429,1.88,1.777926922,4.35,4.017290592,4.35,4.294796467,4.35,4.470191002,4.35,4.253777981,4.85,4.994102955,4.85,4.864898682,4.85,4.899256706,4.85,4.66211319,8.4,8.3394804,8.4,8.317597389,8.4,8.550361633,8.4,8.663434982,0.64,0.537295341,0.64,0.697898746,0.64,0.840916634,0.64,0.606653512,1.88,2.023078442,1.88,2.125059843,1.88,1.788609147,1.88,1.741826534,0.75,0.487434119,0.75,0.499946445,0.75,0.60454154,0.75,0.675145388,8.02,8.099283218,8.02,8.111881256,8.02,8.416390419,8.02,8.442023277,0.81,0.855053902,0.81,1.083529353,0.81,1.07540369,0.81,0.795174658,6.1,6.255764961,6.1,5.909068108,6.1,6.915282249,6.1,6.351467133,0.7,1.001173735,0.7,0.871063828,0.7,1.095887542,0.7,1.443851471,0.86,1.006051302,0.86,1.279739976,0.86,1.389321566,0.86,1.467140198,0.56,0.928734541,0.56,1.006770492,0.56,0.977140903,0.56,0.782015502,0.95,0.982881069,0.95,0.943597674,0.95,0.795958281,0.95,0.956716239
0.7,-0.010116369,0.7,0.11997173,0.7,0.469689548,0.7,0.649604023,4.68,5.042059422,4.68,5.047103405,4.68,5.955844879,4.68,5.433181763,0.94,0.793049455,0.94,1.029029727,0.94,1.202787161,0.94,0.786753297,8.39,7.925042152,8.39,6.284759521,8.39,6.959472656,8.39,6.798272133,0.94,0.813428998,0.94,0.998527408,0.94,1.209181786,0.94,0.788521111,0.95,0.896960139,0.95,1.021213412,0.95,0.974948406,0.95,0.947294652,0.93,1.267173767,0.93,1.315244794,0.93,1.141363978,0.93,0.854045272,0.95,0.801009774,0.95,0.940714717,0.95,0.852110028,0.95,0.922662854,4.42,4.601930618,4.42,4.36339426,4.42,4.498732567,4.42,4.490449905,4.8,4.444597721,4.8,5.531644344,4.8,5.21504879,4.8,4.991170883,6.64,5.758697033,6.64,5.510322571,6.64,6.071573257,6.64,5.906177998,1.04,0.837918162,1.04,0.960348964,1.04,0.859502017,1.04,0.651843548,0.6,0.700675011,0.6,0.400514215,0.6,0.630165219,0.6,0.682784259,1.49,1.435232759,1.49,1.795473456,1.49,1.560705423,1.49,1.710673571,3.04,3.529512644,3.04,3.140817165,3.04,2.863842726,3.04,2.793592215,3.2,4.053276062,3.2,4.086054802,3.2,3.770855188,3.2,3.337287426,1.93,2.264796495,1.93,2.338330507,1.93,2.223776102,1.93,2.298865795,7.44,7.748245716,7.44,8.170272827,7.44,7.83510685,7.44,7.487234116,0.7,0.610360146,0.7,0.718279898,0.7,0.739002585,0.7,0.791958392,0.82,0.770680785,0.82,1.141539931,0.82,0.818442106,0.82,1.012064219,0.75,0.724095941,0.75,0.508752227,0.75,0.500347376,0.75,0.695046663,0.95,1.149530888,0.95,0.940056682,0.95,0.957227349,0.95,0.930633783,4.38,4.454590321,4.38,4.410885334,4.38,4.467960358,4.38,4.637728214,0.95,0.782194614,0.95,0.788460016,0.95,1.089501858,0.95,0.882775307,0.56,0.682240486,0.56,0.701410174,0.56,0.833159089,0.56,0.633405685,4.2,3.927101374,4.2,4.747612,4.2,5.018577576,4.2,4.114173889,9.45,7.64885664,9.45,7.531011581,9.45,8.221097946,9.45,8.477173805,5.9,5.067392826,5.9,5.267493248,5.9,4.54533577,5.9,4.892272472,9.45,7.795546532,9.45,7.5749259,9.45,8.200802803,9.45,8.594092369,0.95,1.351939797,0.95,0.783967137,0.95,0.932467341,0.95,0.851360619,0.6,0.838992953,0.6,0.313005358,0.6,0.724215984,0.6,0.84816277,0.95,0.926119089,0.95,1.13262856,0.95,0.931964755,0.95,1.029670954,0.81,0.856225967,0.81,0.893857837,0.81,0.847430229,0.81,0.824783444,2.12,2.054910898,2.12,2.288866758,2.12,2.377993345,2.12,2.229949236,0.67,0.764492869,0.67,0.67720449,0.67,0.687067032,0.67,0.766893387,0.95,1.033178329,0.95,0.893847823,0.95,0.996422768,0.95,0.974062622,3.95,4.068059921,3.95,4.335819244,3.95,4.008707523,3.95,3.852232218,4.7,5.514411926,4.7,5.099892139,4.7,5.074030876,4.7,5.251529694,0.84,0.956851959,0.84,0.802200198,0.84,0.963927627,0.84,0.792868078,0.95,1.045932651,0.95,1.075678706,0.95,0.952491045,0.95,0.92340064,4.88,5.208761215,4.88,5.371880531,4.88,4.94126606,4.88,4.963741302,0.95,0.919460654,0.95,0.859006763,0.95,0.941215992,0.95,1.015612125,3.04,3.072599888,3.04,2.416171789,3.04,2.968536139,3.04,2.841895103,1.3,2.425305367,1.3,2.276695967,1.3,2.0589149,1.3,2.175285578,3.64,3.788344145,3.64,3.310124636,3.64,3.943348169,3.64,4.078017235,1.88,1.744158506,1.88,1.6365453,1.88,1.896299362,1.88,1.70453167,3.75,3.865912199,3.75,3.735903978,3.75,3.886028528,3.75,3.874387264,2.8,3.240877628,2.8,2.980884552,2.8,3.457807064,2.8,3.429765224,4.01,4.280851841,4.01,3.881211519,4.01,4.609766006,4.01,4.605304718,0.95,0.976623535,0.95,0.865285695,0.95,0.9445436,0.95,0.926046491,6.15,6.040037155,6.15,6.026417732,6.15,6.370846748,6.15,5.888948441,6.26,6.502536774,6.26,6.691754341,6.26,6.638669968,6.26,6.515424728,1.88,1.851486444,1.88,1.762370706,1.88,1.928163052,1.88,1.734640598,2.62,2.446450233,2.62,2.342409849,2.62,2.367143631,2.62,2.950357437,4.42,4.615903854,4.42,4.52233839,4.42,4.480651855,4.42,4.566455364,2.12,1.892517805,2.12,2.09626174,2.12,2.23637414,2.12,2.293717384,1.42,1.570718884,1.42,1.668424726,1.42,1.625622153,1.42,1.745537519,1.63,1.899115443,1.63,1.517941356,1.63,1.785475373,1.63,1.638585329,1.05,1.046169043,1.05,1.057733893,1.05,1.120058537,1.05,0.923219264,7.44,7.784273148,7.44,7.969292641,7.44,7.767076492,7.44,7.976864815,0.64,0.430629462,0.64,0.500383258,0.64,0.612178087,0.64,0.532638609,0.95,0.974776387,0.95,0.989052653,0.95,0.953679681,0.95,0.92215389,0.84,0.977110147,0.84,0.692299247,0.84,1.001116872,0.84,0.820098102,0.56,1.036265254,0.56,0.93210423,0.56,0.944602489,0.56,1.005519986,0.73,1.309326053,0.73,1.333482504,0.73,1.33587563,0.73,1.348993778,0.95,0.777738094,0.95,0.896740675,0.95,1.02992034,0.95,0.878370047,0.69,0.517802,0.69,0.503702521,0.69,0.725887775,0.69,0.588776112,0.95,0.933125019,0.95,0.904683948,0.95,0.946014166,0.95,0.95309037,3.37,3.280646801,3.37,3.180169821,3.37,3.500625134,3.37,3.373114109,0.95,1.109991312,0.95,0.714947104,0.95,0.973144531,0.95,0.932510257,9.45,9.114983559,9.45,9.536763191,9.45,9.53115654,9.45,9.479367256,0.82,1.01587677,0.82,0.389405102,0.82,0.848702192,0.82,0.973611534,1.88,1.904467821,1.88,1.837293506,1.88,2.029421329,1.88,1.795747519,0.95,1.041635871,0.95,1.019716263,0.95,0.974023342,0.95,0.922144771,0.84,0.973633289,0.84,0.825067401,0.84,1.047037363,0.84,0.853178382,8.02,7.927753448,8.02,8.286453247,8.02,8.128389359,8.02,8.239063263,6.15,6.105847359,6.15,5.947537422,6.15,5.974804878,6.15,6.170661926,6.15,5.780729771,6.15,5.274698257,6.15,5.905205727,6.15,5.909378052,9.45,9.244169235,9.45,9.68390274,9.45,9.715912819,9.45,9.725445747,1.3,2.304830551,1.3,1.818482757,1.3,1.973394752,1.3,2.495863676,2.79,2.952673197,2.79,2.67257905,2.79,2.99225688,2.79,2.833604813,0.95,1.003293991,0.95,0.881714106,0.95,1.090772152,0.95,0.972391129,4.88,4.906178474,4.88,4.762582302,4.88,4.947976112,4.88,4.587669849,0.95,0.92574811,0.95,0.695450664,0.95,0.948167801,0.95,0.894396424,4.85,4.935487747,4.85,4.796684265,4.85,4.931736946,4.85,4.612484455,0.95,0.90177989,0.95,0.705388427,0.95,1.057007313,0.95,1.077623367,4.43,4.41122961,4.43,4.378236294,4.43,4.47802639,4.43,4.511385441,0.95,1.109389186,0.95,0.95457232,0.95,0.984594941,0.95,1.027275681,2.16,2.09022069,2.16,2.144411802,2.16,2.014190674,2.16,2.094749689,0.95,0.948438704,0.95,0.661209702,0.95,1.064705133,0.95,1.019698143,1.88,1.990151167,1.88,1.873323798,1.88,2.021586418,1.88,1.848605156,0.95,1.138373613,0.95,1.096451402,0.95,0.962950945,0.95,0.96892786,7.62,6.400824547,7.62,6.336565018,7.62,6.46833992,7.62,6.581708908,8,7.621366501,8,7.531091213,8,7.918086052,8,7.535573959,4.5,4.463133335,4.5,4.406602383,4.5,4.457321167,4.5,4.57051754,7.89,7.75600481,7.89,7.557848454,7.89,8.073894501,7.89,8.025631905,4.02,3.92095089,4.02,3.929064512,4.02,3.745318651,4.02,4.124742985,0.95,1.183064818,0.95,0.589524865,0.95,1.155309439,0.95,0.841376066,2.79,3.001283884,2.79,2.999462366,2.79,2.882633924,2.79,3.036217928,8.4,8.319641113,8.4,8.152637482,8.4,8.722565651,8.4,8.791499138
6.47,5.05907774,6.47,5.552251816,6.47,6.700913429,6.47,6.391641617,2.8,4.108072281,2.8,5.341989517,2.8,5.248153687,2.8,5.790833473,0.94,0.793049455,0.94,1.029029727,0.94,1.202787161,0.94,0.786753297,0.95,0.842784464,0.95,0.722970843,0.95,0.88272649,0.95,0.937234819,2.72,2.615259171,2.72,2.832213402,2.72,3.00378418,2.72,2.591761351,8.4,5.836797237,8.4,6.785570145,8.4,7.395483971,8.4,8.00489521,6.47,4.279693127,6.47,5.123324394,6.47,5.149489403,6.47,5.391705513,3.62,3.786664963,3.62,3.633828163,3.62,3.568979502,3.62,3.354242325,0.77,-0.069081575,0.77,0.818336308,0.77,0.961916745,0.77,0.735532999,8.6,2.609763861,8.6,1.992084384,8.6,1.964604616,8.6,2.584887266,6.48,5.749263763,6.48,5.505233765,6.48,6.064166069,6.48,5.899072647,7.1,5.983481884,7.1,5.513898373,7.1,6.276734352,7.1,6.961753845,1.05,1.299971461,1.05,0.910101771,1.05,1.309351683,1.05,0.992884994,8.4,7.617222786,8.4,7.79134798,8.4,8.484302521,8.4,8.676062584,0.75,0.621483326,0.75,0.535009265,0.75,0.539226413,0.75,0.676164448,0.9,0.986896038,0.9,1.324305773,0.9,0.893389523,0.9,1.450019121,0.75,0.662642479,0.75,0.53764379,0.75,0.521157622,0.75,0.684484243,0.95,0.999419093,0.95,0.512467682,0.95,0.846714079,0.95,0.84512496,0.56,0.766801119,0.56,0.590638638,0.56,0.806359529,0.56,0.606575787,5.27,3.611394644,5.27,3.97146678,5.27,4.056890011,5.27,4.036671162,3.6,3.311506748,3.6,3.127529383,3.6,3.012099266,3.6,3.087219715,0.95,0.944019079,0.95,1.016680121,0.95,0.848365486,0.95,0.904689312,6.64,6.190389633,6.64,5.427227974,6.64,6.099052429,6.64,6.431017876,7.94,5.17218399,7.94,5.138505936,7.94,5.578572273,7.94,5.446387291,0.8,0.776109934,0.8,0.607736588,0.8,0.996086657,0.8,0.851292312,2.93,3.569465399,2.93,3.50786972,2.93,3.943120718,2.93,4.337213039,6.48,6.208669662,6.48,5.618848801,6.48,6.371132851,6.48,6.354506493,4.8,4.951036453,4.8,5.173218727,4.8,5.633685112,4.8,5.598835468,4.88,4.95920372,4.88,5.234650135,4.88,5.215268135,4.88,5.062935829,6.6,7.30151844,6.6,7.462255955,6.6,7.494109154,6.6,7.503899574,4.51,4.410332203,4.51,4.471155643,4.51,4.462050438,4.51,4.664823532,3.12,2.238045216,3.12,2.719950199,3.12,2.560948133,3.12,2.627241611,7.62,7.955442429,7.62,7.702188492,7.62,7.96975708,7.62,8.430299759,0.95,0.924084187,0.95,1.119723439,0.95,0.932912469,0.95,1.028602123,4.42,4.577207088,4.42,4.508378506,4.42,4.47044754,4.42,4.620156288,0.95,1.198695183,0.95,1.224477887,0.95,0.972075522,0.95,0.948886991,4.88,5.148334503,4.88,5.480974674,4.88,4.907808304,4.88,5.241753578,6.12,5.754854202,6.12,5.517415047,6.12,5.947946548,6.12,5.882511139,6.06,6.7054739,6.06,6.655800819,6.06,7.1236763,6.06,6.826514244,1.04,0.824770927,1.04,1.025654197,1.04,1.128858685,1.04,0.80958122,0.75,0.777223468,0.75,0.66849649,0.75,0.800018072,0.75,0.783027768,6.8,7.331779957,6.8,6.861165047,6.8,7.1527071,6.8,7.05947113,1.05,1.117711425,1.05,0.876054645,1.05,1.091861486,1.05,0.940750182,7.1,7.041198254,7.1,6.671227455,7.1,6.703228951,7.1,6.886545181,0.56,0.67071563,0.56,0.733160853,0.56,0.754850864,0.56,0.745143473,0.88,0.897056341,0.88,0.956017375,0.88,1.091854811,0.88,0.90566051,0.81,0.851533771,0.81,0.830123782,0.81,0.86793685,0.81,0.822596371,0.95,1.133008003,0.95,0.731366992,0.95,0.924212933,0.95,0.920663536,6.47,6.676433086,6.47,6.935297489,6.47,6.654076576,6.47,6.472735405,6.26,6.526494503,6.26,6.728835106,6.26,6.63414669,6.26,6.496426582,4.1,4.223346233,4.1,3.696726084,4.1,4.120438576,4.1,4.273155689,8.4,9.092263222,8.4,8.584622383,8.4,8.702754021,8.4,8.85214138,0.81,0.8750633,0.81,0.8375386,0.81,0.920071363,0.81,0.840552211,0.7,0.9952209,0.7,0.889410853,0.7,0.988243759,0.7,0.819390357,4.5,4.555107117,4.5,4.502856255,4.5,4.478381157,4.5,4.543002605,3.62,3.059497833,3.62,2.879504442,3.62,2.942173243,3.62,3.059390068,0.68,0.70855546,0.68,0.813219547,0.68,0.917053103,0.68,1.140971661,0.95,1.044477582,0.95,0.825842023,0.95,1.090755343,0.95,0.963290095,4.01,4.49251461,4.01,4.039234161,4.01,4.469955444,4.01,4.723937035,0.95,0.990894675,0.95,0.870993972,0.95,1.063715696,0.95,1.088506818,4.02,3.822507381,4.02,3.800190687,4.02,3.9488585,4.02,4.052429199,3.62,3.090300798,3.62,2.797617435,3.62,3.110060692,3.62,3.087459803,4.1,3.99153161,4.1,3.734690428,4.1,3.868600368,4.1,4.287259102,0.95,0.929920435,0.95,0.930988193,0.95,1.0102036,0.95,0.96676892,0.84,0.909730077,0.84,1.082448363,0.84,1.05611062,0.84,0.848726749,7.89,7.587630272,7.89,8.078734398,7.89,7.798882484,7.89,7.76494503,9.45,9.02347374,9.45,9.424818993,9.45,9.398204803,9.45,9.278737068,5.27,5.782857418,5.27,5.498560905,5.27,6.099097252,5.27,6.009437561,0.86,0.916018486,0.86,0.380984157,0.86,0.978633583,0.86,0.651777923,0.95,0.807264924,0.95,0.902670503,0.95,1.072466731,0.95,0.857357025,6.48,6.225665092,6.48,6.029091358,6.48,6.184109688,6.48,6.772623062,0.97,0.80524826,0.97,0.689849496,0.97,1.369366527,0.97,1.301030874,0.67,0.676960468,0.67,0.670500636,0.67,0.818585873,0.67,0.707001448,0.95,0.975483894,0.95,0.920443177,0.95,0.964378834,0.95,0.955307662,3.75,3.913413763,3.75,3.55390811,3.75,3.819550753,3.75,3.948228121,7.1,5.275979042,7.1,5.211497784,7.1,5.580521584,7.1,5.796413422,4.36,5.45076561,4.36,5.315212727,4.36,5.631820679,4.36,5.277081966,7.1,6.96749115,7.1,6.8726511,7.1,7.29991436,7.1,7.230517387,2.16,1.973068833,2.16,2.142810822,2.16,2.207495689,2.16,2.1424582,0.95,0.681740761,0.95,0.854522705,0.95,1.101594925,0.95,0.950949311,7.62,6.334257126,7.62,6.272278786,7.62,6.476951599,7.62,6.578326225,0.82,0.632677794,0.82,0.498030037,0.82,0.874118626,0.82,0.781476796,4.39,4.515898705,4.39,4.462697983,4.39,4.497115135,4.39,4.561949253,0.95,0.986723661,0.95,0.865122199,0.95,0.857118368,0.95,0.975314736,0.73,0.93956995,0.73,0.837488055,0.73,1.001262426,0.73,0.772196293,6.26,6.122823715,6.26,6.180012703,6.26,6.365430832,6.26,6.252058029,3.95,4.346548557,3.95,4.213274956,3.95,4.190339088,3.95,3.959719419,0.95,0.935326815,0.95,0.683631659,0.95,0.955992937,0.95,0.895598292,0.68,1.093795538,0.68,0.928171039,0.68,1.242236972,0.68,1.099535108,3.2,4.085971355,3.2,3.749089003,3.2,4.579862595,3.2,4.359232426,9.45,9.40625,9.45,9.656723022,9.45,9.776856422,9.45,9.678741455,3.37,3.15928483,3.37,3.148508787,3.37,3.281862497,3.37,3.193883181,1.49,1.836617231,1.49,1.743850112,1.49,1.863282561,1.49,1.694829226,7.39,7.42726326,7.39,7.310665131,7.39,7.969967842,7.39,7.480733871,0.67,0.682881594,0.67,0.667387843,0.67,0.732333422,0.67,0.654192805,5.1,5.760951042,5.1,5.046979427,5.1,5.233645439,5.1,5.362744808,0.64,0.544906855,0.64,0.889234424,0.64,0.809557676,0.64,0.549942911,4.2,4.082214355,4.2,4.560813427,4.2,4.581123352,4.2,4.575152874,0.93,1.251401901,0.93,1.637538791,0.93,1.072645187,0.93,1.324303865,0.9,0.979045033,0.9,0.875668406,0.9,1.130100369,0.9,1.831669092
0.69,0.357507437,0.69,1.346215367,0.69,0.005222559,0.69,0.129903972,0.95,0.917882562,0.95,0.595295548,0.95,0.926381469,0.95,1.027941227,1.49,1.311329365,1.49,1.848694324,1.49,2.084102631,1.49,1.989910126,5,6.292066097,5,6.109185696,5,7.153664589,5,6.914013863,1.05,1.152415872,1.05,1.143912196,1.05,1.217300892,1.05,0.828806996,0.95,0.878296137,0.95,0.915825367,0.95,1.029027462,0.95,0.915570915,0.7,0.907409191,0.7,0.250787318,0.7,0.784602165,0.7,1.140872955,0.95,1.007128954,0.95,0.796167254,0.95,1.034483552,0.95,1.042405367,1.42,1.02550447,1.42,1.362432361,1.42,1.326535702,1.42,1.226832867,0.95,0.678161979,0.95,0.947823048,0.95,1.353634715,0.95,1.034338117,0.7,0.353257626,0.7,0.658587217,0.7,0.83644557,0.7,0.630283058,5.27,3.748012781,5.27,3.272489548,5.27,4.061323166,5.27,3.641010284,0.73,1.690959454,0.73,1.533934236,0.73,1.580003977,0.73,1.374373913,0.95,0.761796355,0.95,0.866889358,0.95,1.068508148,0.95,1.020386577,7.62,7.172279358,7.62,6.674406052,7.62,7.798897743,7.62,7.153428078,0.88,0.70802331,0.88,0.925034285,0.88,0.621808767,0.88,0.826663017,3.64,3.954201937,3.64,3.665987968,3.64,3.537122488,3.64,3.403009892,0.95,0.910325408,0.95,0.977853298,0.95,0.819096744,0.95,0.89987874,1.93,2.016933203,1.93,2.19133234,1.93,2.29790473,1.93,2.31204915,2.93,3.574696779,2.93,3.433069706,2.93,3.911077261,2.93,4.366204262,0.8,0.776216269,0.8,0.799903512,0.8,1.130036473,0.8,0.772221029,3.18,4.099234581,3.18,4.47328949,3.18,4.581888199,3.18,3.444033146,3.37,3.642859936,3.37,3.35663271,3.37,3.865044594,3.37,3.775217056,9.7,8.211417198,9.7,9.22474575,9.7,8.699170113,9.7,9.298167229,4.85,4.226067543,4.85,4.583034992,4.85,4.603765488,4.85,4.720869064,3.18,4.018540382,3.18,4.082051754,3.18,4.272680283,3.18,3.698061466,0.75,0.796913743,0.75,0.503022552,0.75,0.441965342,0.75,0.71612215,3.2,4.627077103,3.2,4.220273018,3.2,4.694331169,3.2,5.015208721,0.81,0.872464895,0.81,0.836616874,0.81,0.835264921,0.81,0.949355483,0.86,1.514801621,0.86,0.808469296,0.86,1.006531,0.86,1.03957653,4.32,4.579800606,4.32,4.563005447,4.32,4.47264576,4.32,4.69728899,2.71,2.805156231,2.71,2.750171185,2.71,3.189173937,2.71,2.927848339,0.84,0.843544543,0.84,0.785744071,0.84,0.880679131,0.84,0.935049057,0.95,0.9316082,0.95,1.155296206,0.95,0.936073542,0.95,1.020615458,0.85,0.826888084,0.85,0.486510485,0.85,1.070741177,0.85,0.8216995,5,6.117897987,5,5.796023369,5,6.571043015,5,6.229814529,2.16,2.137919188,2.16,2.208037853,2.16,2.192466021,2.16,2.178274393,0.95,1.13961935,0.95,1.20311439,0.95,0.98059833,0.95,0.95641768,0.73,1.049625993,0.73,0.801844001,0.73,0.942037821,0.73,0.946855605,0.95,0.993611932,0.95,0.875874639,0.95,1.042120814,0.95,1.030772209,9.45,8.605397224,9.45,8.517879486,9.45,8.731152534,9.45,8.984150887,6.12,5.808505058,6.12,5.540792942,6.12,5.83910656,6.12,5.899966717,0.7,0.750997543,0.7,0.587807417,0.7,1.145473123,0.7,0.810347795,0.95,0.905553341,0.95,0.913697839,0.95,1.034211636,0.95,1.007072449,0.73,1.274843574,0.73,1.241316676,0.73,1.115653038,0.73,1.24952507,0.82,1.361712813,0.82,0.917943835,0.82,1.149004817,0.82,1.043466806,1.63,1.721336246,1.63,1.688631535,1.63,1.875594258,1.63,1.68770957,4.8,5.304018021,4.8,5.643676758,4.8,5.44709301,4.8,5.96105814,9.45,9.135467529,9.45,9.287190437,9.45,9.122359276,9.45,8.822734833,0.95,0.858314991,0.95,1.016071796,0.95,1.066236973,0.95,0.983242333,0.6,0.675792217,0.6,0.691306114,0.6,0.514483154,0.6,0.650981247,0.95,0.914480567,0.95,0.967522502,0.95,0.946884036,0.95,1.015159607,0.68,0.744881153,0.68,0.721268773,0.68,0.935599625,0.68,1.009160042,7.89,7.996818542,7.89,7.899725914,7.89,7.553778648,7.89,7.79600811,0.6,0.778666198,0.6,0.755351424,0.6,0.471386492,0.6,0.641027033,0.95,1.018003225,0.95,0.90304774,0.95,0.955993056,0.95,0.926532507,0.75,0.709477425,0.75,0.635466456,0.75,0.860310793,0.75,0.76729238,0.95,0.974490643,0.95,0.794546723,0.95,1.035180569,0.95,0.964486301,3.04,2.822984457,3.04,2.506186485,3.04,2.880343199,3.04,3.07907033,0.95,0.8633039,0.95,0.954672694,0.95,1.063483834,0.95,0.878759503,0.85,0.847844362,0.85,0.704748273,0.85,0.935703516,0.85,1.252906084,7.89,7.940821171,7.89,7.86143446,7.89,7.590122223,7.89,7.746716022,0.7,0.892218411,0.7,0.906704307,0.7,0.698343813,0.7,0.62923795,0.95,0.906428337,0.95,1.02361846,0.95,0.946643472,0.95,1.084633946,0.6,0.768360853,0.6,0.709508777,0.6,0.901959062,0.6,1.321677923,3.37,3.592821836,3.37,2.713536024,3.37,3.239792109,3.37,3.346740723,4.02,3.827581644,4.02,3.834486961,4.02,4.011180878,4.02,4.246062279,3.12,3.730630875,3.12,2.787636995,3.12,3.288785696,3.12,3.473675251,6.15,5.87018919,6.15,5.848823547,6.15,6.111628532,6.15,6.114847183,7.89,7.550556183,7.89,7.963295937,7.89,7.788420677,7.89,7.753009319,0.6,0.649110913,0.6,0.726653099,0.6,0.606086969,0.6,0.512329996,1.3,2.353498697,1.3,1.884370208,1.3,2.039970636,1.3,2.405469179,0.69,0.513549805,0.69,0.315722317,0.69,0.708950996,0.69,0.693632424,5,5.771475315,5,5.852375507,5,6.19155407,5,6.266264915,4.36,4.435544968,4.36,4.447808266,4.36,4.488659859,4.36,4.513762474,1.04,1.282800555,1.04,1.025594354,1.04,1.059123635,1.04,0.974942267,2.79,2.913403511,2.79,2.686438322,2.79,3.019784689,2.79,2.792400837,6.1,6.089458942,6.1,6.016346455,6.1,6.58297348,6.1,5.986638069,6.06,6.611082077,6.06,6.465224266,6.06,6.538194656,6.06,6.504340172,4.35,4.099475384,4.35,4.22270298,4.35,4.419595718,4.35,4.276361942,1.49,1.703933954,1.49,1.716377258,1.49,1.864433289,1.49,1.627328873,5,5.795245647,5,5.900794029,5,6.310537338,5,6.195733547,0.69,0.503880739,0.69,0.105123855,0.69,0.678990364,0.69,0.808791041,3.2,4.078291416,3.2,3.696306467,3.2,4.692193985,3.2,4.345582008,0.67,0.693647146,0.67,0.626872897,0.67,0.759873629,0.67,0.709446609,0.76,0.710457444,0.76,0.616149783,0.76,0.746574819,0.76,0.749360561,0.94,0.808590412,0.94,1.061790347,0.94,0.83927536,0.94,0.775245488,5.1,4.308077812,5.1,4.029103279,5.1,5.036663055,5.1,4.639229298,4.39,4.514298916,4.39,4.445232391,4.39,4.478155136,4.39,4.574834347,0.95,0.92869997,0.95,0.849348903,0.95,0.989529133,0.95,1.008370161,0.7,0.874174833,0.7,0.757192016,0.7,0.97728157,0.7,1.267794728,0.95,0.987239122,0.95,0.833112121,0.95,0.842178822,0.95,1.048770905,0.6,1.171411991,0.6,0.997352958,0.6,1.321505189,0.6,1.146830797,0.95,1.089097023,0.95,0.951432824,0.95,0.980204344,0.95,0.961427152,2.72,2.491952419,2.72,2.380173683,2.72,2.154538393,2.72,2.227900028,5.1,4.29939127,5.1,4.10798502,5.1,4.964473724,5.1,4.665560722,3.6,3.528800249,3.6,3.28425622,3.6,3.470764399,3.6,3.956532717,5.98,6.742554665,5.98,6.058591843,5.98,5.616485596,5.98,6.000993729,0.56,0.928734541,0.56,1.006770492,0.56,0.977140903,0.56,0.782015502,0.95,1.272943139,0.95,0.702386498,0.95,0.858035326,0.95,0.917482972
4.36,4.545422554,4.36,5.034983635,4.36,5.742150307,4.36,5.628638744,5.27,5.106871128,5.27,5.783045292,5.27,5.033911705,5.27,5.935110569,3.04,3.160333633,3.04,3.560889006,3.04,3.621235132,3.04,3.201070547,6.1,5.350472927,6.1,5.789907455,6.1,6.431077957,6.1,5.703773022,1.88,1.682599306,1.88,2.252674341,1.88,2.852061987,1.88,2.196444273,0.95,0.89773047,0.95,0.889127612,0.95,1.034528375,0.95,1.033744574,4.5,4.266342163,4.5,4.336350441,4.5,4.482803345,4.5,4.343411922,8.02,6.699663162,8.02,6.577345848,8.02,7.754144669,8.02,7.230633736,3.6,3.253124237,3.6,3.363012552,3.6,3.399713039,3.6,3.426856995,8.71,6.875457287,8.71,6.171291828,8.71,5.967335701,8.71,5.997872353,1.93,2.742830515,1.93,2.567267656,1.93,2.157470465,1.93,2.061992168,7.1,5.293168545,7.1,5.729076385,7.1,5.563362122,7.1,5.287967682,0.7,0.798273087,0.7,0.513711452,0.7,0.776067138,0.7,0.941214383,4.35,3.984413862,4.35,4.24095583,4.35,3.432613611,4.35,4.040295601,9.45,7.020395279,9.45,6.535643101,9.45,7.668571472,9.45,6.991386414,0.95,1.0292418,0.95,0.76411736,0.95,0.99711895,0.95,0.932559073,0.87,0.976913631,0.87,0.912690997,0.87,0.872029066,0.87,0.925159693,0.95,0.977364779,0.95,0.796851039,0.95,0.937648833,0.95,1.01381433,0.64,0.619547129,0.64,0.413028568,0.64,0.508532763,0.64,0.340008855,1.3,2.985956192,1.3,2.233245134,1.3,2.579087734,1.3,2.257991552,4.42,4.441444397,4.42,4.380750179,4.42,4.467923164,4.42,4.607232094,5.1,4.743835449,5.1,4.3003335,5.1,5.491080284,5.1,5.057216167,1.63,1.721425176,1.63,1.942074656,1.63,1.826901436,1.63,1.622120619,0.95,1.125013113,0.95,0.935864568,0.95,0.992346287,0.95,0.955913007,0.84,1.028537393,0.84,0.808827162,0.84,1.04663229,0.84,0.860296428,5.1,4.930328369,5.1,4.651136398,5.1,5.457427979,5.1,4.898764133,0.93,0.919655085,0.93,1.207438111,0.93,0.983311594,0.93,1.028709173,3.64,3.510319948,3.64,3.766418934,3.64,4.021670341,3.64,4.024729729,4.36,4.835249424,4.36,5.169797421,4.36,5.09747982,4.36,5.003628731,9.7,8.27337265,9.7,9.307240486,9.7,9.098568916,9.7,9.218224525,6.47,5.792253494,6.47,5.609141827,6.47,6.17493248,6.47,5.883197784,0.95,1.338451505,0.95,1.172318339,0.95,0.966059625,0.95,0.936151266,0.94,0.907838821,0.94,0.919151664,0.94,0.901630163,0.94,0.81358695,0.95,0.929064155,0.95,0.79038322,0.95,0.939500809,0.95,1.012188673,2.79,2.53710556,2.79,2.75571847,2.79,2.615593433,2.79,2.527985573,2.71,2.799226522,2.71,2.717296362,2.71,3.0350945,2.71,3.055385351,4.52,4.433878899,4.52,4.41404438,4.52,4.460645676,4.52,4.554923058,0.95,0.875314593,0.95,0.971473932,0.95,1.12221837,0.95,0.985501945,0.77,0.753048897,0.77,0.622510672,0.77,0.596012414,0.77,0.833298028,1.88,1.638392806,1.88,1.729965568,1.88,1.9136163,1.88,1.754025936,0.69,0.529928923,0.69,0.619956374,0.69,0.650695324,0.69,0.789800286,4.8,5.415640354,4.8,5.394407749,4.8,5.481092453,4.8,5.942375183,0.75,0.771026254,0.75,0.622794986,0.75,0.853313923,0.75,0.793249965,0.76,0.831309557,0.76,0.547273993,0.76,0.690368712,0.76,0.803318679,4.85,4.678446293,4.85,4.782138824,4.85,4.715672493,4.85,4.427122593,5,6.03066349,5,5.924487114,5,6.222722054,5,6.188936234,9.45,9.042204857,9.45,9.241883278,9.45,9.017636299,9.45,8.838263512,3.37,3.108846188,3.37,2.776383162,3.37,3.359269857,3.37,3.023200989,4.75,4.948633671,4.75,4.593155861,4.75,5.138092995,4.75,5.296812534,0.95,0.92078948,0.95,0.903295636,0.95,0.963485837,0.95,0.938368082,4.51,4.451483727,4.51,4.322350025,4.51,4.470739365,4.51,4.491155624,4.8,5.241065979,4.8,5.518304348,4.8,5.40805912,4.8,5.906086445,0.7,0.825299442,0.7,0.813966393,0.7,0.60841012,0.7,0.766723454,0.95,1.026870608,0.95,0.931546807,0.95,0.954128265,0.95,1.044811606,4.85,4.859249592,4.85,4.676898003,4.85,4.793463707,4.85,4.518675327,0.95,0.986339927,0.95,0.884266615,0.95,0.949999809,0.95,0.926528633,0.8,0.669350863,0.8,0.766961217,0.8,0.864161551,0.8,1.099250793,0.95,0.869482756,0.95,0.912992358,0.95,0.948055267,0.95,0.972276092,3.6,3.65904355,3.6,3.468904734,3.6,3.514964342,3.6,3.814721584,0.95,0.955490947,0.95,0.838854671,0.95,0.961211681,0.95,1.012049198,1.63,1.954903603,1.63,1.795890689,1.63,1.931307077,1.63,1.792652607,8,7.782593727,8,7.844963074,8,7.509067535,8,8.051830292,6.15,5.906276226,6.15,5.831127167,6.15,6.141770363,6.15,5.975835323,0.95,0.920395017,0.95,0.869274974,0.95,0.93029809,0.95,0.953761637,6.06,6.413116932,6.06,6.353288174,6.06,6.681275368,6.06,6.399817467,0.82,0.672345877,0.82,0.485284418,0.82,0.82286644,0.82,0.659362495,0.75,0.649649143,0.75,0.526623607,0.75,0.706370354,0.75,0.728550673,0.95,1.030842423,0.95,0.896316767,0.95,1.012292504,0.95,0.976832509,6.47,6.465697765,6.47,6.675812244,6.47,6.737317085,6.47,6.847011566,2.71,2.29080224,2.71,2.475413084,2.71,2.731056929,2.71,2.780906916,2.72,2.346562386,2.72,2.270629168,2.72,2.499762535,2.72,2.318234205,3.2,3.419955015,3.2,3.267427683,3.2,3.754519701,3.2,3.556491613,3.04,2.808605433,3.04,2.585024595,3.04,2.838124514,3.04,3.157940388,9.7,9.210231781,9.7,9.487238884,9.7,9.033926964,9.7,9.295013428,0.73,0.924170375,0.73,1.032578349,0.73,0.991809845,0.73,0.923305213,5.27,5.849700928,5.27,5.464756489,5.27,6.037186623,5.27,6.060983658,4.4,4.499238968,4.4,4.479196548,4.4,4.493311882,4.4,4.548285961,9.7,9.181665421,9.7,9.398983002,9.7,9.080881119,9.7,9.325669289,4.1,3.708318472,4.1,3.445981026,4.1,3.647885084,4.1,3.985572577,0.95,0.928904891,0.95,0.754741073,0.95,0.971055567,0.95,1.003737211,0.73,0.934986353,0.73,0.996411204,0.73,0.999443293,0.73,0.848001719,8,7.591315269,8,7.560742855,8,7.713571548,8,7.699586868,3.37,3.388134956,3.37,3.072805166,3.37,3.375470161,3.37,3.333130836,0.95,0.911353827,0.95,0.827261746,0.95,0.983547211,0.95,1.010280728,6.48,6.16741848,6.48,5.9377985,6.48,6.187614441,6.48,6.628393173,0.95,1.117596149,0.95,0.987642288,0.95,1.03309226,0.95,0.945637822,0.86,0.787579298,0.86,0.502227187,0.86,0.929400325,0.86,0.691666067,0.95,1.025537968,0.95,0.928169847,0.95,1.149358511,0.95,0.8932513,4.1,4.071572781,4.1,3.747261763,4.1,3.983977556,4.1,4.359620094,0.95,1.333811641,0.95,1.081650853,0.95,1.033215046,0.95,0.992043436,1.63,2.003433943,1.63,1.883677125,1.63,2.033801079,1.63,1.863340616,0.95,1.028051376,0.95,0.966512918,0.95,0.963948965,0.95,0.922009289,0.56,0.831343412,0.56,0.960244417,0.56,0.939037025,0.56,0.762073457,9.7,9.052373886,9.7,9.157328606,9.7,9.374991417,9.7,9.5511446,9.45,9.470844269,9.45,9.365361214,9.45,9.780834198,9.45,9.740222931,3.37,3.095861673,3.37,3.260386944,3.37,3.371936798,3.37,3.272835732,9.45,9.48729229,9.45,9.206771851,9.45,9.774552345,9.45,9.841594696,7.89,7.753835678,7.89,7.54218483,7.89,8.109723091,7.89,7.992472649,3.75,3.82498765,3.75,3.869608641,3.75,3.639943838,3.75,4.040438175,8,7.72026825,8,7.528702259,8,8.036075592,8,7.584106922
4.36,4.332651615,4.36,4.315474033,4.36,4.551563263,4.36,4.226715088,0.95,2.104388714,0.95,4.139539719,0.95,2.266666174,0.95,1.295309663,0.85,0.891148448,0.85,0.310752898,0.85,1.330183387,0.85,0.864137113,0.9,1.254777193,0.9,1.341084242,0.9,1.932719707,0.9,1.382917881,0.68,0.641372561,0.68,0.370510429,0.68,0.626577973,0.68,0.566214561,8.6,2.479239464,8.6,1.948680043,8.6,1.981635332,8.6,2.377284288,0.8,1.150100827,0.8,1.005333066,0.8,0.802106082,0.8,0.7298702,1.04,1.04561007,1.04,-0.173075944,1.04,0.787581265,1.04,1.241257787,9.45,6.583993912,9.45,6.408735752,9.45,7.185932159,9.45,6.524938107,1.3,3.129264593,1.3,2.820622444,1.3,2.921783924,1.3,3.274346828,6.47,6.876818657,6.47,6.570580006,6.47,7.272612572,6.47,6.425076485,0.95,0.812639117,0.95,0.59142381,0.95,0.807748437,0.95,0.841194987,0.6,0.700675011,0.6,0.400514215,0.6,0.630165219,0.6,0.682784259,0.95,0.616976857,0.95,0.773082972,0.95,1.092705727,0.95,0.822394609,4.85,4.919955254,4.85,4.374929428,4.85,4.118139267,4.85,4.367987633,5.27,3.563056231,5.27,3.405050516,5.27,4.18285656,5.27,3.640098572,0.67,0.645950317,0.67,0.549304366,0.67,0.543940663,0.67,0.686809421,8.6,8.888694763,8.6,7.596161366,8.6,8.493953705,8.6,8.373427391,4.42,4.45250845,4.42,4.365683079,4.42,4.469400406,4.42,4.579964638,0.95,1.029268503,0.95,0.489760429,0.95,0.843966663,0.95,0.840228438,0.56,0.824704289,0.56,0.706235409,0.56,0.819682479,0.56,0.63064903,8.4,7.957153797,8.4,8.702374458,8.4,8.314769745,8.4,8.972185135,0.7,0.838339448,0.7,0.736403346,0.7,0.853691936,0.7,0.632649839,0.6,0.861149788,0.6,0.6260342,0.6,0.976880074,0.6,0.849294901,4.01,4.66952467,4.01,4.233966827,4.01,4.861637115,4.01,4.517433643,8.4,7.935545921,8.4,9.18725872,8.4,8.56569767,8.4,8.788565636,3.95,3.656077147,3.95,3.869544744,3.95,3.764508247,3.95,3.980404854,7.39,7.481865406,7.39,7.539047718,7.39,7.55243969,7.39,7.609679699,6.47,5.625799656,6.47,5.565225601,6.47,6.16868782,6.47,5.925124168,8.6,8.459753036,8.6,8.189523697,8.6,9.499917984,8.6,9.28885746,0.56,0.569017887,0.56,0.666987419,0.56,0.770682931,0.56,0.618560135,0.82,1.877253294,0.82,1.421224833,0.82,1.425817847,0.82,1.181781769,1.05,1.055282116,1.05,0.852046371,1.05,1.041430235,1.05,0.957370877,0.95,1.274130106,0.95,0.816766381,0.95,0.954685926,0.95,0.856995046,1.63,1.593097925,1.63,1.801807046,1.63,1.770546198,1.63,1.635057926,4.8,5.568566799,4.8,5.211294651,4.8,5.534144402,4.8,5.823671341,2.72,2.163503647,2.72,2.236240625,2.72,2.223710537,2.72,2.200462103,0.95,1.047967434,0.95,1.077315211,0.95,0.951542854,0.95,0.923514247,0.84,1.098284125,0.84,0.785941005,0.84,0.965077877,0.84,0.943788052,8.71,7.720108032,8.71,8.20467186,8.71,7.619041443,8.71,7.664890766,0.6,0.437079757,0.6,0.562576532,0.6,0.643980443,0.6,0.636948764,6.5,6.216611385,6.5,6.525286198,6.5,6.583071709,6.5,6.871446133,3.37,3.387645483,3.37,3.351053953,3.37,3.417566061,3.37,3.384015799,1.63,1.657325387,1.63,1.614816546,1.63,1.843016505,1.63,1.671676636,0.68,0.793070793,0.68,0.543970942,0.68,0.884960532,0.68,0.862259388,0.7,1.086106062,0.7,0.933564186,0.7,0.984714746,0.7,0.904524028,4.88,5.088657379,4.88,5.101008892,4.88,5.063502312,4.88,4.770374775,5.27,5.623299122,5.27,5.756283283,5.27,5.83177948,5.27,5.633686543,0.67,0.726123214,0.67,0.821462035,0.67,1.052630663,0.67,0.750246823,0.76,0.871210217,0.76,0.642341018,0.76,0.698322535,0.76,0.867820919,7.62,6.567130089,7.62,6.758151054,7.62,6.543901443,7.62,6.391009331,1.63,1.849924326,1.63,1.543125391,1.63,1.818594694,1.63,1.679002285,2.16,2.177038431,2.16,2.249273062,2.16,2.253964424,2.16,2.216836452,0.95,1.007401705,0.95,0.932502389,0.95,1.008050919,0.95,0.930431366,0.8,0.68611455,0.8,0.719331503,0.8,0.871545851,0.8,1.031854868,6.6,7.30199337,6.6,7.295719147,6.6,6.961050034,6.6,7.437067509,3.75,3.705417395,3.75,3.669561148,3.75,3.797189474,3.75,3.75664711,6.5,6.366111755,6.5,6.288462639,6.5,6.327266693,6.5,6.7663908,4.36,5.541134357,4.36,5.306056976,4.36,5.335496902,4.36,5.09074831,0.88,1.03184557,0.88,1.106882453,0.88,1.192752361,0.88,0.952942669,4.1,4.041400433,4.1,3.845947981,4.1,3.910573721,4.1,4.297488213,5.9,5.371991158,5.9,5.648245811,5.9,5.241849899,5.9,5.348162651,6.64,6.483113766,6.64,6.239419937,6.64,6.406634331,6.64,6.809035301,0.95,0.946086645,0.95,0.728678107,0.95,1.040169597,0.95,0.904336512,4.1,3.977983713,4.1,3.661447287,4.1,3.86339879,4.1,4.318459511,1.04,1.12662518,1.04,0.892325282,1.04,1.185177803,1.04,1.099004269,0.6,0.802823544,0.6,0.650241733,0.6,0.902665019,0.6,1.283792257,6.8,6.863276482,6.8,7.039817333,6.8,7.00735569,6.8,6.87168026,0.7,0.814109445,0.7,0.851937056,0.7,0.781748295,0.7,0.645502746,0.95,0.961744547,0.95,0.937348247,0.95,1.008720875,0.95,0.953715026,1.49,1.814907432,1.49,1.714773297,1.49,1.894544601,1.49,1.675035477,0.95,1.025907636,0.95,0.925740957,0.95,0.995463133,0.95,0.966547549,0.69,0.711165667,0.69,0.770892501,0.69,0.633046627,0.69,0.729549348,0.95,1.058255553,0.95,1.08135438,0.95,1.045328617,0.95,1.041438818,0.6,0.833998442,0.6,0.686032653,0.6,0.964796662,0.6,1.132243752,0.95,0.926096916,0.95,0.813369513,0.95,0.955847502,0.95,0.943419933,0.77,0.764994025,0.77,0.97674489,0.77,0.902841568,0.77,0.909449518,0.95,1.003346562,0.95,0.940773129,0.95,0.969432354,0.95,0.921934307,0.84,0.953803539,0.84,0.870275378,0.84,1.040082097,0.84,0.864724338,6.26,6.341332436,6.26,6.257201195,6.26,6.435632706,6.26,6.453616142,4.36,5.485749245,4.36,5.336641312,4.36,5.628951073,4.36,5.27215004,0.95,0.91781354,0.95,0.993762374,0.95,0.897686243,0.95,0.993478298,2.79,2.949711084,2.79,2.660473108,2.79,2.972385883,2.79,2.846840143,0.95,1.196671963,0.95,0.909092069,0.95,0.990506411,0.95,1.035695314,7.62,7.728354454,7.62,7.610797405,7.62,7.890303612,7.62,8.28573513,2.12,2.00422883,2.12,1.969452262,2.12,2.257675409,2.12,2.216051579,0.93,1.090215206,0.93,1.506197333,0.93,1.146147251,0.93,1.172164917,3.12,3.355057478,3.12,3.138994455,3.12,3.34727788,3.12,3.328858137,4.36,4.470555782,4.36,4.415400028,4.36,4.475513458,4.36,4.550599098,5.27,4.350739479,5.27,4.189035416,5.27,4.545985222,5.27,4.39907074,5.73,6.100657463,5.73,5.97498703,5.73,6.146548271,5.73,6.067495823,9.7,9.06849575,9.7,9.182891846,9.7,9.334357262,9.7,9.518673897,3.37,3.377741337,3.37,3.27140069,3.37,3.280186415,3.37,3.404214382,0.95,1.413833618,0.95,0.807428956,0.95,1.062320232,0.95,0.946844578,4.75,4.605064392,4.75,4.273094177,4.75,4.658212662,4.75,5.364262581,3.62,4.089634895,3.62,3.557661772,3.62,3.876661062,3.62,4.61641407,2.79,2.986532927,2.79,2.941964626,2.79,2.886218548,2.79,3.003336191,3.2,2.988512754,3.2,3.321411848,3.2,3.914444685,3.2,3.467614174,4.1,4.069959641,4.1,3.770586967,4.1,3.991886854,4.1,4.362372398,0.82,0.676570654,0.82,0.777651191,0.82,0.591869593,0.82,1.348777056
6.06,5.692152977,6.06,6.699934959,6.06,6.963824272,6.06,6.251596928,0.56,0.453641504,0.56,0.631135345,0.56,0.114830822,0.56,0.556918204,4.51,4.501006603,4.51,4.323945999,4.51,4.549328804,4.51,4.383407593,1.88,1.287256122,1.88,2.326936483,1.88,1.525567055,1.88,1.524194241,0.73,2.145433664,0.73,2.268050909,0.73,1.910992742,0.73,1.60503912,0.95,0.849316478,0.95,0.619935513,0.95,0.858643174,0.95,0.776584089,0.86,0.45590362,0.86,0.498141736,0.86,0.868396521,0.86,0.726743221,4.68,5.297637939,4.68,4.565876484,4.68,5.810145378,4.68,5.465326309,0.7,0.09756729,0.7,0.705003023,0.7,0.764044166,0.7,0.725940585,0.88,0.262650818,0.88,0.887244701,0.88,0.704062819,0.88,0.415988982,4.39,5.028102875,4.39,4.362912655,4.39,4.524500847,4.39,4.647170067,3.12,3.606268167,3.12,3.058603525,3.12,3.242339134,3.12,3.051056147,4.42,4.570436001,4.42,4.385176659,4.42,4.479128838,4.42,4.500571728,5,6.789074898,5,6.384091854,5,6.835881233,5,6.610295296,3.95,3.629381418,3.95,3.482606888,3.95,3.192787647,3.95,3.66423583,0.95,0.891263127,0.95,0.906399846,0.95,0.957501411,0.95,0.869750202,5.73,6.812924385,5.73,6.183610916,5.73,7.006866455,5.73,6.879154205,0.95,0.595605135,0.95,0.67583847,0.95,1.039472103,0.95,0.826594532,1.63,1.871555328,1.63,1.838379145,1.63,1.667834044,1.63,1.626839638,7.94,5.038136482,7.94,5.175705433,7.94,5.442101479,7.94,5.338529587,7.62,7.936582565,7.62,6.772799492,7.62,7.937909126,7.62,8.724089622,8,7.676488876,8,7.433207989,8,7.400300026,8,7.534409523,0.81,0.911070466,0.81,0.841780066,0.81,0.871867657,0.81,0.983613312,0.95,0.955762625,0.95,0.795111537,0.95,0.937646449,0.95,1.013283253,5.73,6.68857193,5.73,6.342815399,5.73,6.867281914,5.73,6.45775795,8,7.659788132,8,7.537969589,8,7.631850243,8,7.801138878,0.85,0.651974201,0.85,0.51077956,0.85,1.110237598,0.85,0.959584296,0.95,0.964356661,0.95,0.935124278,0.95,0.92951405,0.95,0.923080742,4.32,4.566654682,4.32,4.546490669,4.32,4.47260952,4.32,4.732376575,0.95,0.996917129,0.95,0.917662024,0.95,0.903595865,0.95,0.914063215,4.1,4.349015713,4.1,4.461290359,4.1,4.891381264,4.1,4.71970892,0.95,0.944161415,0.95,0.798628688,0.95,0.940817952,0.95,1.012750864,0.67,0.760002613,0.67,0.665127635,0.67,0.638465405,0.67,0.758124471,0.95,1.093340993,0.95,0.76896894,0.95,1.091150045,0.95,1.03280735,4.43,4.452177048,4.43,4.450099945,4.43,4.462879181,4.43,4.596967697,3.12,2.322291613,3.12,2.659769058,3.12,2.622111559,3.12,2.65848732,0.86,0.893288851,0.86,0.45535621,0.86,0.961239696,0.86,0.62325722,0.95,0.995663047,0.95,0.882917881,0.95,0.978479028,0.95,0.923870206,6.64,6.340545177,6.64,6.612484932,6.64,6.283579826,6.64,6.381222725,6.8,7.209181309,6.8,6.824372292,6.8,7.135624886,6.8,7.038366318,0.73,1.223136425,0.73,1.179547191,0.73,1.112859011,0.73,1.290475845,0.95,1.081172109,0.95,1.173956394,0.95,1.060691595,0.95,0.997548997,3.95,4.025794983,3.95,4.242949963,3.95,4.179926872,3.95,3.884669781,7.94,5.531209469,7.94,5.489976406,7.94,5.76915741,7.94,5.841446877,0.77,0.891570449,0.77,0.690525293,0.77,0.63392818,0.77,0.809458196,0.95,0.953445435,0.95,0.922154784,0.95,1.018693686,0.95,0.997805178,3.75,3.865912199,3.75,3.735903978,3.75,3.886028528,3.75,3.874387264,0.82,1.333452463,0.82,0.847139001,0.82,1.110544443,0.82,1.041670322,4.38,4.56179285,4.38,4.32072401,4.38,4.472973824,4.38,4.527774334,0.95,1.029700518,0.95,1.063565135,0.95,0.956145763,0.95,0.922696412,2.16,2.158290625,2.16,2.226258755,2.16,2.263208628,2.16,2.157146454,6.47,5.969747543,6.47,6.058170795,6.47,6.243026733,6.47,5.980311871,1.93,1.865709782,1.93,1.64318192,1.93,1.989650726,1.93,2.082337618,5.27,4.109247208,5.27,4.244281769,5.27,4.327590942,5.27,4.511111736,3.6,3.678874254,3.6,3.297517538,3.6,3.518012285,3.6,3.744034767,0.95,0.837952733,0.95,0.859354854,0.95,1.074901938,0.95,0.945489407,4.36,4.422945023,4.36,4.45181036,4.36,4.473724365,4.36,4.481367588,6.6,7.25786972,6.6,7.277708054,6.6,6.958426476,6.6,7.510326385,7.62,8.142566681,7.62,7.52426672,7.62,8.059173584,7.62,8.124925613,0.95,0.872711778,0.95,0.820466399,0.95,1.05901742,0.95,0.924792409,4.1,4.041400433,4.1,3.845947981,4.1,3.910573721,4.1,4.297488213,5.27,4.086499691,5.27,4.15340519,5.27,4.34899044,5.27,4.384712696,6.15,5.906276226,6.15,5.831127167,6.15,6.141770363,6.15,5.975835323,8.71,7.787378788,8.71,7.932312965,8.71,7.81724453,8.71,7.899565697,0.86,0.914862156,0.86,0.340058178,0.86,0.970078588,0.86,0.642567575,3.2,3.61762023,3.2,3.362470865,3.2,3.664417982,3.2,3.463574409,0.77,0.877340436,0.77,0.906102955,0.77,0.917858064,0.77,0.8835693,6.06,5.985379219,6.06,5.926156998,6.06,6.379828453,6.06,6.229305744,1.05,1.033186913,1.05,1.20904243,1.05,1.133195877,1.05,0.99326849,1.1,0.618383408,1.1,0.714758754,1.1,0.771569014,1.1,1.001886129,0.81,0.936773717,0.81,0.940984607,0.81,0.937248707,0.81,0.875604451,6.06,5.987643242,6.06,5.844877243,6.06,6.301149368,6.06,6.271112442,4.75,4.876181602,4.75,4.558996201,4.75,4.791042328,4.75,5.340630531,0.95,0.841836929,0.95,0.811715722,0.95,0.974427402,0.95,0.930026114,0.8,0.766570091,0.8,0.595160127,0.8,0.874891639,0.8,1.052794695,3.62,3.845574379,3.62,3.343245983,3.62,3.811410189,3.62,4.22124958,3.04,2.822766066,3.04,2.593622684,3.04,2.857456923,3.04,3.136046648,0.86,0.490192622,0.86,0.775737405,0.86,1.112461686,0.86,1.295496225,4.75,4.75993824,4.75,4.440633297,4.75,4.690179825,4.75,5.283778667,0.95,1.090932608,0.95,0.986999154,0.95,0.971847057,0.95,0.94497472,3.37,3.399955034,3.37,3.043379068,3.37,3.403484583,3.37,3.329718828,0.95,0.93164444,0.95,0.843148649,0.95,0.99179101,0.95,1.011421442,3.6,3.48452425,3.6,3.259203911,3.6,3.435363054,3.6,3.796304226,0.95,1.097159266,0.95,1.059570432,0.95,0.979060411,0.95,1.006279945,4.38,4.541675568,4.38,4.4700284,4.38,4.491959572,4.38,4.576928616,3.75,3.737908602,3.75,3.391789675,3.75,3.771222353,3.75,3.763678789,1.05,1.038833618,1.05,0.861153007,1.05,1.122759342,1.05,0.823899746,5,5.772830486,5,5.922119617,5,6.382376671,5,6.157384872,5.73,6.118185997,5.73,5.987663746,5.73,6.174409866,5.73,6.101172447,3.37,3.213330507,3.37,3.104127884,3.37,3.254379511,3.37,3.204858541,0.69,1.056766748,0.69,1.096598506,0.69,0.575479746,0.69,0.683376968,2.8,3.619377375,2.8,3.503649473,2.8,3.58806181,2.8,3.51105547,7.62,7.712656975,7.62,7.49242878,7.62,7.815268517,7.62,8.195673943,5.1,5.629630566,5.1,5.018834591,5.1,5.270513535,5.1,5.335789204,0.68,1.215507746,0.68,1.036993384,0.68,1.366133928,0.68,1.135853291,6.8,6.886815548,6.8,6.663319588,6.8,7.355900764,6.8,7.337871552,1.42,1.912381887,1.42,1.864709735,1.42,1.584342957,1.42,1.60326314,0.95,1.143089294,0.95,1.088154912,0.95,0.990801811,0.95,0.962444961,6.48,6.152722836,6.48,5.745764732,6.48,6.090466499,6.48,6.505507469,3.12,3.246754885,3.12,3.458110094,3.12,3.592423916,3.12,3.478490114
4.1,3.998199463,4.1,5.304694176,4.1,4.487073898,4.1,5.077843666,8.4,6.906873226,8.4,7.7393713,8.4,9.509669304,8.4,8.19847393,3.95,3.440407276,3.95,3.108226061,3.95,3.008259296,3.95,3.133043051,0.95,0.739711165,0.95,0.605130255,0.95,0.752300858,0.95,0.798617244,0.84,0.913349509,0.84,1.013586521,0.84,0.866569519,0.84,1.00206089,0.95,0.892464876,0.95,0.6027897,0.95,0.874954522,0.95,0.787602425,6.47,6.023115635,6.47,6.339266777,6.47,6.759200096,6.47,6.938191414,1.3,3.051934719,1.3,2.561218262,1.3,2.930600405,1.3,2.838651896,1.49,1.89607358,1.49,1.785661936,1.49,1.675272465,1.49,1.576125145,6.8,6.107374191,6.8,6.626177788,6.8,6.824398041,6.8,6.808023453,7.62,7.072506905,7.62,6.2449193,7.62,7.579782486,7.62,7.267741203,0.56,0.575887918,0.56,0.639645815,0.56,0.814480305,0.56,0.568446696,3.95,3.519369602,3.95,3.396234989,3.95,3.110297441,3.95,3.571276903,0.95,0.982418537,0.95,0.558116674,0.95,0.85119307,0.95,0.853718996,3.04,3.529512644,3.04,3.140817165,3.04,2.863842726,3.04,2.793592215,6.6,7.808953285,6.6,6.980755329,6.6,7.544993401,6.6,7.446659088,0.68,0.62731111,0.68,0.505579829,0.68,0.886348844,0.68,0.595531106,0.95,0.977445245,0.95,0.799452662,0.95,0.937590897,0.95,1.013972759,5.73,6.923719406,5.73,6.298986435,5.73,6.746385574,5.73,6.779602051,5.27,4.234628201,5.27,4.634549141,5.27,5.041643143,5.27,4.092555046,0.84,0.920791149,0.84,0.727529883,0.84,0.761679173,0.84,0.694469512,0.95,0.6529001,0.95,1.113207102,0.95,0.978004336,0.95,0.908051372,4.1,4.431252003,4.1,4.375338078,4.1,4.523076057,4.1,4.28548193,6.8,6.309755802,6.8,7.241153717,6.8,6.752715111,6.8,6.985953331,1.63,1.782875299,1.63,2.039144993,1.63,1.879542351,1.63,1.566864252,3.62,3.398773432,3.62,2.843919992,3.62,3.077131033,3.62,2.813309669,0.67,0.650797486,0.67,0.659202933,0.67,0.669162035,0.67,0.735595822,3.18,4.044007778,3.18,3.964331388,3.18,3.995730639,3.18,3.869953871,0.94,0.925140977,0.94,0.862045646,0.94,0.890421629,0.94,0.938358903,0.95,0.794292152,0.95,1.189900756,0.95,1.039931536,0.95,0.976465106,0.6,0.465534657,0.6,0.554609299,0.6,0.692361414,0.6,0.5712865,6.8,6.591103077,6.8,6.834784508,6.8,7.204227448,6.8,7.073968887,0.93,0.909427643,0.93,1.237954259,0.93,0.984177232,0.93,1.02461648,0.95,0.974683762,0.95,1.146538615,0.95,0.943963051,0.95,1.021187782,3.64,3.754114389,3.64,3.594206095,3.64,3.859233856,3.64,4.032115459,3.64,3.621233702,3.64,3.646756411,3.64,3.694687605,3.64,3.769820929,4.02,4.299862862,4.02,4.221153736,4.02,4.135727882,4.02,4.264469624,8.6,8.797092438,8.6,8.566515923,8.6,9.84852314,8.6,9.139510155,4.51,4.480741978,4.51,4.412958145,4.51,4.462953568,4.51,4.526792049,0.95,0.928965807,0.95,1.115329623,0.95,0.939536452,0.95,1.020351648,4.01,4.314094067,4.01,4.017165184,4.01,4.417323112,4.01,4.774971962,4.35,4.351893425,4.35,4.383153915,4.35,4.334420204,4.35,4.125565529,3.95,4.025794983,3.95,4.242949963,3.95,4.179926872,3.95,3.884669781,2.62,2.578822851,2.62,2.440233707,2.62,2.357991934,2.62,3.110798359,4.39,4.713970184,4.39,4.419176102,4.39,4.475171089,4.39,4.577557087,4.8,5.318301201,4.8,5.564969063,4.8,5.450032234,4.8,5.978815079,4.51,4.449185371,4.51,4.310743332,4.51,4.466882706,4.51,4.478397846,8.39,8.438223839,8.39,8.847019196,8.39,8.151166916,8.39,8.385514259,3.37,3.329108477,3.37,3.262246847,3.37,3.356201172,3.37,3.178912878,4.35,4.358881474,4.35,4.510267735,4.35,4.348665237,4.35,4.230708599,3.75,3.785619736,3.75,3.681635141,3.75,3.817456484,3.75,3.728800535,4.68,4.772521973,4.68,4.738585472,4.68,4.914064407,4.68,5.452842712,0.64,0.486476868,0.64,0.397599548,0.64,0.626463413,0.64,0.451840937,0.82,1.252262831,0.82,0.63726604,0.82,1.017467499,0.82,0.98576653,5.73,6.383157253,5.73,6.447597027,5.73,6.340916634,5.73,6.260653019,5.9,5.354916096,5.9,5.540607452,5.9,5.088079453,5.9,5.186544418,0.84,0.972632885,0.84,0.62777245,0.84,0.981908202,0.84,0.807061493,0.95,0.946539998,0.95,1.004907846,0.95,0.956483841,0.95,1.015828371,0.64,0.438337296,0.64,0.521649718,0.64,0.614731073,0.64,0.511593997,1.1,1.654043794,1.1,1.324323535,1.1,1.351829052,1.1,1.253813028,1.42,1.658038855,1.42,1.675280929,1.42,1.683363914,1.42,1.733076334,0.95,0.876214981,0.95,0.909654021,0.95,0.936700821,0.95,0.964474261,0.64,0.444754809,0.64,0.494769901,0.64,0.611663818,0.64,0.528632581,8,7.75003624,8,7.797878742,8,7.516932487,8,8.047481537,6.47,6.284867287,6.47,6.221479416,6.47,6.544003487,6.47,6.297063828,3.2,4.119042873,3.2,4.092822075,3.2,4.3595438,3.2,4.4021945,0.73,0.913426995,0.73,1.118700862,0.73,0.986208439,0.73,0.826247334,1.3,2.381688833,1.3,1.921133876,1.3,2.078887463,1.3,2.370030165,4.1,3.9654181,4.1,3.591842413,4.1,3.863544703,4.1,4.12494421,0.88,1.152042031,0.88,0.947058558,0.88,1.225897312,0.88,1.031327963,4.88,5.070381641,4.88,4.745079517,4.88,5.084724426,4.88,4.765965462,7.1,6.903156281,7.1,6.902805328,7.1,7.180609703,7.1,7.184407234,7.62,6.166050434,7.62,6.32298851,7.62,6.523909569,7.62,6.713040352,0.95,0.834519029,0.95,1.095234156,0.95,0.915141463,0.95,1.038902044,3.64,3.871813536,3.64,3.530106306,3.64,3.765961647,3.64,4.074964523,4.2,4.093356133,4.2,4.293391705,4.2,4.459083557,4.2,4.40691185,0.87,0.820489168,0.87,1.058260798,0.87,0.852890491,0.87,0.812938869,1.63,2.164989948,1.63,1.67884779,1.63,1.710631609,1.63,1.659536123,0.8,0.81622076,0.8,0.664343715,0.8,0.954161048,0.8,0.990511119,0.86,0.458216161,0.86,0.824455142,0.86,1.136243582,0.86,1.303956747,0.84,0.929639935,0.84,1.096446872,0.84,1.065351963,0.84,0.809780836,0.95,1.176900148,0.95,0.964410186,0.95,0.994806528,0.95,1.024465084,7.62,7.732278347,7.62,7.601179123,7.62,7.900414467,7.62,8.308250427,3.62,3.101578712,3.62,2.624918222,3.62,3.139068127,3.62,3.321209908,4.1,3.972805738,4.1,3.662199259,4.1,3.89328289,4.1,4.298300743,0.95,1.230031371,0.95,0.64977175,0.95,0.93191278,0.95,0.90444541,6.64,6.389995098,6.64,6.184428215,6.64,6.468927383,6.64,6.817451477,1.49,1.952153683,1.49,1.871035457,1.49,1.581526279,1.49,1.571079254,1.05,1.04033637,1.05,0.780851722,1.05,1.122689247,1.05,0.850652158,0.76,0.748533726,0.76,0.641114116,0.76,0.789215565,0.76,0.776725411,3.95,4.409849167,3.95,4.28616333,3.95,4.163354397,3.95,3.972177982,3.62,4.023047447,3.62,3.472915411,3.62,3.904816151,3.62,4.530259609,4.36,5.614760876,4.36,5.494493008,4.36,5.526010513,4.36,5.366474152,0.95,1.329347372,0.95,0.874321043,0.95,0.996923685,0.95,0.93559885,0.69,0.48594901,0.69,0.182268471,0.69,0.634721398,0.69,0.717935741,3.12,2.906624794,3.12,2.829189777,3.12,2.877632141,3.12,2.877004147,4.02,3.92095089,4.02,3.929064512,4.02,3.745318651,4.02,4.124742985,8.4,8.316731453,8.4,8.178206444,8.4,8.681931496,8.4,8.759031296,3.04,3.032849073,3.04,2.767138004,3.04,3.188843966,3.04,3.283157587,6.5,7.18997097,6.5,7.120516777,6.5,6.90133667,6.5,7.454659939
6.15,5.651906013,6.15,6.609954834,6.15,6.889256477,6.15,6.192527294,0.82,1.533753753,0.82,1.033096552,0.82,2.555198431,0.82,1.973231792,7.62,6.491161346,7.62,5.096699715,7.62,7.099661827,7.62,6.234353542,0.95,0.89563781,0.95,0.979040027,0.95,1.177775383,0.95,1.052404404,4.85,4.543438911,4.85,4.454910755,4.85,4.378136635,4.85,4.365028381,0.95,0.849316478,0.95,0.619935513,0.95,0.858643174,0.95,0.776584089,6.15,5.55084753,6.15,6.563626289,6.15,6.459870338,6.15,6.806889534,7.39,6.238405228,7.39,5.464088917,7.39,7.160489082,7.39,7.021217346,9.45,6.583993912,9.45,6.408735752,9.45,7.185932159,9.45,6.524938107,0.95,0.982490361,0.95,0.96507442,0.95,0.990423918,0.95,1.026518464,0.94,0.929020405,0.94,0.939455867,0.94,0.955410004,0.94,0.924382389,3.62,3.597008467,3.62,3.648779392,3.62,3.704252481,3.62,3.739706755,0.7,0.610553265,0.7,0.598773122,0.7,0.81954515,0.7,0.534628093,1.04,0.737478971,1.04,0.919849396,1.04,0.952324808,1.04,0.654539585,4.52,4.402008057,4.52,4.310932636,4.52,4.467814445,4.52,4.448916912,0.95,1.132329106,0.95,1.096808314,0.95,1.130122662,0.95,0.938960254,3.6,3.519863844,3.6,3.183830738,3.6,2.946089268,3.6,2.798720121,0.7,1.440244675,0.7,1.181812406,0.7,1.321448922,0.7,1.097694635,0.85,0.623486757,0.85,0.736002743,0.85,0.745552957,0.85,0.793225825,2.71,2.431393862,2.71,3.201379538,2.71,3.297423124,2.71,2.559933186,1.88,1.895575523,1.88,2.01275897,1.88,1.913636684,1.88,1.895256996,8.71,7.495511055,8.71,7.233354568,8.71,7.107521057,8.71,7.222359657,6.47,6.803887844,6.47,6.650835991,6.47,6.914961815,6.47,6.642093658,0.82,0.781637669,0.82,1.148185849,0.82,0.77539283,0.82,0.936824977,0.86,0.913607001,0.86,0.477040142,0.86,1.003252745,0.86,0.692955196,0.95,0.983651519,0.95,0.891549706,0.95,0.976439476,0.95,0.915223062,0.87,0.957204521,0.87,0.871563792,0.87,0.913653135,0.87,0.983148217,8.4,7.909197807,8.4,9.064373016,8.4,8.586086273,8.4,8.778751373,0.6,0.767901301,0.6,0.291812062,0.6,0.7455585,0.6,0.862342536,3.75,3.867227554,3.75,3.709270716,3.75,3.749011755,3.75,4.443555832,1.63,1.724182725,1.63,1.921450019,1.63,1.759160995,1.63,1.550569057,0.95,0.989743352,0.95,0.870166659,0.95,0.935084403,0.95,0.926953912,4.39,4.665575027,4.39,4.579402447,4.39,4.477222443,4.39,4.691040516,8,7.577383995,8,7.666103363,8,7.893939972,8,7.752024174,4.32,4.602213383,4.32,4.520035267,4.32,4.471961021,4.32,4.628511429,0.95,1.042879343,0.95,0.927133918,0.95,1.009036541,0.95,0.993370116,7.62,6.704881668,7.62,6.771214008,7.62,6.547207832,7.62,7.062395096,5.1,5.303839684,5.1,5.243211746,5.1,5.2709198,5.1,4.800256729,2.16,2.116869926,2.16,2.171281099,2.16,2.192875862,2.16,2.112802982,3.62,3.551768541,3.62,3.512622595,3.62,3.676851988,3.62,3.701566219,3.37,3.400241852,3.37,3.378190279,3.37,3.401756287,3.37,3.461319685,2.62,2.623557329,2.62,2.491192102,2.62,2.387909889,2.62,3.175908566,0.64,0.662684441,0.64,0.597114444,0.64,0.66434741,0.64,0.396760941,5.1,5.418055058,5.1,5.444931507,5.1,5.272454262,5.1,4.895971298,4.5,4.640555382,4.5,4.394246101,4.5,4.472144127,4.5,4.546286106,6.15,5.91200304,6.15,5.916689396,6.15,6.03892231,6.15,5.818591118,0.59,0.487967223,0.59,0.63988173,0.59,0.625412524,0.59,0.721815526,7.44,7.953525543,7.44,8.254227638,7.44,7.760500908,7.44,7.895599365,1.88,1.799777627,1.88,1.745613337,1.88,1.931097269,1.88,1.736421108,3.2,3.623413324,3.2,3.62631011,3.2,3.544010162,3.2,3.376100063,0.77,0.859227419,0.77,0.781676412,0.77,0.696937561,0.77,0.91198653,1.1,1.673270941,1.1,1.441079021,1.1,1.355034828,1.1,1.101314306,3.37,3.275640965,3.37,3.207560062,3.37,3.342689514,3.37,3.077927351,6.15,5.82264185,6.15,5.800110817,6.15,6.098489761,6.15,5.895375252,7.62,8.229424477,7.62,7.562538147,7.62,8.178599358,7.62,7.942722797,7.89,7.98439312,7.89,7.84214592,7.89,7.549336433,7.89,7.774206638,6.47,6.303455353,6.47,6.208878517,6.47,6.548009872,6.47,6.147192001,0.82,1.19933486,0.82,0.498197407,0.82,0.971620977,0.82,0.972112417,1.93,1.820775747,1.93,1.683633566,1.93,1.895077944,1.93,2.258795261,0.95,0.985173583,0.95,0.927067637,0.95,1.018420815,0.95,0.929381669,0.8,0.633025169,0.8,0.805562258,0.8,0.845616221,0.8,1.266722679,4.2,4.258830547,4.2,4.435110092,4.2,4.377147675,4.2,4.430766106,4.39,4.532775402,4.39,4.546068668,4.39,4.484580994,4.39,4.552883625,3.12,3.56110096,3.12,2.741798401,3.12,3.313040972,3.12,3.358603239,6.48,6.249566078,6.48,6.030675888,6.48,6.181550026,6.48,6.740765095,0.95,0.920744181,0.95,0.824929118,0.95,0.959002018,0.95,1.010910988,0.7,0.842605591,0.7,0.87208569,0.7,0.78417176,0.7,0.642533243,0.95,0.956007361,0.95,0.858258128,0.95,0.966551065,0.95,1.011787653,6.47,6.293475628,6.47,6.244256973,6.47,6.559158325,6.47,6.397592068,8.39,8.302249908,8.39,8.46668148,8.39,8.29855442,8.39,8.397436142,1.42,1.652741432,1.42,1.71485877,1.42,1.853799701,1.42,1.725843191,0.95,0.907116771,0.95,0.834323168,0.95,0.95868516,0.95,1.014312625,0.59,0.606435299,0.59,0.863932967,0.59,0.703817844,0.59,0.584291279,0.9,1.342653871,0.9,0.902634978,0.9,1.181870222,0.9,1.269488096,4.01,4.232848167,4.01,3.942326307,4.01,4.186364174,4.01,4.640647411,8.4,8.456655502,8.4,8.645044327,8.4,8.41880703,8.4,8.573275566,1.05,1.037623286,1.05,1.126187205,1.05,1.130954504,1.05,1.061147213,7.39,7.45745039,7.39,7.410609245,7.39,7.500480652,7.39,7.53438282,1.63,1.805769801,1.63,1.82859385,1.63,2.002379179,1.63,1.756819248,7.1,6.984857082,7.1,6.873820305,7.1,7.337836266,7.1,7.192153454,4.39,4.518939972,4.39,4.473650455,4.39,4.497244835,4.39,4.561826229,0.95,1.00280416,0.95,0.918623686,0.95,0.927655697,0.95,0.925305665,0.6,0.46021238,0.6,0.72735405,0.6,0.69230926,0.6,0.563257396,0.95,0.987267256,0.95,0.925595522,0.95,0.845548868,0.95,0.967705488,0.86,0.802940845,0.86,0.49108538,0.86,0.938652694,0.86,0.6862818,8.4,8.350852966,8.4,8.387289047,8.4,8.484576225,8.4,8.615635872,0.59,0.750586033,0.59,0.820198894,0.59,0.531061053,0.59,0.624344289,6.1,6.166743279,6.1,5.938054085,6.1,6.748326302,6.1,6.170340061,0.67,0.705299616,0.67,0.626303554,0.67,0.750237226,0.67,0.721004367,5.9,5.580023766,5.9,5.854748726,5.9,6.191161156,5.9,6.219518661,4.31,4.494423389,4.31,4.430429935,4.31,4.471040726,4.31,4.57183075,0.6,0.894178391,0.6,1.156208873,0.6,0.850965858,0.6,0.998117924,1.63,2.027043104,1.63,1.892285109,1.63,2.038360596,1.63,1.906047106,2.62,2.46417284,2.62,3.109104633,2.62,2.866127253,2.62,3.043971539,4.51,4.391168594,4.51,4.357523441,4.51,4.452974319,4.51,4.530647755,4.68,5.235558987,4.68,4.757949829,4.68,5.442286491,4.68,5.407540321,1.05,1.041618586,1.05,0.454611629,1.05,1.110751867,1.05,0.955611229,0.95,0.989216328,0.95,0.919721842,0.95,0.904504299,0.95,0.921248972,0.7,1.045269966,0.7,0.910702109,0.7,1.149984598,0.7,1.504287958,7.94,6.255721092,7.94,6.313001633,7.94,6.661836624,7.94,6.284441948
0.81,0.830839753,0.81,1.071488738,0.81,1.279955626,0.81,0.805140674,0.95,0.95498848,0.95,0.880918384,0.95,1.028643847,0.95,1.033294082,4.02,3.363544703,4.02,4.5554986,4.02,4.420398712,4.02,5.001169682,8.4,5.713590145,8.4,7.017176151,8.4,8.01269722,8.4,8.072832108,3.6,2.959385395,3.6,3.507493734,3.6,3.164394617,3.6,3.411587715,0.56,0.619425178,0.56,0.222878695,0.56,0.346746922,0.56,0.473334879,0.68,0.488341182,0.68,-0.037917517,0.68,0.50699836,0.68,0.558639944,6.47,4.428003788,6.47,4.456917763,6.47,5.320691109,6.47,5.417116165,3.64,3.714414358,3.64,3.884474516,3.64,3.936975241,3.64,4.120383739,0.95,0.86885798,0.95,1.15942657,0.95,0.900976598,0.95,0.927138865,2.72,2.68592,2.72,2.697687864,2.72,2.454606771,2.72,2.978462219,0.95,0.996399045,0.95,1.154394984,0.95,1.046541452,0.95,0.940396667,2.79,2.397443056,2.79,2.100531816,2.79,2.111407042,2.79,2.213202477,0.9,1.244722009,0.9,1.218645692,0.9,0.880516827,0.9,1.432017803,0.87,1.025591373,0.87,0.924604297,0.87,0.893054247,0.87,0.918571413,2.71,2.114215374,2.71,2.952221632,2.71,3.155552626,2.71,2.686386585,0.77,0.631239653,0.77,0.827770174,0.77,1.064023972,0.77,0.746939957,1.3,2.938242435,1.3,2.251214981,1.3,2.604052782,1.3,2.340328217,3.04,2.990945101,3.04,2.997830629,3.04,3.022485256,3.04,2.977000713,6.1,6.399903297,6.1,7.063066006,6.1,6.757484436,6.1,6.512774467,6.47,6.905414104,6.47,6.553125381,6.47,6.860225677,6.47,6.798176289,4.8,4.733995438,4.8,5.401916981,4.8,5.495105743,4.8,5.325820923,0.73,1.518940926,0.73,1.375640273,0.73,1.638175368,0.73,1.323878407,0.95,0.755530596,0.95,0.756937385,0.95,1.046954751,0.95,0.880028784,1.42,1.662145853,1.42,1.470792532,1.42,1.620971322,1.42,1.383049011,9.7,8.203119278,9.7,9.481144905,9.7,8.891544342,9.7,9.296898842,4.39,4.698768139,4.39,4.606759071,4.39,4.481654167,4.39,4.727780342,0.76,0.592887521,0.76,0.274909347,0.76,0.800581694,0.76,0.931749046,0.59,0.477985829,0.59,0.577920079,0.59,0.703637123,0.59,0.867265522,7.89,7.367193699,7.89,8.030712128,7.89,8.696515083,7.89,8.120126724,0.86,0.871716022,0.86,0.448921889,0.86,0.988890111,0.86,0.645258129,0.6,0.85528481,0.6,0.829004884,0.6,0.960007071,0.6,0.990598857,6.47,5.980209351,6.47,5.711239815,6.47,6.244161606,6.47,5.895233154,0.95,1.04772687,0.95,0.891924739,0.95,0.991975069,0.95,0.961533129,3.6,3.401279211,3.6,3.1900208,3.6,3.47389245,3.6,3.717944145,9.7,8.58370018,9.7,8.969106674,9.7,9.560712814,9.7,9.108086586,1.42,1.453871369,1.42,1.446547031,1.42,1.383737564,1.42,1.579199314,8.4,8.404256821,8.4,8.496777534,8.4,8.99494648,8.4,8.60021019,1.05,1.179544687,1.05,0.84849298,1.05,1.097246885,1.05,0.947378099,7.1,5.722201347,7.1,5.490956306,7.1,5.707927704,7.1,6.022825241,4.36,4.480679989,4.36,4.400215626,4.36,4.463746071,4.36,4.501328468,3.2,3.645988703,3.2,3.770169973,3.2,3.599663973,3.2,3.469763279,0.8,0.790370464,0.8,0.483124703,0.8,0.807394505,0.8,0.842216969,3.75,3.751138687,3.75,3.51971817,3.75,3.834157228,3.75,3.901130915,4.02,4.037494183,4.02,3.901706457,4.02,4.085494041,4.02,4.183686256,5.9,5.188745975,5.9,5.528946877,5.9,4.739835739,5.9,5.054583073,1.42,1.586382151,1.42,1.588514328,1.42,1.527405262,1.42,1.563436031,8.71,7.723931313,8.71,8.008237839,8.71,7.575448036,8.71,7.663534164,0.87,0.941319346,0.87,0.930225253,0.87,0.913857698,0.87,0.824552894,0.95,1.082576752,0.95,0.899764895,0.95,0.99588573,0.95,1.021856785,1.93,1.912624955,1.93,1.638510585,1.93,2.046149015,1.93,2.034565687,0.95,0.917361975,0.95,0.930434108,0.95,1.040655017,0.95,1.096166492,0.64,0.486476868,0.64,0.397599548,0.64,0.626463413,0.64,0.451840937,8.02,8.188364029,8.02,8.072206497,8.02,8.259885788,8.02,8.415752411,0.77,0.795707107,0.77,0.804066837,0.77,0.745433748,0.77,0.860585511,0.95,1.021865726,0.95,1.057541728,0.95,0.958679676,0.95,0.92231667,3.95,4.43823719,3.95,4.240398884,3.95,4.428816795,3.95,4.149889946,7.89,7.983611107,7.89,7.844139576,7.89,7.562931061,7.89,7.765042305,0.87,1.003788948,0.87,0.957651973,0.87,0.879554987,0.87,0.8524279,0.6,0.860169888,0.6,0.840696454,0.6,0.817817271,0.6,0.970091045,1.42,1.658038855,1.42,1.675280929,1.42,1.683363914,1.42,1.733076334,8.39,8.245014191,8.39,8.481656075,8.39,8.162265778,8.39,8.490653038,4.02,3.824197769,4.02,3.819272757,4.02,3.969632387,4.02,4.116971493,0.95,0.806621552,0.95,0.91621232,0.95,1.04275775,0.95,0.878675997,3.64,3.938030005,3.64,3.61963439,3.64,3.822950602,3.64,4.272889614,0.93,0.219917864,0.93,0.706474662,0.93,0.774745822,0.93,0.573243558,0.67,0.691986084,0.67,0.763919711,0.67,0.877745628,0.67,0.73020339,0.93,0.199757904,0.93,0.719361663,0.93,0.768335819,0.93,0.604458809,3.6,3.6930058,3.6,3.289720297,3.6,3.49073863,3.6,3.791694164,3.75,4.128695488,3.75,3.195236444,3.75,3.736051798,3.75,4.052824497,0.69,0.515028954,0.69,0.377551407,0.69,0.716329336,0.69,0.662351191,0.95,1.102152705,0.95,0.702301025,0.95,1.0061692,0.95,0.880658984,9.45,9.131433487,9.45,9.579174042,9.45,9.58002758,9.45,9.563134193,6.47,5.965407848,6.47,5.753875256,6.47,6.230928421,6.47,6.266647339,4.85,4.93294239,4.85,4.672940254,4.85,5.060854912,4.85,4.619311333,2.8,3.453537226,2.8,3.182364464,2.8,3.5811584,2.8,3.375611305,0.69,0.784763813,0.69,0.710501552,0.69,0.623866558,0.69,0.737273276,5,5.787319183,5,5.87658453,5,6.252865791,5,6.230997086,2.79,2.946781874,2.79,2.677783728,2.79,3.003984451,2.79,2.810547352,5.1,5.306006908,5.1,5.081939697,5.1,5.634764671,5.1,5.386488914,3.64,3.778856516,3.64,3.504627705,3.64,3.713115692,3.64,4.072293758,3.64,3.461335659,3.64,2.727499247,3.64,3.273422718,3.64,3.579933643,1.42,1.440255165,1.42,1.776848316,1.42,1.697153687,1.42,1.732616901,2.12,2.039126873,2.12,1.939554095,2.12,2.250337124,2.12,2.210880756,2.16,1.989451766,2.16,2.1444664,2.16,2.092327118,2.16,2.114567995,4.7,5.196856499,4.7,4.826485634,4.7,5.340281487,4.7,4.989017487,2.16,2.042178631,2.16,2.146169424,2.16,2.055297375,2.16,2.106498718,0.95,0.961170197,0.95,0.700656772,0.95,1.081130981,0.95,0.943895638,4.02,3.994805336,4.02,3.839425802,4.02,3.881804943,4.02,4.080048084,0.95,1.174215555,0.95,0.966434598,0.95,0.981849909,0.95,0.937565506,0.69,1.056766748,0.69,1.096598506,0.69,0.575479746,0.69,0.683376968,4.35,3.911225557,4.35,4.298027992,4.35,4.436629295,4.35,4.210299015,0.87,0.850528479,0.87,1.147690654,0.87,1.036037445,0.87,0.771260083,0.95,0.933549881,0.95,0.704011083,0.95,0.957505226,0.95,0.988819122,0.69,1.106348276,0.69,1.142597079,0.69,0.56332159,0.69,0.616532445,5.27,4.408538818,5.27,4.250974655,5.27,4.63465023,5.27,4.475554466,4.75,4.590993881,4.75,4.257199764,4.75,4.63934803,4.75,5.304180145,7.1,7.096333504,7.1,6.884311199,7.1,7.261705399,7.1,6.510688782,0.86,0.691784143,0.86,0.567720294,0.86,0.872175097,0.86,0.709337294,0.95,0.988620758,0.95,1.061281323,0.95,0.826607227,0.95,1.268293858
2.16,2.048018456,2.16,2.12924099,2.16,1.942216516,2.16,1.884904385,0.88,5.020188808,0.88,3.687110901,0.88,2.434916735,0.88,3.099332333,6.47,4.701478481,6.47,5.839001656,6.47,5.515082359,6.47,5.43800354,4.7,5.708518028,4.7,6.167629719,4.7,7.390732765,4.7,6.352072716,2.79,1.669114351,2.79,2.134083033,2.79,2.556200504,2.79,1.992896795,8.39,8.017161369,8.39,6.37461853,8.39,6.571599007,8.39,6.732614517,4.36,5.130878925,4.36,4.821672916,4.36,4.922410965,4.36,4.614126682,0.95,0.93669939,0.95,1.19935596,0.95,0.964004755,0.95,0.955276668,6.47,4.92425251,6.47,5.26537323,6.47,5.229802132,6.47,5.353204727,6.8,6.107374191,6.8,6.626177788,6.8,6.824398041,6.8,6.808023453,6.64,5.758697033,6.64,5.510322571,6.64,6.071573257,6.64,5.906177998,6.26,6.641011715,6.26,6.598616123,6.26,6.4419384,6.26,5.875062943,4.38,4.582541466,4.38,4.384934425,4.38,4.479886055,4.38,4.508374214,2.93,3.767812252,2.93,3.3864429,2.93,3.246124744,2.93,3.991177559,1.49,2.013423443,1.49,1.744220376,1.49,1.418470383,1.49,1.463509798,2.8,3.899781704,2.8,3.732545376,2.8,4.634652138,2.8,4.028747082,0.7,0.614474297,0.7,0.575074911,0.7,0.72218895,0.7,0.836060166,0.95,0.658265948,0.95,0.749917507,0.95,1.105695724,0.95,0.833448827,2.16,2.205502033,2.16,1.894936204,2.16,2.040699482,2.16,2.078763723,7.39,7.69116497,7.39,7.641157627,7.39,7.28151989,7.39,7.503212929,0.73,1.487908721,0.73,1.361154318,0.73,1.720959544,0.73,1.399236917,6.26,6.802240372,6.26,6.597568989,6.26,6.518039703,6.26,6.695525646,0.6,0.600008011,0.6,0.572973847,0.6,0.87560755,0.6,0.68544066,0.95,1.027695298,0.95,0.982253909,0.95,1.007367134,0.95,0.932221293,0.84,0.902653813,0.84,0.740072608,0.84,0.782601357,0.84,0.748012841,0.9,0.695033669,0.9,1.485239506,0.9,0.971662283,0.9,1.276037097,7.62,7.06968689,7.62,6.716438293,7.62,7.242915154,7.62,7.235794067,3.62,3.307369947,3.62,3.511982918,3.62,3.640725613,3.62,3.82017231,2.16,2.356976271,2.16,2.376991749,2.16,2.019976616,2.16,2.14300251,0.95,0.972549021,0.95,0.965641856,0.95,0.932437003,0.95,0.922882855,6.64,6.387224197,6.64,5.867394924,6.64,6.295406342,6.64,6.565978527,0.95,1.005229473,0.95,0.906147063,0.95,0.930797637,0.95,0.917880595,3.64,3.676677704,3.64,3.71514082,3.64,3.911446333,3.64,4.042105675,0.93,0.513505697,0.93,0.542513371,0.93,0.828100502,0.93,0.836904168,5.73,6.427368164,5.73,6.446021557,5.73,6.303426743,5.73,6.725355625,4.8,5.568566799,4.8,5.211294651,4.8,5.534144402,4.8,5.823671341,0.67,0.762054086,0.67,0.670355201,0.67,0.734731436,0.67,0.77537179,0.95,0.97149384,0.95,0.938238978,0.95,0.93735075,0.95,0.922899187,4.32,4.665836334,4.32,4.488721848,4.32,4.472791672,4.32,4.594057083,4.68,5.028252602,4.68,4.763133526,4.68,4.883472443,4.68,5.189630032,0.56,0.57637006,0.56,0.690636039,0.56,0.80516839,0.56,0.757749856,0.95,1.139958858,0.95,0.677808166,0.95,0.916052341,0.95,0.922044754,7.62,8.123753548,7.62,8.00327301,7.62,8.074627876,7.62,7.905858517,0.95,1.096975088,0.95,0.898847461,0.95,1.084629536,0.95,1.066981435,0.6,0.525742471,0.6,0.599174738,0.6,0.584148705,0.6,0.619412482,0.95,0.955017924,0.95,0.821534038,0.95,0.951943755,0.95,1.012516141,1.49,1.673010945,1.49,1.643970013,1.49,1.833926797,1.49,1.642128706,6.12,5.957033157,6.12,5.684626579,6.12,5.757359505,6.12,5.980678558,4.4,4.460468292,4.4,4.289562702,4.4,4.469190598,4.4,4.488685608,1.04,1.066804647,1.04,1.02713418,1.04,1.144048691,1.04,1.165578842,0.77,0.859227419,0.77,0.781676412,0.77,0.696937561,0.77,0.91198653,0.95,0.918061495,0.95,0.913534522,0.95,1.00101614,0.95,0.984165668,0.59,0.515740395,0.59,0.638679385,0.59,0.630216539,0.59,0.612712562,8.6,9.036019325,8.6,8.834124565,8.6,9.155766487,8.6,8.921378136,0.69,0.829807758,0.69,0.83518827,0.69,0.723276138,0.69,0.708453119,0.82,1.224003077,0.82,0.566459298,0.82,0.989376307,0.82,0.978129208,0.73,0.907488227,0.73,0.850964904,0.73,0.985542059,0.73,0.825564623,0.95,0.905673623,0.95,0.880126953,0.95,1.017792702,0.95,1.083785534,4.52,4.381957531,4.52,4.426978588,4.52,4.472929001,4.52,4.45960331,0.95,0.976357937,0.95,0.916803956,0.95,1.009478807,0.95,0.929465473,6.15,5.87704134,6.15,5.803265095,6.15,6.117033958,6.15,5.913789749,1.1,1.631178975,1.1,1.307906508,1.1,1.365581989,1.1,1.311547041,9.45,9.090629578,9.45,9.339996338,9.45,9.300462723,9.45,9.111206055,8.4,8.697091103,8.4,9.023575783,8.4,8.495467186,8.4,8.635573387,0.94,1.051637173,0.94,0.93882072,0.94,0.87186718,0.94,0.871885657,0.95,0.921821952,0.95,0.886155844,0.95,0.92549777,0.95,1.019170284,0.69,0.629591942,0.69,0.966253161,0.69,0.659047365,0.69,0.738082111,6.47,5.923064709,6.47,5.795736313,6.47,6.297480583,6.47,6.161653519,0.81,0.980640292,0.81,0.928408504,0.81,0.935340166,0.81,0.886224687,4.2,4.129545689,4.2,4.247493744,4.2,4.417423248,4.2,4.388429642,0.85,0.948264837,0.85,0.50871551,0.85,0.917673171,0.85,1.18144846,5.98,5.908557415,5.98,5.552342415,5.98,5.877187729,5.98,6.176606655,6.47,6.486096859,6.47,6.332941055,6.47,6.57465744,6.47,6.545244217,6.6,7.020544052,6.6,7.017456055,6.6,7.04231739,6.6,7.314112663,0.69,0.743160963,0.69,0.72323072,0.69,0.626418114,0.69,0.735450447,0.56,1.167801499,0.56,0.951822042,0.56,0.953208148,0.56,0.8691746,3.75,3.977162361,3.75,3.569296598,3.75,3.821411133,3.75,3.936901569,2.71,2.232634068,2.71,2.552432775,2.71,2.786602974,2.71,2.805551291,4.02,4.133624554,4.02,3.77649951,4.02,3.938800335,4.02,4.126968861,6.47,6.007752419,6.47,5.712014675,6.47,6.164378166,6.47,6.116368294,0.86,0.83729291,0.86,0.470156044,0.86,0.958866537,0.86,0.67707175,6.15,5.77020216,6.15,5.257795811,6.15,5.867700577,6.15,5.81377697,4.02,4.065698624,4.02,3.788570166,4.02,3.931251526,4.02,4.084668636,1.88,2.144297838,1.88,1.87472856,1.88,1.701841116,1.88,1.702446461,0.81,0.859097719,0.81,1.026700854,0.81,0.942492008,0.81,0.801262677,5.27,4.293340206,5.27,4.164635658,5.27,4.520618439,5.27,4.370918274,4.4,4.531353474,4.4,4.458110809,4.4,4.485099792,4.4,4.576272488,6.15,5.847246647,6.15,5.281973839,6.15,5.842325211,6.15,5.698682785,6.47,6.680226803,6.47,6.54904604,6.47,6.683210373,6.47,6.858366966,0.6,0.899992347,0.6,1.071545243,0.6,0.845541894,0.6,0.959948957,4.88,4.995308876,4.88,4.870933533,4.88,4.850056648,4.88,4.654189587,7.1,7.060203075,7.1,6.863988876,7.1,7.266495705,7.1,6.782032967,0.84,0.842648506,0.84,1.007210612,0.84,0.973604143,0.84,0.944704473,0.95,1.08465302,0.95,0.958299637,0.95,1.093848944,0.95,0.967492402,0.59,0.753256083,0.59,0.824109912,0.59,0.515409231,0.59,0.69451946,0.95,1.019254923,0.95,0.996002793,0.95,0.956511259,0.95,0.920893908,4.85,5.116018295,4.85,5.005996227,4.85,4.873975754,4.85,4.762248039,3.12,3.22375226,3.12,3.400524139,3.12,3.544878244,3.12,3.434946537,0.73,1.046275377,0.73,0.377667278,0.73,1.113043547,0.73,0.983730018,0.95,0.984839201,0.95,0.883446813,0.95,0.809050083,0.95,1.187987208
4.02,3.966785669,4.02,5.425443649,4.02,4.706834793,4.02,4.798737049,6.26,7.312571049,6.26,6.509799004,6.26,7.134692192,6.26,8.038448334,6.48,4.831915855,6.48,4.317728996,6.48,5.492366791,6.48,6.239133835,8.71,7.659006119,8.71,6.07652998,8.71,6.454874992,8.71,6.267381668,0.87,0.808427334,0.87,1.007448077,0.87,1.139806986,0.87,0.780813932,3.75,3.842923641,3.75,3.985631704,3.75,5.050358772,3.75,4.879380703,4.75,4.294421673,4.75,4.446545601,4.75,4.716766357,4.75,4.463828564,3.12,3.955746412,3.12,4.086922169,3.12,4.226715565,3.12,4.270263672,2.79,2.40251708,2.79,2.274804831,2.79,2.17155695,2.79,1.98670578,3.2,4.049895763,3.2,4.181208611,3.2,3.24493289,3.2,3.195523024,0.59,0.574890614,0.59,1.016476274,0.59,0.800263226,0.59,1.119205952,0.95,0.978388906,0.95,0.840756297,0.95,0.950758457,0.95,1.016149521,4.02,3.536306143,4.02,4.231451511,4.02,4.35422802,4.02,3.961679459,1.04,0.675025463,1.04,0.710044622,1.04,0.861553788,1.04,1.375596762,4.38,4.523056507,4.38,4.383291721,4.38,4.475381851,4.38,4.526946545,0.95,0.916023612,0.95,0.885332942,0.95,1.161535859,0.95,1.029996991,0.73,0.857799053,0.73,0.741005778,0.73,0.781478167,0.73,0.645336092,0.95,1.177360654,0.95,1.053008914,0.95,1.091855288,0.95,0.936968982,3.95,3.583781481,3.95,3.723813057,3.95,3.518244028,3.95,3.914816856,8,7.554802418,8,7.402872562,8,7.448319435,8,7.406177998,6.48,6.330978394,6.48,5.509692192,6.48,6.13301754,6.48,6.486851215,0.95,0.840833902,0.95,1.143267393,0.95,0.927225947,0.95,1.027137876,2.79,2.305250883,2.79,2.401660442,2.79,2.507199287,2.79,2.525799751,6.12,5.61847496,6.12,5.529946327,6.12,5.987149239,6.12,6.272092819,0.67,0.638975501,0.67,0.651788592,0.67,0.685166597,0.67,0.727408051,3.75,3.703593254,3.75,3.80970788,3.75,4.043978691,3.75,3.941254377,0.64,0.552442193,0.64,0.739934087,0.64,0.884543061,0.64,0.21733892,0.95,1.121227384,0.95,0.796901107,0.95,1.035405278,0.95,1.023730755,0.8,0.843981385,0.8,0.43389973,0.8,0.850702465,0.8,0.940158904,0.9,0.723376751,0.9,1.305789709,0.9,1.023970127,0.9,1.074286819,1.42,1.658930659,1.42,1.475964785,1.42,1.461238742,1.42,1.527808189,7.1,5.467212677,7.1,5.392270088,7.1,5.971726418,7.1,5.975338936,0.75,0.801386356,0.75,0.539251208,0.75,0.587772608,0.75,0.742429137,5.9,5.140218735,5.9,5.70016098,5.9,4.51397419,5.9,5.113382339,6.15,6.261342049,6.15,6.065468788,6.15,6.586320877,6.15,6.141105175,8.6,8.751356125,8.6,8.459658623,8.6,9.74533844,8.6,9.224146843,0.59,0.480641335,0.59,0.545105577,0.59,0.707869291,0.59,0.863508999,0.95,0.967007756,0.95,0.96080482,0.95,0.936692953,0.95,0.922486007,3.04,3.177229404,3.04,2.532392025,3.04,2.970189095,3.04,2.87285614,3.64,3.551768541,3.64,3.512622595,3.64,3.676851988,3.64,3.701566219,4.02,4.142180443,4.02,4.025310516,4.02,4.143530846,4.02,4.385126114,0.95,0.928662181,0.95,1.094913363,0.95,0.940793633,0.95,1.020276546,9.45,8.724618912,9.45,8.766228676,9.45,8.842953682,9.45,8.902423859,0.95,1.109562159,0.95,0.891530275,0.95,0.986174583,0.95,0.932114542,0.6,0.793070793,0.6,0.543970942,0.6,0.884960532,0.6,0.862259388,0.9,0.856848717,0.9,1.018908143,0.9,1.161962867,0.9,0.836962104,3.6,3.467410803,3.6,2.972245932,3.6,3.542495251,3.6,3.623377085,0.56,0.895382404,0.56,0.927945375,0.56,1.018125772,0.56,1.055624723,0.94,0.904604912,0.94,0.883246303,0.94,0.909391642,0.94,0.827250779,1.1,0.646337271,1.1,0.720933795,1.1,0.80736655,1.1,0.880802751,4.01,4.26271677,4.01,3.865353346,4.01,4.587076187,4.01,4.576116085,0.6,0.783978999,0.6,0.834927201,0.6,0.866259873,0.6,1.010620832,4.31,4.584356308,4.31,4.438579559,4.31,4.4775877,4.31,4.548349857,8,7.88066864,8,7.699706078,8,7.509075165,8,7.751338005,4.88,5.101690292,4.88,4.897217751,4.88,4.986174583,4.88,4.724236965,0.95,0.920743823,0.95,0.806740165,0.95,0.951296329,0.95,0.900642395,3.6,3.665326834,3.6,3.379710436,3.6,3.512811422,3.6,3.775235415,5.1,5.263607502,5.1,5.260861397,5.1,5.480569839,5.1,5.339734554,0.7,0.941831589,0.7,0.924486756,0.7,0.612515211,0.7,0.646742642,4.68,4.776869297,4.68,4.690635681,4.68,5.002163887,4.68,5.298252583,4.42,4.574281693,4.42,4.560292721,4.42,4.484544754,4.42,4.566048622,1.04,1.155216336,1.04,1.019186258,1.04,1.070586681,1.04,1.113844156,0.69,0.52063632,0.69,0.612523913,0.69,0.736402273,0.69,0.521960855,0.9,1.088984489,0.9,0.923113465,0.9,1.211399198,0.9,1.080957651,4.88,5.204329491,4.88,4.82988596,4.88,5.007455826,4.88,4.846470833,4.8,5.158275127,4.8,5.227972984,4.8,5.404065132,4.8,5.760292053,0.93,1.046333551,0.93,1.277309775,0.93,1.131706953,0.93,1.094336629,2.71,2.305346012,2.71,2.573205948,2.71,2.717170477,2.71,2.774746418,3.64,3.947256088,3.64,3.571701765,3.64,3.838690519,3.64,4.101214886,0.95,0.778649092,0.95,0.857327342,0.95,1.011427879,0.95,0.883590996,0.85,0.948264837,0.85,0.50871551,0.85,0.917673171,0.85,1.18144846,9.7,9.241707802,9.7,9.549927711,9.7,9.039445877,9.7,9.296826363,4.01,4.262782097,4.01,3.973367453,4.01,4.211659431,4.01,4.690607548,0.95,0.927319884,0.95,0.88220042,0.95,0.965426445,0.95,1.010784984,6.06,6.629184246,6.06,6.426714897,6.06,6.613685608,6.06,6.588884354,5.98,5.899621964,5.98,5.540007591,5.98,5.878406525,5.98,6.141695023,3.95,4.256716251,3.95,4.052098274,3.95,4.35661602,3.95,4.056479454,8.4,8.442371368,8.4,8.600914001,8.4,8.42780304,8.4,8.588603973,6.47,6.576796532,6.47,6.428643703,6.47,6.4979496,6.47,6.47927618,8.02,7.974206924,8.02,8.221487045,8.02,8.165597916,8.02,8.278376579,0.69,0.86316514,0.69,0.747314334,0.69,0.616723299,0.69,0.739076674,7.39,7.424304008,7.39,7.377005577,7.39,7.599816322,7.39,7.566608906,0.84,0.923084259,0.84,0.914057136,0.84,1.021577477,0.84,0.875492036,4.35,4.087660313,4.35,4.258749962,4.35,4.459505081,4.35,4.265070438,6.15,6.172501087,6.15,5.933247089,6.15,5.934318542,6.15,6.076766968,0.82,0.842675447,0.82,0.431710571,0.82,0.713850856,0.82,1.027432442,0.69,0.97836566,0.69,0.983296275,0.69,0.596250296,0.69,0.740860522,1.04,1.102108121,1.04,0.838207841,1.04,1.126332641,1.04,1.53950119,3.37,3.370384455,3.37,3.17980051,3.37,3.307713747,3.37,3.363008976,6.15,5.825302124,6.15,5.290039539,6.15,5.833865166,6.15,5.660319805,1.93,2.005110741,1.93,1.79576838,1.93,2.105993271,1.93,2.15211916,0.95,1.083460331,0.95,0.937936425,0.95,0.98357749,0.95,0.980495274,9.45,9.454395294,9.45,9.523947716,9.45,9.794760704,9.45,9.694333076,0.95,0.945290267,0.95,0.880592227,0.95,0.978873372,0.95,0.960624814,4.1,4.082240105,4.1,3.770120859,4.1,3.990780354,4.1,4.367386341,0.95,0.810514688,0.95,0.638447642,0.95,1.073265791,0.95,0.885778308,4.85,5.116018295,4.85,5.005996227,4.85,4.873975754,4.85,4.762248039,9.7,9.046307564,9.7,9.143309593,9.7,9.427996635,9.7,9.650365829,2.72,2.616138697,2.72,2.513879061,2.72,2.169835091,2.72,2.046312571,1.04,0.950835109,1.04,0.845335603,1.04,1.112664819,1.04,1.811057806
6.06,5.692152977,6.06,6.699934959,6.06,6.963824272,6.06,6.251596928,3.75,3.89786315,3.75,4.372992039,3.75,5.060387611,3.75,4.959762573,0.56,0.017564982,0.56,0.579927206,0.56,0.524139404,0.56,0.779183149,6.15,5.037624359,6.15,5.308648109,6.15,5.592283249,6.15,6.006122589,0.69,0.412725538,0.69,0.453298897,0.69,0.740679741,0.69,0.714252055,5,5.706837654,5,5.768685341,5,6.999771118,5,6.974070072,0.59,0.574565649,0.59,0.848301291,0.59,0.971525669,0.59,0.884733737,0.95,0.960649014,0.95,0.64778316,0.95,0.761267543,0.95,0.725716472,0.59,0.577545881,0.59,0.848647356,0.59,0.819842875,0.59,0.999668002,0.95,0.9002738,0.95,0.800866365,0.95,0.789828897,0.95,0.721516907,6.47,6.876818657,6.47,6.570580006,6.47,7.272612572,6.47,6.425076485,1.04,0.892257333,1.04,0.364160508,1.04,0.844588041,1.04,1.330233574,0.94,0.974532008,0.94,0.92392385,0.94,0.921002626,0.94,0.932020903,0.95,0.974196494,0.95,1.103115916,0.95,0.94187355,0.95,0.925091982,4.43,4.462532043,4.43,4.347112179,4.43,4.471598625,4.43,4.487932682,8.6,8.497344017,8.6,7.196302891,8.6,8.520704269,8.6,8.369590759,0.93,1.062922359,0.93,1.025565624,0.93,1.039119482,0.93,1.088995934,6.1,6.455160141,6.1,7.002701759,6.1,6.794584274,6.1,6.855248451,4.51,4.416193962,4.51,4.343081951,4.51,4.467129707,4.51,4.571897984,8.02,7.775227547,8.02,7.893619537,8.02,8.322716713,8.02,9.244296074,6.15,6.362129211,6.15,6.423839569,6.15,6.905249596,6.15,6.985404015,3.2,3.849345446,3.2,3.981157064,3.2,3.606527567,3.2,3.469476938,0.85,0.609744549,0.85,0.636913419,0.85,0.830532968,0.85,0.846176863,8.71,7.66145277,8.71,7.251543999,8.71,7.444732666,8.71,7.533913612,5.73,6.68857193,5.73,6.342815399,5.73,6.867281914,5.73,6.45775795,7.94,5.286482811,7.94,5.103238106,7.94,5.678129196,7.94,5.535129547,3.6,3.135635614,3.6,3.39821744,3.6,3.453900576,3.6,3.553169727,0.95,0.9386307,0.95,0.788212657,0.95,0.93727684,0.95,1.012607098,3.95,3.700704813,3.95,3.99130702,3.95,3.791940451,3.95,3.950420856,9.7,8.27337265,9.7,9.307240486,9.7,9.098568916,9.7,9.218224525,0.8,0.892071843,0.8,0.412136644,0.8,0.797571957,0.8,0.908609152,3.75,3.931408882,3.75,3.686053753,3.75,3.681864738,3.75,4.57171011,1.93,2.219087362,1.93,1.930201888,1.93,2.377523422,1.93,1.9304986,0.95,1.058159471,0.95,0.763999104,0.95,1.063086033,0.95,1.025927067,4.38,4.514692307,4.38,4.479240417,4.38,4.466664314,4.38,4.608562469,0.95,0.99835813,0.95,0.871313453,0.95,1.048580766,0.95,1.005241632,0.77,0.755021691,0.77,0.615689158,0.77,0.587092638,0.77,0.844531119,0.95,0.93932426,0.95,0.86484158,0.95,1.008621573,0.95,1.011206031,0.86,0.909119129,0.86,0.462037653,0.86,0.955836952,0.86,0.619297802,2.71,2.729483128,2.71,2.722973824,2.71,2.911696196,2.71,3.067745209,4.39,4.716532707,4.39,4.487634182,4.39,4.475097656,4.39,4.603887558,7.44,8.071649551,7.44,8.524582863,7.44,7.870301247,7.44,7.993310928,0.59,0.487228364,0.59,0.601935029,0.59,0.681918144,0.59,0.796314538,0.95,0.984139681,0.95,0.909035563,0.95,1.013058186,0.95,0.930878043,0.69,0.528173447,0.69,0.596044898,0.69,0.665505409,0.69,0.705223739,0.95,0.92805481,0.95,1.054078579,0.95,0.943308711,0.95,1.020126581,7.62,8.292305946,7.62,7.814577103,7.62,8.193166733,7.62,7.828165531,0.95,1.081536293,0.95,0.891210616,0.95,1.016688347,0.95,1.009546399,0.73,1.335080743,0.73,1.31252861,0.73,1.137002945,0.73,1.340332985,0.95,0.905871272,0.95,0.887812018,0.95,1.01057899,0.95,1.090625286,0.68,0.760308743,0.68,0.676943064,0.68,0.946761012,0.68,0.944744587,3.64,3.542260647,3.64,3.302890062,3.64,3.539719343,3.64,3.560493469,6.48,6.315325737,6.48,6.115008354,6.48,6.346383095,6.48,6.287338257,1.63,1.889770627,1.63,1.533503175,1.63,1.810462475,1.63,1.69636178,0.59,0.516222239,0.59,0.635302186,0.59,0.643541455,0.59,0.577521741,0.95,0.90371263,0.95,0.969684124,0.95,1.019783974,0.95,0.877891898,5.73,6.377757072,5.73,6.401656628,5.73,6.330615044,5.73,6.278220177,0.95,1.022427559,0.95,1.057593226,0.95,0.960091591,0.95,0.92226094,1.88,1.950368881,1.88,1.807213068,1.88,1.960612297,1.88,1.805005074,0.95,1.001297712,0.95,0.933986783,0.95,1.009534836,0.95,0.930090129,0.6,0.773144305,0.6,0.813194394,0.6,0.498953491,0.6,0.479090393,2.8,3.278435946,2.8,2.961795092,2.8,3.569853544,2.8,3.311337471,0.84,0.977110147,0.84,0.692299247,0.84,1.001116872,0.84,0.820098102,0.95,0.980504513,0.95,0.846149802,0.95,1.019167185,0.95,0.977157354,4.36,5.569673061,4.36,5.344488621,4.36,5.439377785,4.36,5.210577488,0.95,1.03287673,0.95,0.88136375,0.95,1.028640151,0.95,0.987246156,1.63,1.971509099,1.63,1.783862114,1.63,2.011902332,1.63,1.768444061,0.95,0.979084611,0.95,0.886622012,0.95,0.956790924,0.95,0.925487518,3.04,2.810306549,3.04,2.59156847,3.04,2.833775759,3.04,3.196554661,4.8,5.164093494,4.8,5.176837921,4.8,5.431341171,4.8,5.719931126,2.16,2.195731878,2.16,2.149811268,2.16,2.359335899,2.16,2.189454317,0.95,0.798539042,0.95,0.830711007,0.95,0.979279459,0.95,0.905354798,5.73,6.033197403,5.73,6.135857105,5.73,6.362252235,5.73,6.439095497,0.9,1.342653871,0.9,0.902634978,0.9,1.181870222,0.9,1.269488096,1.49,1.732091546,1.49,1.714719892,1.49,1.879259825,1.49,1.655215979,0.95,1.155864239,0.95,0.710179687,0.95,1.009150028,0.95,0.986311615,1.49,1.688838482,1.49,1.712970734,1.49,1.871602774,1.49,1.643467188,0.95,1.128932953,0.95,0.652747989,0.95,0.965261459,0.95,1.010288119,4.39,4.518949509,4.39,4.48267889,4.39,4.495771408,4.39,4.560136318,0.82,0.91540575,0.82,0.369360775,0.82,0.767970562,0.82,1.003766298,6.64,6.395820618,6.64,6.264003754,6.64,6.411292076,6.64,6.849736214,0.95,0.930432677,0.95,0.803984046,0.95,0.971231222,0.95,1.010581732,6.06,6.627264977,6.06,6.439785004,6.06,6.497828484,6.06,6.444861889,0.95,0.897163868,0.95,0.717229247,0.95,1.008096457,0.95,1.051294327,0.7,0.629099607,0.7,0.849877715,0.7,0.83122921,0.7,0.683968484,6.8,6.837882996,6.8,6.754034996,6.8,7.157497406,6.8,7.133879185,2.79,2.943781853,2.79,2.687231779,2.79,2.93264389,2.79,2.873308182,0.6,0.89659667,0.6,0.990020156,0.6,0.842765808,0.6,0.922897935,1.88,1.975398421,1.88,1.871620536,1.88,2.025170326,1.88,1.815721035,5.27,6.115609646,5.27,5.554194927,5.27,5.998561859,5.27,5.811305523,0.67,0.706245422,0.67,0.646987796,0.67,0.760321617,0.67,0.727552056,1.49,1.876941681,1.49,1.999643922,1.49,1.60830009,1.49,1.577645779,0.94,0.825767994,0.94,1.097194552,0.94,0.98143363,0.94,0.780826867,7.89,7.862452507,7.89,7.584205627,7.89,8.276585579,7.89,7.677910805,3.95,4.468463898,3.95,4.354375839,3.95,4.148387909,3.95,4.02180624,0.95,1.492315531,0.95,0.766655207,0.95,1.067061424,0.95,0.946074545,1.49,1.87054646,1.49,1.763062239,1.49,1.860184193,1.49,1.765504599,0.95,0.934473097,0.95,0.868005633,0.95,0.964460015,0.95,0.970768809,6.15,6.08796072,6.15,6.008821964,6.15,5.974143028,6.15,6.105045319,0.88,1.146345854,0.88,1.441820979,0.88,1.186834574,0.88,1.337553978
3.04,3.401998758,3.04,4.064694405,3.04,4.134215355,3.04,3.80516386,0.95,0.979738116,0.95,1.313735485,0.95,1.027274251,0.95,0.930218637,4.75,4.541460991,4.75,4.435039997,4.75,5.124677658,4.75,4.979485035,7.44,8.29060173,7.44,6.473156929,7.44,7.173870087,7.44,7.2073946,0.6,-0.540602207,0.6,0.579139709,0.6,0.622835517,0.6,0.884578824,2.12,4.432645321,2.12,3.935560465,2.12,2.732651949,2.12,3.098492146,4.39,4.963142395,4.39,4.33653307,4.39,4.558483124,4.39,4.764454842,0.95,0.916606307,0.95,0.866239429,0.95,0.948955536,0.95,1.021863461,0.68,0.643597007,0.68,0.389805645,0.68,0.602744222,0.68,0.699021578,5.1,5.564881802,5.1,5.348210812,5.1,5.818898201,5.1,5.494966507,0.59,0.574890614,0.59,1.016476274,0.59,0.800263226,0.59,1.119205952,8.02,6.739655018,8.02,6.888420105,8.02,8.058436394,8.02,7.72935009,0.8,0.945765018,0.8,0.823501468,0.8,0.866152227,0.8,0.72904098,7.94,5.537604809,7.94,5.498249531,7.94,5.021999359,7.94,4.942730427,3.6,3.660248041,3.6,3.190035343,3.6,3.034767866,3.6,2.748399258,3.75,4.272470951,3.75,4.132490158,3.75,4.492293358,3.75,3.907499552,3.75,4.318080902,3.75,4.316729546,3.75,4.25590229,3.75,4.139627934,7.39,7.639158249,7.39,7.471615791,7.39,7.283643723,7.39,7.572780609,2.16,2.205502033,2.16,1.894936204,2.16,2.040699482,2.16,2.078763723,5.1,4.831843853,5.1,4.994288921,5.1,5.373476028,5.1,5.186618328,0.7,0.843387246,0.7,0.727200747,0.7,0.825393438,0.7,0.646838248,0.95,0.978956223,0.95,0.971043468,0.95,0.928335607,0.95,0.923299015,0.6,0.600008011,0.6,0.572973847,0.6,0.87560755,0.6,0.68544066,0.95,1.074111223,0.95,0.753011346,0.95,1.01046586,0.95,0.925018847,1.63,1.782875299,1.63,2.039144993,1.63,1.879542351,1.63,1.566864252,0.95,0.99812448,0.95,1.020260692,0.95,1.006607533,0.95,0.931804597,4.5,4.492984772,4.5,4.47868824,4.5,4.468789101,4.5,4.700335503,0.82,0.730158329,0.82,1.088228822,0.82,0.75210762,0.82,0.860585451,4.85,4.241570473,4.85,4.631277084,4.85,4.434155464,4.85,4.671157837,4.2,4.090391159,4.2,4.563313484,4.2,5.00937748,4.2,4.2506423,6.06,6.185451031,6.06,6.520685196,6.06,7.199001312,6.06,6.728601933,2.8,3.315326452,2.8,3.40390873,2.8,3.526262522,2.8,3.608209133,4.75,4.559603691,4.75,4.816431046,4.75,4.83280468,4.75,5.205491543,0.95,1.257771015,0.95,1.227024198,0.95,0.963553011,0.95,0.942382038,1.93,2.350447178,1.93,1.852265358,1.93,2.299930334,1.93,1.86602354,0.95,0.94002533,0.95,1.094738722,0.95,0.93725872,0.95,1.02729845,0.69,0.547718406,0.69,0.899506927,0.69,0.924019575,0.69,0.885580719,0.82,1.631635427,0.82,1.202441812,0.82,1.304112196,0.82,1.022310972,0.67,0.755856752,0.67,0.676613212,0.67,0.788027287,0.67,0.785594225,0.95,0.982469201,0.95,0.876008868,0.95,0.939030409,0.95,0.926518381,0.84,1.058595657,0.84,0.782919288,0.84,0.970935345,0.84,0.940502286,0.95,0.984442949,0.95,0.907134533,0.95,1.011764169,0.95,0.930953026,0.85,0.750997543,0.85,0.587807417,0.85,1.145473123,0.85,0.810347795,0.95,0.976616025,0.95,0.856784761,0.95,1.015954375,0.95,0.930230975,4.75,4.88391161,4.75,4.577407837,4.75,4.989038467,4.75,5.196466446,0.95,0.930065036,0.95,1.009659767,0.95,0.939172864,0.95,0.95119977,9.45,9.042204857,9.45,9.241883278,9.45,9.017636299,9.45,8.838263512,0.95,0.930807352,0.95,1.109839559,0.95,1.095540524,0.95,0.983426392,0.69,0.715989828,0.69,0.826291442,0.69,0.76761961,0.69,0.691112339,4.7,4.846366882,4.7,5.343878269,4.7,4.894627571,4.7,4.77765131,1.49,1.72471869,1.49,1.660728574,1.49,1.817663789,1.49,1.640347958,5.1,4.674442291,5.1,4.539574623,5.1,4.818541527,5.1,5.125435829,1.49,1.757680893,1.49,1.675674796,1.49,1.795761466,1.49,1.646159887,3.75,3.796046495,3.75,3.262838364,3.75,3.903213263,3.75,3.917642117,0.69,0.525146723,0.69,0.568707585,0.69,0.708919168,0.69,0.498427898,0.95,0.946842909,0.95,1.02532661,0.95,0.955225945,0.95,1.015903473,7.62,8.214984894,7.62,7.543401718,7.62,8.118886948,7.62,8.033825874,9.7,9.53081131,9.7,9.252616882,9.7,9.136138916,9.7,9.378076553,3.75,3.678683043,3.75,3.660594702,3.75,3.790433645,3.75,3.779518127,0.95,0.883831978,0.95,0.825798452,0.95,1.063688517,0.95,0.924986482,0.69,0.521932125,0.69,0.601569533,0.69,0.729507565,0.69,0.500041008,0.95,1.037812352,0.95,0.851938605,0.95,1.059394598,0.95,0.972082138,3.64,3.951577425,3.64,3.692879438,3.64,3.828152657,3.64,4.241687775,8.02,7.980100155,8.02,8.451188087,8.02,8.124732018,8.02,8.240704536,6.64,6.442921162,6.64,6.225802422,6.64,6.379541397,6.64,6.932011604,7.1,6.817703247,7.1,6.966602325,7.1,7.084947586,7.1,7.113239288,0.56,0.868428946,0.56,0.891979218,0.56,0.812256694,0.56,0.668290794,0.95,0.945253372,0.95,0.934459567,0.95,1.005677938,0.95,0.955934465,3.64,3.947256088,3.64,3.571701765,3.64,3.838690519,3.64,4.101214886,1.04,1.228532195,1.04,1.023111701,1.04,1.069330454,1.04,0.954895616,0.69,0.679170847,0.69,0.818548083,0.69,0.639676332,0.69,0.714521468,0.95,0.821946502,0.95,0.838337302,0.95,1.004551172,0.95,0.908262253,3.75,3.794291019,3.75,3.56674552,3.75,3.831778526,3.75,3.98411274,0.95,0.987934232,0.95,0.904904306,0.95,0.961007357,0.95,0.925950229,4.5,4.485596657,4.5,4.47956419,4.5,4.491156578,4.5,4.539560318,3.12,2.851788282,3.12,2.289956331,3.12,2.760341644,3.12,2.696562767,6.47,6.440364838,6.47,6.578324318,6.47,6.776621819,6.47,6.940130234,0.95,0.989910603,0.95,0.966267228,0.95,0.889036417,0.95,0.954342723,3.75,3.943199158,3.75,3.575336695,3.75,3.817636251,3.75,3.915751934,0.9,1.261729002,0.9,0.890853524,0.9,1.171767831,0.9,1.401402473,3.37,3.399955034,3.37,3.043379068,3.37,3.403484583,3.37,3.329718828,0.95,0.988437653,0.95,0.956153154,0.95,0.860184193,0.95,0.963257968,0.73,1.063240886,0.73,1.424747825,0.73,1.28126049,0.73,1.357313395,0.76,0.69571507,0.76,0.608034015,0.76,0.729795635,0.76,0.755098581,0.69,0.941566229,0.69,0.910548091,0.69,0.61094141,0.69,0.740880191,0.93,0.065879911,0.93,0.837136626,0.93,0.691313148,0.93,0.886637509,3.6,3.493396521,3.6,3.262754679,3.6,3.441554546,3.6,3.8383286,0.95,1.232287645,0.95,0.639285266,0.95,0.919106245,0.95,0.904137015,0.64,0.5701828,0.64,0.674898028,0.64,0.851741552,0.64,0.629726708,8,7.555432796,8,7.532682419,8,7.839426994,8,7.580542564,4.88,4.995308876,4.88,4.870933533,4.88,4.850056648,4.88,4.654189587,0.95,0.997824907,0.95,0.925321698,0.95,0.855694532,0.95,0.93631202,0.73,0.947159767,0.73,0.517964244,0.73,1.000188828,0.73,0.862493992,0.95,1.080396652,0.95,1.090227723,0.95,0.946197987,0.95,0.970221996,6.48,6.195524216,6.48,5.807842255,6.48,6.148686409,6.48,6.621603012,0.95,0.985193253,0.95,0.915609241,0.95,0.917891502,0.95,0.921227157,0.6,0.727986813,0.6,0.860087395,0.6,0.80971992,0.6,0.635549486,0.95,1.26335299,0.95,0.630573869,0.95,0.86655277,0.95,0.910923839,0.69,0.51649785,0.69,0.291727871,0.69,0.618231893,0.69,0.690419674,6.8,6.927020073,6.8,6.649300098,6.8,7.468146324,6.8,7.438557148
3.75,4.990701675,3.75,5.43982029,3.75,5.371240616,3.75,5.222090721,0.95,0.876618981,0.95,0.617802739,0.95,0.909899712,0.95,0.999573112,0.84,1.05746007,0.84,1.133786559,0.84,1.059409857,0.84,0.787986398,0.95,0.906255841,0.95,0.634703517,0.95,1.012152433,0.95,1.042337418,0.68,0.641372561,0.68,0.370510429,0.68,0.626577973,0.68,0.566214561,3.2,4.253947258,3.2,4.645358562,3.2,3.46516943,3.2,3.902708054,4.01,5.199215412,4.01,4.955457687,4.01,5.334785461,4.01,4.980810642,0.95,1.307290196,0.95,1.605739713,0.95,1.058010697,0.95,1.31760478,1.42,1.02550447,1.42,1.362432361,1.42,1.326535702,1.42,1.226832867,1.04,1.028643489,1.04,0.17586872,1.04,0.825530291,1.04,1.289629579,6.06,5.943361282,6.06,6.515936852,6.06,6.826014519,6.06,7.206589222,8.6,6.211308479,8.6,5.617113113,8.6,5.286021233,8.6,5.033185482,0.86,0.601684213,0.86,0.54819417,0.86,0.915668845,0.86,0.929716945,0.95,1.05619669,0.95,0.840824246,0.95,1.040096045,0.95,0.929788649,0.8,0.922822714,0.8,0.787549913,0.8,0.973495841,0.8,0.678159833,0.95,0.910368621,0.95,0.921277881,0.95,0.933118939,0.95,1.027274132,0.6,0.62731111,0.6,0.505579829,0.6,0.886348844,0.6,0.595531106,0.95,1.137610197,0.95,0.979249835,0.95,0.969271243,0.95,0.9326033,1.49,1.779142022,1.49,1.726971149,1.49,1.561854124,1.49,1.463430405,0.95,0.825852036,0.95,1.076999187,0.95,0.927207351,0.95,1.025446177,6.15,6.362129211,6.15,6.423839569,6.15,6.905249596,6.15,6.985404015,6.06,6.196239471,6.06,6.295725346,6.06,6.928364754,6.06,6.817875862,0.56,0.834031701,0.56,0.731177807,0.56,0.851801932,0.56,0.630159557,0.95,1.003940582,0.95,0.868048549,0.95,0.932377219,0.95,0.927544355,0.85,0.623894453,0.85,0.565587819,0.85,0.965978026,0.85,0.902002931,4.35,4.304759026,4.35,4.494370461,4.35,4.914400101,4.35,4.121039867,0.93,0.919655085,0.93,1.207438111,0.93,0.983311594,0.93,1.028709173,0.9,0.693125606,0.9,1.38606298,0.9,0.998805761,0.9,1.173606515,4.01,4.408894062,4.01,4.330402374,4.01,4.680534363,4.01,4.737533569,7.94,5.474441528,7.94,5.102936745,7.94,5.98678112,7.94,5.749662876,0.75,0.807335258,0.75,0.522513747,0.75,0.537292957,0.75,0.733078718,0.95,1.094534636,0.95,0.737902284,0.95,0.98295331,0.95,0.922987223,4.38,4.496106148,4.38,4.497810364,4.38,4.466627121,4.38,4.643650055,0.82,1.793533564,0.82,1.346598983,0.82,1.383563042,0.82,1.128713369,4.51,4.439674377,4.51,4.444272518,4.51,4.462122917,4.51,4.594649315,8.39,8.356638908,8.39,8.511961937,8.39,8.473573685,8.39,8.709859848,2.79,2.551006079,2.79,2.699815273,2.79,2.630337238,2.79,2.597187042,7.1,6.932946205,7.1,6.417478085,7.1,6.59651947,7.1,7.0234375,0.59,0.483502835,0.59,0.546308875,0.59,0.712290585,0.59,0.872579396,2.8,3.273252487,2.8,3.224532843,2.8,3.471615553,2.8,3.502940178,0.77,0.797218919,0.77,0.633792102,0.77,0.604931176,0.77,0.822064221,0.82,1.469738245,0.82,1.058283448,0.82,1.224661589,0.82,0.994146168,1.42,1.526145935,1.42,1.517303705,1.42,1.434056163,1.42,1.506053209,0.95,0.972981334,0.95,0.872251153,0.95,1.008304119,0.95,1.050679922,0.8,0.768552899,0.8,0.514231682,0.8,0.851711631,0.8,0.843773246,3.62,3.631784916,3.62,3.431717873,3.62,3.851775169,3.62,3.793038845,1.88,1.783872962,1.88,1.746430397,1.88,1.929516673,1.88,1.746696234,4.68,4.821519375,4.68,4.853702545,4.68,4.887525558,4.68,5.348140717,7.62,8.273777008,7.62,7.720227242,7.62,8.222932816,7.62,7.796916485,0.95,0.88414216,0.95,0.984585404,0.95,0.957678258,0.95,0.956714153,0.6,0.760308743,0.6,0.676943064,0.6,0.946761012,0.6,0.944744587,0.82,1.27872777,0.82,0.706798911,0.82,1.047235727,0.82,1.002418041,0.94,0.913905859,0.94,0.885437846,0.94,0.910753489,0.94,0.838196754,6.8,7.06641531,6.8,7.275877953,6.8,7.061547279,6.8,6.953817844,0.69,0.525146723,0.69,0.568707585,0.69,0.708919168,0.69,0.498427898,0.7,0.979070187,0.7,0.886267304,0.7,0.993039787,0.7,0.828254223,0.64,0.45010373,0.64,0.453360885,0.64,0.617283344,0.64,0.490549266,0.95,0.988739967,0.95,0.971143484,0.95,0.964042783,0.95,1.080519676,6.64,6.563498974,6.64,6.266654968,6.64,6.460820198,6.64,6.62860918,7.89,7.980937004,7.89,7.852788448,7.89,7.576526642,7.89,7.755879879,7.62,6.505492687,7.62,6.484722137,7.62,6.455911636,7.62,6.44575119,0.95,0.976053834,0.95,0.918710113,0.95,0.997424841,0.95,0.928795159,3.64,3.951577425,3.64,3.692879438,3.64,3.828152657,3.64,4.241687775,6.5,6.462328911,6.5,6.140126228,6.5,6.29229641,6.5,6.624216557,4.36,4.406768322,4.36,4.471090794,4.36,4.479849815,4.36,4.490467072,0.76,0.835989952,0.76,0.537916541,0.76,0.581805706,0.76,0.97816813,4.5,4.494733334,4.5,4.52145195,4.5,4.485713005,4.5,4.53749752,0.95,1.013586164,0.95,0.912344337,0.95,0.963073611,0.95,0.926024377,4.85,5.004321575,4.85,4.61741066,4.85,4.938884735,4.85,4.71426487,0.95,0.953521729,0.95,0.903080344,0.95,0.949057341,0.95,0.949720919,0.7,0.92922163,0.7,0.489424556,0.7,0.902560651,0.7,1.1637609,0.95,0.939487457,0.95,0.890234113,0.95,0.97185421,0.95,0.984356523,0.68,0.860296011,0.68,0.651441693,0.68,0.925161719,0.68,1.17013073,0.95,0.81667006,0.95,1.086484075,0.95,0.895472765,0.95,1.029521227,6.47,6.560613632,6.47,6.360806465,6.47,6.538316727,6.47,6.538756847,0.95,0.938879609,0.95,0.863525629,0.95,0.963811159,0.95,0.960395575,2.72,2.196803331,2.72,2.279189825,2.72,2.407621145,2.72,2.297703743,7.89,7.517201424,7.89,7.782895088,7.89,7.810633659,7.89,7.780386448,7.62,7.740639687,7.62,7.563542366,7.62,7.806118011,7.62,8.353281021,1.63,2.156806231,1.63,1.743038058,1.63,1.705463648,1.63,1.672467947,4.52,4.371816158,4.52,4.380302429,4.52,4.489904404,4.52,4.485994339,5.9,5.606750488,5.9,5.805978775,5.9,5.928204536,5.9,6.092991352,0.77,0.698831677,0.77,1.020514607,0.77,0.843480766,0.77,0.926450431,0.95,1.023304939,0.95,0.647993922,0.95,1.001235485,0.95,0.998886108,0.84,0.907723188,0.84,0.935944438,0.84,1.012323618,0.84,0.880875885,0.95,0.980681181,0.95,0.907258034,0.95,0.888023376,0.95,0.925337613,3.04,2.895183563,3.04,2.65046525,3.04,2.940750122,3.04,3.161889076,3.64,3.496924639,3.64,2.781060457,3.64,3.273078203,3.64,3.688107014,0.73,0.944153547,0.73,0.678562999,0.73,1.003080845,0.73,0.808990061,0.95,1.123136401,0.95,0.924736261,0.95,0.980544209,0.95,0.999736309,1.93,2.005110741,1.93,1.79576838,1.93,2.105993271,1.93,2.15211916,0.95,0.98149991,0.95,0.914371371,0.95,0.845609903,0.95,0.938782692,2.72,2.434540033,2.72,2.323871374,2.72,2.152625561,2.72,2.266261339,3.12,2.929241896,3.12,2.770607948,3.12,2.877745152,3.12,2.854208708,0.93,1.182326078,0.93,1.59233129,0.93,1.096196651,0.93,1.293894649,7.44,7.410423279,7.44,7.682146072,7.44,7.761084557,7.44,7.787361145,9.45,9.48729229,9.45,9.206771851,9.45,9.774552345,9.45,9.841594696,0.93,0.199204177,0.93,0.917908072,0.93,0.70140636,0.93,1.076305389,0.75,0.452390164,0.75,0.530544162,0.75,0.522239685,0.75,0.515963614,0.95,0.51218617,0.95,0.94959271,0.95,1.130079031,0.95,1.204692841
0.56,-0.078732282,0.56,0.109846927,0.56,0.453409672,0.56,0.649730921,6.1,5.23570919,6.1,5.887228489,6.1,7.017095566,6.1,5.77425909,0.56,0.017564982,0.56,0.579927206,0.56,0.524139404,0.56,0.779183149,2.8,5.277069569,2.8,5.276190758,2.8,5.449643135,2.8,5.535664558,4.02,3.478200674,4.02,4.25216341,4.02,4.072113991,4.02,4.22660017,5.1,4.730552197,5.1,4.370624542,5.1,5.166662216,5.1,5.286514282,4.42,4.39873457,4.42,4.356132507,4.42,4.4971838,4.42,4.456724644,0.95,0.86024189,0.95,0.845094562,0.95,0.916675985,0.95,0.928096414,0.93,1.184216619,0.93,1.141910434,0.93,1.131018996,0.93,0.852060139,4.7,5.639949799,4.7,6.110700607,4.7,7.014587402,4.7,6.273434639,0.69,0.589561939,0.69,0.566387415,0.69,0.76742661,0.69,0.738701403,4.35,4.333916187,4.35,4.229317665,4.35,3.557427645,4.35,4.211979866,9.45,6.948078156,9.45,6.632063389,9.45,7.55751133,9.45,6.805123329,0.95,1.01809454,0.95,0.892408252,0.95,0.935208082,0.95,0.929555416,0.8,0.922822714,0.8,0.787549913,0.8,0.973495841,0.8,0.678159833,0.95,0.885190785,0.95,0.54216373,0.95,0.819005013,0.95,0.83839488,0.84,0.870364726,0.84,0.719367385,0.84,0.754813433,0.84,0.649945855,0.95,1.09440136,0.95,0.805703759,0.95,1.028209925,0.95,0.927896619,7.62,7.392185688,7.62,6.649545193,7.62,7.692041397,7.62,7.747061729,0.95,1.22865355,0.95,1.006266117,0.95,1.13364625,0.95,1.001902223,4.85,4.364393711,4.85,4.502094269,4.85,4.664060593,4.85,4.539151192,0.95,1.125214338,0.95,0.84091258,0.95,1.032785654,0.95,1.022046447,0.75,0.746476531,0.75,0.502179503,0.75,0.460690498,0.75,0.701490402,0.95,1.001023769,0.95,0.994437099,0.95,1.006512284,0.95,0.931937754,0.68,0.652259469,0.68,0.424410433,0.68,0.824922502,0.68,0.757724822,7.1,6.327111244,7.1,5.973365784,7.1,6.671350479,7.1,6.724131107,4.43,4.408249855,4.43,4.425952911,4.43,4.46349144,4.43,4.689034462,0.95,1.26016748,0.95,1.048594356,0.95,0.870590568,0.95,0.91143322,4.51,4.409290791,4.51,4.448553562,4.51,4.462770462,4.51,4.702232361,0.95,0.933945894,0.95,1.101349711,0.95,0.93386817,0.95,1.02124095,6.47,5.792253494,6.47,5.609141827,6.47,6.17493248,6.47,5.883197784,1.88,1.697790861,1.88,1.77346313,1.88,1.932478428,1.88,1.899787188,3.75,4.073204041,3.75,4.064808369,3.75,4.104044914,3.75,4.00656414,1.88,1.66591692,1.88,1.822037578,1.88,1.96212554,1.88,1.851726055,2.79,2.53710556,2.79,2.75571847,2.79,2.615593433,2.79,2.527985573,0.95,0.954959989,0.95,0.862204909,0.95,1.010712028,0.95,0.998204529,0.68,0.861270666,0.68,0.396412164,0.68,0.681831539,0.68,0.844182551,0.95,0.974146008,0.95,0.873595834,0.95,1.045350552,0.95,1.01800704,4.1,4.350031853,4.1,3.938694715,4.1,4.441813469,4.1,4.401281357,6.1,6.410658836,6.1,6.062367916,6.1,6.21578598,6.1,6.46732235,0.56,0.57637006,0.56,0.690636039,0.56,0.80516839,0.56,0.757749856,8.02,7.889521599,8.02,7.912055969,8.02,8.364593506,8.02,8.998227119,0.69,0.501936197,0.69,0.949491858,0.69,0.826230764,0.69,0.763460875,0.95,0.970469356,0.95,1.021342874,0.95,0.922079504,0.95,0.951596022,0.75,0.76357615,0.75,0.594055057,0.75,0.908488274,0.75,0.797065258,1.1,1.69190073,1.1,1.367518306,1.1,1.365419626,1.1,1.020919323,3.04,2.934065819,3.04,2.359427691,3.04,3.023094416,3.04,2.854583025,0.95,1.034331799,0.95,1.066889644,0.95,0.95566237,0.95,0.922868252,7.62,8.273777008,7.62,7.720227242,7.62,8.222932816,7.62,7.796916485,0.95,1.135220289,0.95,0.674600959,0.95,0.886443138,0.95,0.920994818,5.73,6.428592682,5.73,6.583208084,5.73,6.397997856,5.73,6.258613586,0.95,0.924577832,0.95,0.874766707,0.95,1.151920319,0.95,1.039443254,4.02,3.929443598,4.02,3.816282034,4.02,3.975881338,4.02,3.960943699,0.95,1.019171834,0.95,0.901848376,0.95,0.954890966,0.95,0.926626921,0.87,0.955271363,0.87,0.936693072,0.87,0.890354633,0.87,0.840970755,8.39,8.291374207,8.39,8.596108437,8.39,8.128136635,8.39,8.409942627,0.7,0.936702847,0.7,0.88589704,0.7,0.588215053,0.7,0.70404011,8.02,8.083302498,8.02,8.194281578,8.02,8.186742783,8.02,8.318399429,0.94,0.950253129,0.94,0.907619357,0.94,0.888875484,0.94,0.85478431,8.4,8.81162262,8.4,8.865139008,8.4,8.550048828,8.4,8.69062233,3.95,4.565974236,3.95,4.226313591,3.95,4.470365524,3.95,4.234053135,0.95,0.817061663,0.95,0.927577376,0.95,1.038331747,0.95,0.875867844,1.42,1.710711479,1.42,1.680433631,1.42,1.714241982,1.42,1.728687525,6.15,5.749434948,6.15,5.515460491,6.15,6.086241722,6.15,5.933804035,0.7,0.873729706,0.7,0.541058421,0.7,0.917157531,0.7,1.260828972,8,7.729044914,8,7.763763428,8,7.535284996,8,8.005592346,0.6,0.802823544,0.6,0.650241733,0.6,0.902665019,0.6,1.283792257,2.12,1.93629849,2.12,1.819979548,2.12,2.237279177,2.12,2.211559772,0.84,0.911160946,0.84,1.134146571,0.84,1.054010153,0.84,0.892450213,6.06,5.978722572,6.06,5.869835854,6.06,6.330194473,6.06,6.241753578,0.69,0.679170847,0.69,0.818548083,0.69,0.639676332,0.69,0.714521468,0.95,0.988810182,0.95,0.915120244,0.95,0.978813767,0.95,0.958576381,0.6,0.624303699,0.6,0.709343195,0.6,0.616587818,0.6,0.518979728,3.75,4.138076782,3.75,3.237768412,3.75,3.738932133,3.75,3.989646912,1.49,1.732091546,1.49,1.714719892,1.49,1.879259825,1.49,1.655215979,3.2,3.302448273,3.2,3.260550261,3.2,3.800892115,3.2,3.614718914,0.93,1.045812845,0.93,1.396746039,0.93,1.205918312,0.93,1.126705289,6.26,6.361036301,6.26,6.271994591,6.26,6.44819355,6.26,6.462760925,3.37,3.411777258,3.37,3.040242434,3.37,3.431499481,3.37,3.326309204,5.98,6.033287048,5.98,5.613761902,5.98,5.879624367,5.98,6.106783867,0.67,0.666129112,0.67,0.637919307,0.67,0.776959658,0.67,0.698273599,0.95,0.991046548,0.95,0.916026473,0.95,0.904859781,0.95,0.925566018,5.73,6.170772552,5.73,6.025693417,5.73,6.242316246,5.73,6.202210426,0.95,0.935933828,0.95,0.743023992,0.95,0.954686642,0.95,0.89681381,5.73,6.153244495,5.73,6.01301527,5.73,6.219679832,5.73,6.168532848,8.71,8.692912102,8.71,8.542653084,8.71,8.654418945,8.71,8.732750893,4.36,5.526836395,4.36,5.392178535,4.36,5.574728966,4.36,5.292031288,0.95,0.98451066,0.95,1.041513562,0.95,0.89577055,0.95,0.981812656,4.38,4.526999474,4.38,4.453891754,4.38,4.478922844,4.38,4.581868649,8.39,8.122803688,8.39,8.119298935,8.39,8.269962311,8.39,8.409921646,2.79,2.964424849,2.79,2.792866468,2.79,2.917330503,2.79,2.929250002,2.12,1.907826066,2.12,2.118875265,2.12,2.293473721,2.12,2.243924379,0.64,0.544261217,0.64,0.766774058,0.64,0.834429264,0.64,0.589564443,6.15,5.689033508,6.15,5.306153774,6.15,5.816946983,6.15,5.631336689,4.75,4.605064392,4.75,4.273094177,4.75,4.658212662,4.75,5.364262581,6.15,5.603777409,6.15,5.314209461,6.15,5.808487892,6.15,5.624386787,3.37,3.389527082,3.37,3.367680788,3.37,3.256730795,3.37,3.470010281,3.18,2.937723875,3.18,3.172784805,3.18,3.037440062,3.18,3.060117006,3.6,3.530592442,3.6,3.283507347,3.6,3.48511529,3.6,3.974917889,4.35,3.80618453,4.35,4.57232666,4.35,4.386172295,4.35,4.219902992
0.84,1.032141328,0.84,1.216921687,0.84,0.842280865,0.84,0.641226947,1.3,2.588155031,1.3,3.28107214,1.3,2.319054842,1.3,2.404944897,4.1,4.100250721,4.1,4.832769394,4.1,4.720570564,4.1,5.422411919,7.1,5.360024452,7.1,6.501606941,7.1,5.557563782,7.1,6.830940247,0.6,-0.540602207,0.6,0.579139709,0.6,0.622835517,0.6,0.884578824,4.68,4.642900467,4.68,4.520563126,4.68,5.595525742,4.68,5.423144341,6.64,5.588920116,6.64,5.383331299,6.64,6.141178131,6.64,5.660767078,0.76,0.80370903,0.76,0.641967356,0.76,0.530737877,0.76,1.176544905,1.05,1.220265031,1.05,1.007081628,1.05,1.271747351,1.05,1.002718687,0.95,0.900679111,0.95,1.058120608,0.95,0.942912698,0.95,1.020575523,9.45,6.933509827,9.45,6.610170364,9.45,7.346628189,9.45,6.504693985,5.1,6.246154785,5.1,5.621992588,5.1,5.314113617,5.1,5.057236671,6.06,6.451969147,6.06,6.657987595,6.06,6.906327248,6.06,6.906890869,0.95,1.013239384,0.95,0.78196013,0.95,1.001140356,0.95,0.934503138,6.47,5.418374062,6.47,5.464231491,6.47,6.218753815,6.47,5.44359684,1.04,0.8178339,1.04,0.829551816,1.04,1.002565742,1.04,0.684725285,5.73,6.812924385,5.73,6.183610916,5.73,7.006866455,5.73,6.879154205,2.93,3.595644236,2.93,3.354233742,2.93,3.639304876,2.93,4.367790222,0.69,0.907279491,0.69,0.593582511,0.69,0.836847782,0.69,0.931346714,7.1,5.080352306,7.1,5.397262096,7.1,5.534527779,7.1,5.485268593,0.94,0.956457734,0.94,0.870019794,0.94,0.882624865,0.94,0.955890119,0.95,1.087913275,0.95,0.890611529,0.95,0.889033675,0.95,0.895209312,4.88,5.293688774,4.88,5.191054344,4.88,5.625384331,4.88,5.12719202,3.62,3.384274244,3.62,2.835827112,3.62,3.10127902,3.62,2.818943024,3.75,4.093004704,3.75,3.825106859,3.75,4.37532711,3.75,4.146278858,8.39,8.544864655,8.39,8.111718178,8.39,8.562607765,8.39,8.342773438,0.8,0.802968264,0.8,0.468880147,0.8,0.913614333,0.8,0.90620023,4.7,5.366327763,4.7,5.436182022,4.7,5.701196671,4.7,5.090578079,0.84,0.798176408,0.84,0.759693027,0.84,0.826233149,0.84,0.834960341,0.95,1.101403236,0.95,0.78424418,0.95,1.046258926,0.95,1.02451539,2.16,2.378564358,2.16,2.333969116,2.16,2.039255619,2.16,2.188851833,0.95,0.992286205,0.95,0.893947423,0.95,0.918702543,0.95,0.916503847,3.37,3.600824594,3.37,3.727592707,3.37,3.623160839,3.37,3.636817694,6.1,6.202459812,6.1,6.15266037,6.1,6.414867401,6.1,6.379414082,7.62,6.717572689,7.62,6.659362316,7.62,6.685835838,7.62,7.067658424,0.86,1.37030983,0.86,0.95450592,0.86,0.905126333,0.86,1.249515057,4.75,4.56845665,4.75,4.883854866,4.75,4.798563957,4.75,5.173812866,2.93,3.201989889,2.93,3.228295088,2.93,3.064219236,2.93,3.734407902,3.64,3.943502903,3.64,3.402859926,3.64,3.807820797,3.64,4.05140686,6.47,6.022639751,6.47,5.771254539,6.47,5.89888382,6.47,5.906619549,0.7,0.762508392,0.7,0.556700706,0.7,1.120962977,0.7,0.809659779,0.95,0.952499747,0.95,0.89398253,0.95,1.036594391,0.95,1.0145123,1.49,1.626988411,1.49,1.632463098,1.49,1.820928812,1.49,1.649272442,5.27,5.582591057,5.27,5.564378738,5.27,5.705212593,5.27,5.553910255,4.85,4.678446293,4.85,4.782138824,4.85,4.715672493,4.85,4.427122593,0.95,0.92376256,0.95,1.041146517,0.95,1.033016443,0.95,0.977728128,6.64,6.555609226,6.64,6.360446453,6.64,6.430717468,6.64,6.353007793,5,5.974974632,5,5.954563141,5,6.168409348,5,6.220396996,9.45,9.135467529,9.45,9.287190437,9.45,9.122359276,9.45,8.822734833,0.95,0.973973989,0.95,0.843345284,0.95,1.026370168,0.95,0.946573377,4.39,4.633869171,4.39,4.380799294,4.39,4.47755146,4.39,4.561514854,3.12,2.495495796,3.12,2.398385525,3.12,2.805412054,3.12,2.630923748,6.64,6.547225952,6.64,6.303040981,6.64,6.574720383,6.64,6.465375423,6.8,7.06641531,6.8,7.275877953,6.8,7.061547279,6.8,6.953817844,0.75,0.718181133,0.75,0.630194068,0.75,0.890395164,0.75,0.771101236,0.95,0.923141122,0.95,0.776423097,0.95,0.956575394,0.95,0.918682814,0.87,0.969244719,0.87,0.946939349,0.87,0.884141684,0.87,0.846614122,0.88,1.008653641,0.88,1.080810905,0.88,1.173644662,0.88,0.938502133,0.84,0.974754333,0.84,0.652800679,0.84,0.988589704,0.84,0.811667025,2.12,1.902871966,2.12,2.107036829,2.12,2.231621027,2.12,2.259894848,3.04,2.845762968,3.04,2.608984232,3.04,2.855046511,3.04,3.130983829,2.62,2.388444185,2.62,2.340814352,2.62,2.452004671,2.62,2.902653694,4.31,4.497436047,4.31,4.521960258,4.31,4.482688904,4.31,4.533338547,6.26,6.588387966,6.26,6.53960371,6.26,6.541124344,6.26,6.457089901,3.6,3.680147171,3.6,3.34974432,3.6,3.544195652,3.6,3.966501951,0.95,0.814309597,0.95,0.894550145,0.95,0.968602717,0.95,0.93363446,2.16,2.315681934,2.16,2.160212517,2.16,2.321654558,2.16,2.220310926,0.95,1.023543954,0.95,1.047728419,0.95,1.070253372,0.95,1.045583487,0.84,0.911160946,0.84,1.134146571,0.84,1.054010153,0.84,0.892450213,1.04,1.254315376,1.04,0.881110072,1.04,1.163178802,1.04,1.157757282,0.94,0.926665545,0.94,0.971424937,0.94,0.859730482,0.94,0.860205114,0.95,1.03184247,0.95,0.818723202,0.95,1.040073156,0.95,1.078238249,0.8,0.792927027,0.8,0.560569167,0.8,0.836341679,0.8,1.090682507,5.98,5.906377792,5.98,5.535868645,5.98,5.877797127,5.98,6.15914917,4.36,5.434997559,4.36,5.327887535,4.36,5.654456139,4.36,5.306838036,0.95,1.006268024,0.95,0.936358809,0.95,0.9591012,0.95,0.950104058,4.32,4.512891293,4.32,4.487857819,4.32,4.493993759,4.32,4.555321217,0.95,0.729403734,0.95,0.900405526,0.95,1.123823404,0.95,0.937218487,2.79,2.946781874,2.79,2.677783728,2.79,3.003984451,2.79,2.810547352,6.15,5.805230141,6.15,5.282758713,6.15,5.896746635,6.15,5.871014595,0.68,0.938563108,0.68,0.789806008,0.68,1.083699584,0.68,1.092721224,0.95,1.10440135,0.95,0.892375588,0.95,1.121319175,0.95,0.986729681,0.8,0.897671938,0.8,0.738572717,0.8,1.038424134,0.8,0.999872148,0.95,1.153322935,0.95,0.929400802,0.95,0.98271656,0.95,1.026252508,0.6,1.016178608,0.6,0.858986497,0.6,1.16296804,0.6,1.096127987,7.1,7.022968769,7.1,6.860493183,7.1,7.291872978,7.1,7.058185577,0.75,0.539570332,0.75,0.479828686,0.75,0.650740385,0.75,0.70984441,3.2,3.193464994,3.2,3.317374945,3.2,3.834954262,3.2,3.482967854,7.62,7.720504284,7.62,7.551615715,7.62,7.852786064,7.62,8.240704536,0.95,0.993977666,0.95,0.668357968,0.95,1.096143842,0.95,1.021656036,6.06,6.693918228,6.06,6.42549181,6.06,6.457342148,6.06,6.35096693,8.4,8.325195313,8.4,8.273470879,8.4,8.575510025,8.4,8.67876339,0.86,0.741498947,0.86,0.535651088,0.86,0.90164113,0.86,0.707551241,2.8,3.586061954,2.8,3.553372622,2.8,3.598276854,2.8,3.53654933,0.6,0.691092968,0.6,0.841125965,0.6,0.792946517,0.6,0.625222385,0.95,0.947127819,0.95,0.886998057,0.95,0.961140871,0.95,0.965657175,0.7,0.834270954,0.7,0.94293344,0.7,0.907437503,0.7,0.723856151,0.95,0.947990894,0.95,0.834946811,0.95,1.033036947,0.95,1.008272648,4.88,5.062616825,4.88,4.953089237,4.88,4.826075554,4.88,4.656140804,0.95,1.147750258,0.95,1.034759164,0.95,0.969889402,0.95,0.85510546
0.64,0.106400937,0.64,0.220121235,0.64,1.076964259,0.64,0.819954991,0.95,1.337417483,0.95,0.889148891,0.95,0.760692418,0.95,0.747417688,6.06,5.677108765,6.06,6.015427113,6.06,6.84885788,6.06,6.156347275,3.62,3.458645105,3.62,4.00993681,3.62,4.085416794,3.62,4.231459141,3.04,2.617337942,3.04,3.282691002,3.04,3.113637924,3.04,2.988901615,2.93,2.53080821,2.93,3.628759861,2.93,3.527771711,2.93,2.801344633,6.47,6.023115635,6.47,6.339266777,6.47,6.759200096,6.47,6.938191414,9.7,6.522033215,9.7,6.867156506,9.7,7.582877159,9.7,8.210785866,0.8,0.87981379,0.8,0.929257035,0.8,0.741663575,0.8,0.820725203,7.94,5.826349258,7.94,5.213258266,7.94,5.309391975,7.94,4.944868565,4.85,4.560949326,4.85,4.464459896,4.85,4.446831703,4.85,4.378211021,0.95,0.624996662,0.95,0.818553448,0.95,1.116663694,0.95,0.82275188,3.04,3.362606764,3.04,3.188187361,3.04,2.898818254,3.04,2.802516937,0.95,0.792467356,0.95,0.570461094,0.95,0.797387481,0.95,0.833907545,3.64,4.021916389,3.64,3.757889509,3.64,3.706923008,3.64,3.435631037,4.35,3.897229433,4.35,4.32489109,4.35,3.530846596,4.35,3.914737701,2.16,2.193843603,2.16,1.914514899,2.16,1.925464392,2.16,1.971470594,0.9,0.792637587,0.9,1.316192269,0.9,0.910104275,0.9,1.490499258,0.68,0.603608489,0.68,0.560183406,0.68,0.865305066,0.68,0.566643655,8.6,8.75169754,8.6,7.949810028,8.6,8.555179596,8.6,8.457519531,1.05,1.202850938,1.05,0.834762931,1.05,1.063005686,1.05,0.878939152,7.39,7.557048798,7.39,7.577782631,7.39,7.234181404,7.39,7.598638535,0.68,0.600008011,0.68,0.572973847,0.68,0.87560755,0.68,0.68544066,4.8,4.746528149,4.8,5.354194641,4.8,5.547423363,4.8,5.472743988,0.93,0.929261208,0.93,1.196081042,0.93,0.985801935,0.93,1.032668352,0.95,0.828837395,0.95,0.8076123,0.95,1.070745587,0.95,0.898449063,6.15,5.823124886,6.15,6.335884094,6.15,6.58487606,6.15,6.722518444,0.95,1.275758386,0.95,1.05563271,0.95,0.985124111,0.95,0.924055099,4.02,4.014080048,4.02,3.906047583,4.02,4.366234779,4.02,4.041528225,3.2,4.65435791,3.2,4.189271927,3.2,4.785102844,3.2,4.899244308,0.68,0.838992953,0.68,0.313005358,0.68,0.724215984,0.68,0.84816277,7.44,8.030235291,7.44,8.011633873,7.44,8.361721992,7.44,8.542935371,3.95,3.893211126,3.95,4.277493954,3.95,3.889620781,3.95,3.941394329,8.71,7.554377556,8.71,7.720520973,8.71,7.769964218,8.71,7.814171791,2.16,2.18690443,2.16,2.251060009,2.16,2.147012711,2.16,2.248675585,0.95,0.92291522,0.95,1.107690692,0.95,0.934015512,0.95,1.027184844,1.42,1.453871369,1.42,1.446547031,1.42,1.383737564,1.42,1.579199314,9.7,8.734548569,9.7,8.921046257,9.7,9.474401474,9.7,9.156078339,0.69,0.529835939,0.69,0.652745366,0.69,0.63872683,0.69,0.790504932,0.95,0.92149508,0.95,0.857660174,0.95,0.94026804,0.95,1.015725732,0.87,0.930166006,0.87,0.929055095,0.87,0.88978982,0.87,0.803858638,0.95,1.088452101,0.95,0.926517367,0.95,1.074446559,0.95,0.93353349,3.04,3.072599888,3.04,2.416171789,3.04,2.968536139,3.04,2.841895103,0.95,1.006569147,0.95,0.879970431,0.95,1.040283322,0.95,1.056774139,4.31,4.701350212,4.31,4.412944794,4.31,4.474414825,4.31,4.569739342,6.06,6.332087517,6.06,6.293846607,6.06,6.261106491,6.06,6.151818275,0.85,0.740766525,0.85,0.659933805,0.85,1.085616589,0.85,0.885716856,0.95,0.956446409,0.95,0.824738383,0.95,0.953511238,0.95,1.012479782,1.49,1.697443485,1.49,1.651034474,1.49,1.842859983,1.49,1.639897585,9.7,9.349831581,9.7,8.984222412,9.7,9.303359032,9.7,9.556736946,0.87,0.945970178,0.87,0.931321979,0.87,0.906021833,0.87,0.830025077,0.95,0.920485973,0.95,0.843144953,0.95,0.959464073,0.95,0.926387429,0.7,0.825299442,0.7,0.813966393,0.7,0.60841012,0.7,0.766723454,0.95,0.984353185,0.95,0.919954181,0.95,1.020327687,0.95,0.930541635,1.63,1.836121798,1.63,1.732657075,1.63,1.870772243,1.63,1.694872379,8.4,8.960539818,8.4,8.730939865,8.4,8.633658409,8.4,8.779952049,0.93,1.038019657,0.93,1.153295159,0.93,1.063925743,0.93,1.067418098,0.95,1.063515425,0.95,0.724504828,0.95,0.918506384,0.95,0.919537902,7.62,6.476259708,7.62,6.486924171,7.62,6.429739952,7.62,6.395084381,5.98,5.776794434,5.98,5.763920307,5.98,6.026170731,5.98,6.332648754,7.62,8.070148468,7.62,7.505132675,7.62,7.999461174,7.62,8.21602726,5.27,5.739667892,5.27,5.540420532,5.27,6.096165657,5.27,5.904443741,0.69,0.6100564,0.69,0.934866309,0.69,0.680457115,0.69,0.770382106,1.1,0.564438105,1.1,0.711558223,1.1,0.750917494,1.1,0.966794908,0.64,0.460463256,0.64,0.49153313,0.64,0.611150026,0.64,0.521677554,0.95,0.981092811,0.95,0.937574744,0.95,0.957434297,0.95,0.922158778,7.62,7.917344093,7.62,7.558280945,7.62,7.88556385,7.62,8.553079605,7.89,7.562294006,7.89,8.012604713,7.89,7.785833359,7.89,7.750435352,0.84,0.97432971,0.84,0.753692031,0.84,1.021159649,0.84,0.833913326,5.27,4.13252306,5.27,4.134626389,5.27,4.436698914,5.27,4.349663734,7.62,6.199626923,7.62,6.335662842,7.62,6.489162445,7.62,6.664999962,0.95,1.012112021,0.95,0.915447474,0.95,0.965433836,0.95,0.92585516,0.56,0.801386833,0.56,0.845735431,0.56,0.812022805,0.56,0.695591867,3.12,3.721490383,3.12,2.867949724,3.12,3.252366781,3.12,3.46219492,6.48,6.216110229,6.48,6.041644096,6.48,6.185814857,6.48,6.714813232,0.95,0.99107933,0.95,0.942869663,0.95,0.903671265,0.95,0.949895322,0.7,0.711192966,0.7,0.798192382,0.7,0.79263854,0.7,0.668414056,4.68,5.001419544,4.68,4.727115631,4.68,5.27918148,4.68,5.062064171,0.7,0.862576962,0.7,0.551068664,0.7,0.88813585,0.7,1.069595814,0.95,0.985598087,0.95,0.922796726,0.95,0.877923012,0.95,0.96633774,4.1,3.810583115,4.1,3.528798103,4.1,3.742939234,4.1,4.103832722,0.95,1.218179107,0.95,0.943406701,0.95,1.001189947,0.95,1.033857584,4.5,4.500732899,4.5,4.453074932,4.5,4.496263504,4.5,4.554132462,7.39,7.407731056,7.39,7.36020565,7.39,7.649483681,7.39,7.582722664,3.04,2.888102293,3.04,2.646164417,3.04,2.931084871,3.04,3.119845152,0.86,0.560701609,0.86,0.974813819,0.86,1.219576836,0.86,1.333899975,0.68,1.054986954,0.68,0.893578172,0.68,1.202601552,0.68,1.097831249,0.95,0.952295542,0.95,0.644807696,0.95,1.025249004,0.95,0.961143434,2.72,2.310353279,2.72,2.306663752,2.72,2.205827236,2.72,2.267684221,7.89,7.869997978,7.89,7.603143692,7.89,8.15921402,7.89,7.774197578,4.85,5.018725872,4.85,4.894322395,4.85,4.877523422,4.85,4.681472778,0.76,0.76327765,0.76,0.64922893,0.76,0.805995047,0.76,0.793611348,0.67,0.694563627,0.67,0.657187343,0.67,0.757173061,0.67,0.707253039,0.95,1.028612852,0.95,0.967588425,0.95,0.949868441,0.95,0.921953499,6.06,6.678454399,6.06,6.400052071,6.06,6.416975021,6.06,6.29148674,3.75,3.51541853,3.75,3.590586424,3.75,3.873520136,3.75,3.747103691,6.47,6.71534729,6.47,6.478783607,6.47,6.497408867,6.47,6.418519974,5.27,4.353828907,5.27,4.25472784,5.27,4.639036179,5.27,4.478212833,9.45,9.535435677,9.45,9.073997498,9.45,9.805514336,9.45,9.985183716,8.71,8.802398682,8.71,9.408103943,8.71,9.149198532,8.71,9.307783127
4.88,4.691099644,4.88,5.06345892,4.88,6.019126892,4.88,5.890553951,2.71,4.912072182,2.71,5.168057442,2.71,4.501860619,2.71,4.74828577,0.77,-0.713030934,0.77,0.716879964,0.77,0.732234478,0.77,0.567795217,3.62,4.425696373,3.62,3.715859413,3.62,4.338007927,3.62,4.009277821,3.04,2.617337942,3.04,3.282691002,3.04,3.113637924,3.04,2.988901615,0.82,1.489234686,0.82,1.01467073,0.82,1.676424861,0.82,1.422406912,4.43,4.315117836,4.43,4.356389523,4.43,4.488101959,4.43,4.398033142,0.95,0.941650152,0.95,0.871186137,0.95,1.025738239,0.95,0.941493094,0.8,0.87981379,0.8,0.929257035,0.8,0.741663575,0.8,0.820725203,7.1,5.603606224,7.1,5.304344177,7.1,6.363718987,7.1,6.76823473,0.56,0.203998774,0.56,0.517591953,0.56,0.79963243,0.56,0.630019903,0.95,0.713883102,0.95,1.225116611,0.95,0.959373653,0.95,0.932771444,0.81,0.975267351,0.81,0.912463069,0.81,0.959707975,0.81,0.949565113,0.95,0.895319819,0.95,0.804851413,0.95,0.930805326,0.95,0.785814643,0.73,1.774852753,0.73,1.468011737,0.73,1.667641401,0.73,1.351994753,0.82,0.807788491,0.82,0.965883017,0.82,0.92629838,0.82,1.084985852,3.04,3.264753103,3.04,3.043926001,3.04,2.912472725,3.04,2.867609501,0.95,0.857604384,0.95,0.855967641,0.95,1.096364975,0.95,0.892413497,0.7,0.80599463,0.7,0.623992562,0.7,0.816023946,0.7,0.630887985,0.95,1.065883994,0.95,0.865196943,0.95,1.103773117,0.95,1.02947855,0.75,0.724095941,0.75,0.508752227,0.75,0.500347376,0.75,0.695046663,6.15,5.999802113,6.15,5.964387894,6.15,6.583877563,6.15,6.277190208,6.47,5.241116524,6.47,5.743793488,6.47,5.470846176,6.47,5.831427574,0.95,0.951235652,0.95,0.85495162,0.95,1.05547142,0.95,0.925857246,4.31,4.600888252,4.31,4.523888588,4.31,4.476320267,4.31,4.685982704,6.15,5.998415947,6.15,5.686802864,6.15,6.373416901,6.15,6.274096012,3.75,4.002685547,3.75,3.839638472,3.75,4.513801575,3.75,4.071874619,6.47,5.367937088,6.47,5.279358864,6.47,5.872075081,6.47,5.730028629,0.86,0.883407593,0.86,0.45271036,0.86,1.003093243,0.86,0.657004058,0.95,1.117896318,0.95,0.93080008,0.95,0.998628378,0.95,0.966861427,3.75,4.007305622,3.75,3.959490538,3.75,4.198148727,3.75,4.000166893,0.95,1.053549528,0.95,0.89089191,0.95,0.988659859,0.95,0.94856751,0.67,0.760002613,0.67,0.665127635,0.67,0.638465405,0.67,0.758124471,6.47,5.718698502,6.47,5.597297192,6.47,5.804653168,6.47,6.148762226,0.56,0.551043749,0.56,0.670175076,0.56,0.739829063,0.56,0.594215333,6.15,6.058513165,6.15,5.82327795,6.15,5.972162247,6.15,6.243388176,0.8,0.874891996,0.8,0.41293481,0.8,0.700303137,0.8,0.854256272,0.6,0.804869115,0.6,0.856186807,0.6,0.968964398,0.6,0.961620033,2.72,2.159509659,2.72,2.218286514,2.72,2.25191474,2.72,2.14978385,3.37,3.173604012,3.37,3.035121441,3.37,3.275468826,3.37,3.255457401,3.64,3.851040602,3.64,3.332448959,3.64,3.829515934,3.64,4.067097664,3.18,3.166671276,3.18,3.258008242,3.18,3.270892382,3.18,3.441108704,1.49,1.626988411,1.49,1.632463098,1.49,1.820928812,1.49,1.649272442,0.95,1.02276814,0.95,0.934247971,0.95,1.007974744,0.95,0.931116104,0.7,0.743749619,0.7,0.622218847,0.7,1.12487185,0.7,0.837370813,6.26,6.574408054,6.26,6.802996159,6.26,6.625101089,6.26,6.458425522,3.64,3.851805925,3.64,3.357311964,3.64,3.946983814,3.64,4.079084873,7.1,5.441560745,7.1,5.771471024,7.1,5.57971096,7.1,6.038887024,0.86,0.93188858,0.86,0.437508911,0.86,0.951702595,0.86,0.619741976,7.89,7.92263937,7.89,7.622840405,7.89,7.902146339,7.89,8.051856041,0.93,1.029764175,0.93,1.192812324,0.93,1.030129552,0.93,1.05282402,0.95,0.884258211,0.95,0.88515389,0.95,1.048575997,0.95,0.965961218,4.42,4.645151615,4.42,4.458065033,4.42,4.479857445,4.42,4.571802139,7.89,7.837323189,7.89,7.732790947,7.89,7.905014992,7.89,7.937419891,4.85,4.859249592,4.85,4.676898003,4.85,4.793463707,4.85,4.518675327,0.95,1.04824388,0.95,0.871208787,0.95,1.096679568,0.95,0.958904386,4.02,3.875974417,4.02,3.808234453,4.02,3.96236968,4.02,4.006685257,6.12,5.927810669,6.12,5.715435028,6.12,5.800110817,6.12,6.124426842,2.16,2.286454678,2.16,2.198282957,2.16,2.26635313,2.16,2.300422907,3.64,3.470221758,3.64,3.197869301,3.64,3.37708497,3.64,3.29151535,0.8,0.633025169,0.8,0.805562258,0.8,0.845616221,0.8,1.266722679,3.12,2.642300367,3.12,2.314828634,3.12,2.763096333,3.12,2.633520365,0.67,0.697494507,0.67,0.938805938,0.67,0.946858883,0.67,0.745743275,7.89,7.612966061,7.89,8.144866943,7.89,7.812446594,7.89,7.779455662,0.69,0.597596884,0.69,1.004991412,0.69,0.665675879,0.69,0.749610484,6.8,6.877559662,6.8,7.083945274,6.8,7.005338669,6.8,6.853153706,0.94,1.020620346,0.94,0.949535251,0.94,0.867280245,0.94,0.87770021,0.95,1.011397958,0.95,1.017048717,0.95,1.07671845,0.95,1.039057493,4.43,4.39158392,4.43,4.446985245,4.43,4.482040405,4.43,4.486026287,5.98,5.901620388,5.98,5.591362953,5.98,5.9071064,5.98,6.204324245,2.79,2.903232336,2.79,2.733113527,2.79,3.097375631,2.79,2.767433405,8.4,8.519608498,8.4,8.770417213,8.4,8.429846764,8.4,8.576901436,1.88,1.904467821,1.88,1.837293506,1.88,2.029421329,1.88,1.795747519,5.27,5.825201035,5.27,5.456699848,5.27,6.045645714,5.27,6.099348068,0.86,0.892457008,0.86,0.440125793,0.86,0.990585923,0.86,0.664814293,5.1,4.360608101,5.1,4.211022854,5.1,4.843626976,5.1,4.709490776,0.56,0.748084068,0.56,0.832711101,0.56,0.833353639,0.56,0.70520848,6.06,6.014408112,6.06,5.769995689,6.06,6.214010239,6.06,6.192480087,0.77,0.743148088,0.77,0.991567016,0.77,0.883235574,0.77,0.915362775,0.95,1.212135911,0.95,0.673017442,0.95,0.964277565,0.95,0.902887702,0.69,0.86316514,0.69,0.747314334,0.69,0.616723299,0.69,0.739076674,0.9,1.235928655,0.9,0.887768388,0.9,1.169126749,0.9,1.446231604,6.47,6.592980385,6.47,6.403208256,6.47,6.457582474,6.47,6.419797421,3.18,2.973142385,3.18,2.831938028,3.18,2.993761778,3.18,2.838989735,1.63,1.932614565,1.63,1.857861638,1.63,2.020126343,1.63,1.758366108,0.95,0.718736172,0.95,0.857097864,0.95,1.143421054,0.95,1.030659676,1.05,1.038833618,1.05,0.861153007,1.05,1.122759342,1.05,0.823899746,3.18,2.945785761,3.18,2.918121576,3.18,2.980027199,3.18,2.853654861,0.69,0.494913548,0.69,0.14369759,0.69,0.656855702,0.69,0.763363183,0.95,0.98667717,0.95,0.776896358,0.95,0.845663548,0.95,1.000406742,0.73,0.945656776,0.73,0.598261714,0.73,1.00182271,0.73,0.835742176,0.95,1.429034948,0.95,1.146484733,0.95,1.075792432,0.95,0.998883307,3.04,2.974592686,3.04,2.718898296,3.04,3.024691343,3.04,3.358387947,0.95,0.987800837,0.95,0.890368104,0.95,0.838693857,0.95,1.09715867,3.95,4.468463898,3.95,4.354375839,3.95,4.148387909,3.95,4.02180624,0.95,1.457579494,0.95,1.230967402,0.95,1.112438083,0.95,0.989648402,5.73,6.033583641,5.73,6.030342102,5.73,6.075350761,5.73,6.103430748,0.76,0.818961501,0.76,0.685216784,0.76,0.853196979,0.76,0.857144594,2.79,3.001283884,2.79,2.999462366,2.79,2.882633924,2.79,3.036217928,0.86,1.05030179,0.86,1.336874366,0.86,1.422231555,0.86,1.494109154
1.42,1.381034374,1.42,1.353179097,1.42,1.303325415,1.42,0.640948594,4.7,6.436825752,4.7,6.506694794,4.7,7.209367752,4.7,6.270989895,3.6,2.788071394,3.6,3.792401552,3.6,3.387071133,3.6,3.33788538,0.95,1.082310081,0.95,0.61396116,0.95,0.644155383,0.95,0.697006524,0.84,1.017047048,0.84,0.863461614,0.84,1.177006483,0.84,0.883710921,8.6,2.479239464,8.6,1.948680043,8.6,1.981635332,8.6,2.377284288,4.4,4.224533081,4.4,4.319173813,4.4,4.478262901,4.4,4.267555714,0.95,0.265201181,0.95,0.465176433,0.95,0.789840698,0.95,0.778226376,0.73,1.617553353,0.73,1.855716825,0.73,1.52431941,0.73,1.752039671,0.95,0.91376698,0.95,0.934499621,0.95,0.950988829,0.95,0.931495428,0.56,0.203998774,0.56,0.517591953,0.56,0.79963243,0.56,0.630019903,5,6.697024345,5,6.077950954,5,7.213840485,5,7.017429352,3.6,3.446470022,3.6,3.271872759,3.6,3.216157675,3.6,2.79287076,3.12,3.048027515,3.12,3.043994665,3.12,3.163275957,3.12,2.851477385,0.64,0.685438037,0.64,0.238732189,0.64,0.382463932,0.64,0.454123318,0.95,1.099037528,0.95,0.965872645,0.95,0.963156879,0.95,1.030049324,4.43,4.403048515,4.43,4.312947273,4.43,4.467093468,4.43,4.506506443,0.95,1.042267561,0.95,0.746003628,0.95,0.995352507,0.95,0.929657042,0.75,0.697542071,0.75,0.519985557,0.75,0.511632204,0.75,0.68918407,7.89,7.576436043,7.89,7.529378891,7.89,7.131432533,7.89,7.342933655,0.93,0.980077863,0.93,1.099864602,0.93,1.004957676,0.93,1.05382514,6.5,6.153490543,6.5,5.921304703,6.5,6.108603477,6.5,6.90099144,2.72,2.366423845,2.72,2.196756601,2.72,2.27536273,2.72,2.414099216,0.95,0.937453389,0.95,1.020433307,0.95,0.930559993,0.95,1.023455858,9.45,7.571116924,9.45,7.434250355,9.45,8.21087265,9.45,8.265964508,0.82,2.158037901,0.82,1.648917317,0.82,1.55080843,0.82,1.368433237,1.93,1.952091098,1.93,2.290078163,1.93,2.548130274,1.93,2.060247421,6.15,5.935522556,6.15,5.637560844,6.15,6.352010727,6.15,6.286921501,2.72,2.439390898,2.72,2.48951292,2.72,2.110205412,2.72,2.253577232,0.95,0.986543536,0.95,1.098916888,0.95,0.943461418,0.95,1.021589279,0.56,0.569017887,0.56,0.666987419,0.56,0.770682931,0.56,0.618560135,0.95,1.062943459,0.95,0.890358806,0.95,0.987588167,0.95,0.949240029,4.43,4.435582638,4.43,4.468670368,4.43,4.462842941,4.43,4.632055759,7.89,7.358867168,7.89,7.740638733,7.89,8.281427383,7.89,8.396356583,4.01,4.181013107,4.01,4.45824337,4.01,4.406010628,4.01,4.835957527,0.95,1.071850061,0.95,0.772212625,0.95,1.099741697,0.95,1.03351891,1.88,1.676579952,1.88,1.83737576,1.88,1.857123137,1.88,1.765039444,9.7,8.734548569,9.7,8.921046257,9.7,9.474401474,9.7,9.156078339,3.95,4.041326046,3.95,4.297634125,3.95,4.074853897,3.95,3.859203339,0.82,0.771910906,0.82,0.699474812,0.82,0.754269421,0.82,0.794198811,7.62,8.055873871,7.62,7.920218468,7.62,7.991319656,7.62,7.970138073,0.95,0.953029513,0.95,0.815585017,0.95,0.948964238,0.95,1.012608051,4.36,5.341897488,4.36,5.438961029,4.36,5.09714222,4.36,5.086802006,4.8,5.349777699,4.8,5.467567444,4.8,5.469547272,4.8,5.991176128,4.36,5.371131897,4.36,5.411617279,4.36,5.188796997,4.36,5.084562778,7.39,7.832891464,7.39,7.809365273,7.39,7.247501373,7.39,7.655725956,0.8,0.752183437,0.8,0.551947474,0.8,0.903417945,0.8,0.859491527,6.15,5.875123978,6.15,5.96516943,6.15,6.085601807,6.15,5.816960335,0.7,0.719581008,0.7,0.747291565,0.7,0.648159385,0.7,0.717561185,0.95,0.927447677,0.95,1.013241768,0.95,0.945823789,0.95,1.019976616,6.47,6.236518383,6.47,6.257086754,6.47,6.61107254,6.47,6.102918148,4.35,4.303018093,4.35,4.534053802,4.35,4.344829559,4.35,4.246084213,0.85,0.796071529,0.85,0.782993436,0.85,0.978090703,0.85,1.034891605,0.95,0.925175428,0.95,0.83813417,0.95,0.961107492,0.95,0.93079412,2.79,2.748604059,2.79,2.626276731,2.79,2.851405382,2.79,2.555541754,0.93,0.320989281,0.93,0.642214656,0.93,0.806902051,0.93,0.417283118,0.7,0.817198038,0.7,0.864876866,0.7,0.950471401,0.7,1.140683651,0.95,0.97235775,0.95,0.963865161,0.95,0.9395684,0.95,1.068632603,0.84,0.905219913,0.84,0.919310451,0.84,1.057845354,0.84,0.858517885,0.95,1.064166546,0.95,0.667084098,0.95,0.869668007,0.95,0.919841349,2.79,2.824745178,2.79,2.717354298,2.79,2.982552528,2.79,2.748054028,6.47,5.927457809,6.47,5.886666775,6.47,6.35122776,6.47,6.107399464,0.67,0.697494507,0.67,0.938805938,0.67,0.946858883,0.67,0.745743275,0.6,0.901140332,0.6,0.845424175,0.6,0.820981562,0.6,0.923245013,1.63,2.000005007,1.63,1.771801353,1.63,1.97300005,1.63,1.765475273,8.02,7.954764366,8.02,8.532989502,8.02,8.11545372,8.02,8.226193428,1.05,1.034837961,1.05,1.23471725,1.05,1.137188435,1.05,0.974290848,0.97,0.866309762,0.97,0.914100766,0.97,1.344397306,0.97,1.261493683,2.72,2.389298677,2.72,2.262023211,2.72,2.464872837,2.72,2.318944693,0.95,1.027224183,0.95,0.823779464,0.95,1.068813086,0.95,1.082741976,0.94,0.926665545,0.94,0.971424937,0.94,0.859730482,0.94,0.860205114,8.39,8.303801537,8.39,8.416493416,8.39,8.322369576,8.39,8.358787537,4.1,3.946902037,4.1,3.539941788,4.1,3.785232782,4.1,4.077607632,6.1,6.072141647,6.1,6.064488411,6.1,6.505389214,6.1,5.930242062,6.64,6.37567997,6.64,6.211256027,6.64,6.37157917,6.64,6.890947819,0.95,1.091795921,0.95,0.84391892,0.95,1.060353279,0.95,1.076896906,0.56,0.748084068,0.56,0.832711101,0.56,0.833353639,0.56,0.70520848,6.47,5.983251572,6.47,5.703957558,6.47,6.172836304,6.47,6.15473175,4.52,4.364242077,4.52,4.384520531,4.52,4.488051414,4.52,4.480396748,0.95,0.950098217,0.95,0.761889815,0.95,1.002493382,0.95,1.006375551,4.31,4.488606453,4.31,4.4544034,4.31,4.495731354,4.31,4.546189308,0.95,0.93710351,0.95,0.77357769,0.95,0.954291344,0.95,0.914565444,1.49,1.745153189,1.49,1.721528172,1.49,1.864919662,1.49,1.62293911,0.95,1.110078573,0.95,0.96143949,0.95,1.040255547,0.95,0.951333821,1.42,1.50703156,1.42,1.788905978,1.42,1.672355413,1.42,1.735585451,2.8,3.588434935,2.8,3.354486465,2.8,3.559089899,2.8,3.434570551,4.02,4.01105547,4.02,3.814676285,4.02,3.9138906,4.02,4.06614399,0.97,0.829624891,0.97,0.94410789,0.97,1.477352142,0.97,1.510557652,3.6,3.49518919,3.6,3.262007713,3.6,3.442165136,3.6,3.856714487,1.04,1.193000913,1.04,1.31297338,1.04,1.049428821,1.04,1.052135468,3.6,3.496982813,3.6,3.261258841,3.6,3.442776442,3.6,3.875098228,0.95,1.248159528,0.95,0.626694798,0.95,0.899674535,0.95,0.939473569,6.64,6.41489315,6.64,6.116552353,6.64,6.451916695,6.64,6.82043314,6.8,6.883905411,6.8,6.688885212,6.8,7.315265656,6.8,7.303433895,0.73,0.948662043,0.73,0.437659115,0.73,0.998553276,0.73,0.889245987,4.8,5.373844624,4.8,5.146372795,4.8,5.954694748,4.8,5.84530592,6.06,6.671061993,6.06,6.442201614,6.06,6.45716095,6.06,6.386426449,0.95,1.156099081,0.95,1.06711638,0.95,1.03415072,0.95,0.957404852,0.69,0.51649785,0.69,0.291727871,0.69,0.618231893,0.69,0.690419674,1.63,1.912843704,1.63,2.429223776,1.63,2.011009216,1.63,1.951341867
0.87,0.754481912,0.87,1.063734412,0.87,1.132399321,0.87,0.772468805,0.86,2.884738207,0.86,3.630330086,0.86,1.948459387,0.86,1.855433702,0.75,0.507365584,0.75,0.515942931,0.75,0.957735538,0.75,0.721732318,3.75,3.612152576,3.75,3.997773886,3.75,4.849458694,3.75,4.862782955,0.7,-0.346402436,0.7,0.654998541,0.7,0.617330432,0.7,0.881250322,4.8,5.246244431,4.8,5.583650112,4.8,5.714007378,4.8,5.407894135,4.32,4.356925488,4.32,4.357584953,4.32,4.492642403,4.32,4.444851875,6.5,4.827674866,6.5,5.880350113,6.5,5.633928299,6.5,5.385660172,4.1,4.71800375,4.1,5.207747936,4.1,5.203408241,4.1,4.756664276,0.95,1.01597631,0.95,1.038061976,0.95,1.118874311,0.95,0.951979816,4.43,4.542286873,4.43,4.377188683,4.43,4.479849815,4.43,4.44298315,2.71,2.264382124,2.71,3.299510479,2.71,2.963061094,2.71,3.206293583,0.81,0.975267351,0.81,0.912463069,0.81,0.959707975,0.81,0.949565113,0.95,0.524985433,0.95,0.66432941,0.95,1.000981569,0.95,0.821279883,0.6,0.623433113,0.6,0.424966961,0.6,0.737117231,0.6,0.63519752,3.12,2.773857594,3.12,3.015227795,3.12,3.25083065,3.12,2.801725864,0.59,0.55148983,0.59,0.862268627,0.59,0.768534303,0.59,0.976946533,0.95,0.916028976,0.95,0.955617785,0.95,0.93158865,0.95,1.026208997,0.69,0.907279491,0.69,0.593582511,0.69,0.836847782,0.69,0.931346714,6.12,5.41357851,6.12,5.739106655,6.12,5.764093399,6.12,6.113452911,4.36,5.076213837,4.36,4.969008446,4.36,5.121505737,4.36,4.86579895,0.9,0.717333674,0.9,1.424040794,0.9,0.947377264,0.9,1.494889975,0.7,0.838339448,0.7,0.736403346,0.7,0.853691936,0.7,0.632649839,5.1,4.801049232,5.1,4.456021309,5.1,5.427657127,5.1,4.950582504,0.6,0.60257411,0.6,0.604709983,0.6,0.796480536,0.6,0.587328076,4.7,5.367087841,4.7,5.702436447,4.7,6.029374123,4.7,4.947963715,6.64,6.231622696,6.64,5.642109394,6.64,6.390628815,6.64,6.380373478,1.88,1.803070068,1.88,1.718779325,1.88,1.902167559,1.88,1.868946075,6.15,5.855155468,6.15,6.185855865,6.15,6.797221184,6.15,6.50071907,0.95,1.236111641,0.95,0.914105058,0.95,1.199142933,0.95,0.997663379,0.81,0.864344835,0.81,0.865237117,0.81,0.841347456,0.81,0.887069464,0.95,1.079824805,0.95,0.770892739,0.95,1.054732323,0.95,1.025223494,0.73,0.868506789,0.73,0.807617068,0.73,0.901936531,0.73,0.916005492,3.37,3.2265203,3.37,2.997384071,3.37,3.22756362,3.37,3.671824455,0.64,0.596030474,0.64,0.830837607,0.64,0.724487066,0.64,0.353898823,0.97,0.852330923,0.97,1.11349237,0.97,1.393848181,0.97,1.110664606,0.87,0.927249551,0.87,0.984707713,0.87,0.927743196,0.87,0.80523622,7.89,7.850578308,7.89,7.730810165,7.89,7.751124382,7.89,8.147361755,5.73,6.560281277,5.73,6.821157932,5.73,6.23475647,5.73,6.649681568,5.98,6.204732418,5.98,6.202806473,5.98,6.319495201,5.98,6.337236404,0.84,0.97866416,0.84,0.804832578,0.84,0.96116519,0.84,0.791244209,0.95,0.958692074,0.95,0.883835971,0.95,1.080612779,0.95,0.967033684,0.7,0.750997543,0.7,0.587807417,0.7,1.145473123,0.7,0.810347795,6.06,6.41601181,6.06,6.224607944,6.06,6.225535393,6.06,6.170109749,4.52,4.437903881,4.52,4.331923485,4.52,4.464576721,4.52,4.468110561,3.64,3.549912214,3.64,3.330437899,3.64,3.721295595,3.64,3.688581944,4.85,4.673045158,4.85,4.723323345,4.85,4.741364479,4.85,4.409043789,0.76,0.866193533,0.76,0.607067466,0.76,0.692614555,0.76,0.839887321,1.63,1.740083575,1.63,1.690446138,1.63,1.87962532,1.63,1.6801157,0.95,0.962589025,0.95,0.956084132,0.95,0.943773389,0.95,0.921978056,3.6,3.664226055,3.6,3.136633158,3.6,3.532093525,3.6,3.685777426,7.1,6.895460129,7.1,7.041654587,7.1,6.940621376,7.1,6.963327408,0.69,0.525441408,0.69,0.56487453,0.69,0.698776245,0.69,0.538725436,2.71,2.641565561,2.71,2.789280891,2.71,2.767326355,2.71,2.825392246,6.47,6.284368515,6.47,6.213964939,6.47,6.557591438,6.47,6.122245312,0.95,0.920145392,0.95,0.886348128,0.95,1.133902669,0.95,1.034352541,9.45,9.148499489,9.45,9.267001152,9.45,9.224255562,9.45,8.926106453,0.76,0.8940804,0.76,0.607510924,0.76,0.634640694,0.76,0.987215459,4.39,4.557691574,4.39,4.535947323,4.39,4.481480598,4.39,4.547943115,6.5,6.402909279,6.5,6.196160316,6.5,6.311512947,6.5,6.758847713,0.69,0.521932125,0.69,0.601569533,0.69,0.729507565,0.69,0.500041008,0.88,1.057156682,0.88,1.135388732,0.88,1.213040352,0.88,0.970473349,0.69,0.6100564,0.69,0.934866309,0.69,0.680457115,0.69,0.770382106,0.76,0.860492349,0.76,0.532711864,0.76,0.584452271,0.76,1.012836456,3.95,4.60649395,3.95,4.126156807,3.95,4.511914253,3.95,4.318214893,5.27,4.109511852,5.27,4.144016743,5.27,4.3928442,5.27,4.367188931,3.37,3.256214857,3.37,3.201860189,3.37,3.457826853,3.37,3.374615192,3.62,3.769204617,3.62,3.412663221,3.62,3.829390764,3.62,4.043867111,0.59,0.573449373,0.59,0.742895484,0.59,0.791027188,0.59,0.575020492,1.49,1.886902809,1.49,1.445448041,1.49,1.6756953,1.49,1.553422451,4.42,4.567517281,4.42,4.54958725,4.42,4.492295265,4.42,4.578399181,3.2,4.092777729,3.2,3.934532404,3.2,4.456062317,3.2,4.367064476,1.93,1.835627437,1.93,1.656097531,1.93,1.91910243,1.93,2.132445335,3.2,4.103045464,3.2,3.907237291,3.2,4.509782791,3.2,4.379741669,0.7,0.735998273,0.7,0.797170639,0.7,0.779937625,0.7,0.661765993,0.95,0.904153824,0.95,0.798920751,0.95,0.989714086,0.95,0.957059026,0.73,1.142475128,0.73,1.395474076,0.73,1.363808155,0.73,1.35576582,8.6,8.610482216,8.6,8.905186653,8.6,8.725715637,8.6,8.868794441,0.67,0.669297457,0.67,0.648688197,0.67,0.789229393,0.67,0.684086919,3.37,3.505479336,3.37,2.902033567,3.37,3.147064924,3.37,3.287989616,1.05,1.037475824,1.05,1.105409026,1.05,1.126892567,1.05,0.898387849,0.95,0.981286168,0.95,0.903452754,0.95,0.916531086,0.95,0.92505914,0.81,0.800196648,0.81,1.015056491,0.81,0.943830967,0.81,0.811882675,0.86,0.484767407,0.86,0.921889424,0.86,1.189745903,0.86,1.320874214,4.75,4.696572304,4.75,4.372760296,4.75,4.63926506,4.75,5.307563305,7.89,7.903143883,7.89,7.636744499,7.89,8.059879303,7.89,7.851602077,1.93,1.953933716,1.93,1.751827598,1.93,2.051697969,1.93,2.043354034,0.95,0.997619748,0.95,0.948822737,0.95,1.132976174,0.95,0.891465068,0.84,0.875185013,0.84,0.978298068,0.84,0.992964208,0.84,0.89086473,0.95,1.036723971,0.95,0.961415887,0.95,1.122533083,0.95,0.919409215,6.48,6.192317963,6.48,5.869921207,6.48,6.215831757,6.48,6.631372929,6.06,6.228436947,6.06,5.675372601,6.06,6.093037605,6.06,5.887504578,9.45,9.454395294,9.45,9.523947716,9.45,9.794760704,9.45,9.694333076,7.44,7.481304169,7.44,7.630313873,7.44,7.781954765,7.44,7.841460705,2.72,2.491952419,2.72,2.380173683,2.72,2.154538393,2.72,2.227900028,0.95,1.257239699,0.95,0.619154811,0.95,0.876961827,0.95,0.945133507,1.93,2.095095396,1.93,1.87429893,1.93,2.212754488,1.93,2.173019648,6.1,6.284820557,6.1,5.910234928,6.1,6.914316177,6.1,6.405290604,1.88,2.062436342,1.88,2.007682323,1.88,2.019461155,1.88,1.994869947,0.95,1.016051292,0.95,0.994350672,0.95,0.927483797,0.95,0.920685768
3.6,2.410804749,3.6,4.481049538,3.6,3.581794977,3.6,3.521843433,1.04,0.561688662,1.04,2.141689539,1.04,0.820594847,1.04,0.997391939,7.62,6.491161346,7.62,5.096699715,7.62,7.099661827,7.62,6.234353542,6.12,4.78961277,6.12,4.984412193,6.12,5.972835541,6.12,5.665351868,0.94,0.813428998,0.94,0.998527408,0.94,1.209181786,0.94,0.788521111,1.04,1.159895658,1.04,1.214358091,1.04,1.046960831,1.04,1.121548653,7.62,6.264864922,7.62,6.202388763,7.62,7.065912247,7.62,7.06300354,7.94,4.806913853,7.94,4.931483269,7.94,5.370548248,7.94,5.193494797,2.79,2.40251708,2.79,2.274804831,2.79,2.17155695,2.79,1.98670578,0.95,0.860998571,0.95,1.233035445,0.95,0.985994637,0.95,0.960689366,1.88,2.289710283,1.88,2.060679674,1.88,2.012639523,1.88,1.993360996,1.63,1.498687267,1.63,1.828338265,1.63,1.560501337,1.63,1.994124174,3.95,3.519369602,3.95,3.396234989,3.95,3.110297441,3.95,3.571276903,3.37,3.711054087,3.37,3.472980261,3.37,3.708868504,3.37,3.245261192,0.75,0.621483326,0.75,0.535009265,0.75,0.539226413,0.75,0.676164448,4.8,5.066144943,4.8,4.853608131,4.8,5.100369453,4.8,5.274188042,4.02,4.243837357,4.02,3.993252516,4.02,4.017303467,4.02,3.871982098,0.95,0.951158881,0.95,0.926595569,0.95,0.99743557,0.95,0.93191117,4.1,4.744447708,4.1,4.639927387,4.1,4.830885887,4.1,4.443384171,0.95,0.92408371,0.95,0.897746801,0.95,0.964211226,0.95,0.886558533,6.64,6.219991207,6.64,5.402912617,6.64,6.020210266,6.64,6.343532085,6.6,7.662637234,6.6,7.390836239,6.6,7.29347229,6.6,7.450140953,4.42,4.442484379,4.42,4.403351307,4.42,4.467202187,4.42,4.636113167,0.95,1.225440621,0.95,0.564337313,0.95,0.872989118,0.95,0.840911508,4.1,4.41709137,4.1,4.41934824,4.1,4.613948822,4.1,4.454458237,0.95,1.187013745,0.95,0.821303368,0.95,1.068773508,0.95,1.030299664,3.64,3.642836809,3.64,3.728752375,3.64,3.842376471,3.64,3.83010745,5.98,5.475283623,5.98,6.003652096,5.98,6.219277382,5.98,6.061419964,1.49,1.740389943,1.49,1.927697539,1.49,1.708040953,1.49,1.459048748,7.1,6.41726017,7.1,6.009207249,7.1,6.654201508,7.1,6.949574471,0.84,0.923499107,0.84,0.785943627,0.84,0.994341016,0.84,0.816493332,9.7,8.335336685,9.7,9.137960434,9.7,9.239248276,9.7,9.107397079,4.36,4.989040852,4.36,5.344110012,4.36,4.978695869,4.36,5.068191528,0.76,0.626985669,0.76,0.446175903,0.76,0.726014018,0.76,0.72156626,6.06,6.426193237,6.06,6.511543751,6.06,7.069195747,6.06,6.643316269,0.82,0.748534441,0.82,0.833027124,0.82,0.747807801,0.82,0.800439179,1.05,1.210466146,1.05,0.854678035,1.05,1.086143017,1.05,0.950698733,0.95,1.0375278,0.95,0.98387754,0.95,1.010486484,0.95,0.931650758,4.52,4.410353184,4.52,4.395474434,4.52,4.460682869,4.52,4.519834518,6.06,6.617861748,6.06,6.117294312,6.06,6.187722206,6.06,6.321061134,0.73,1.223136425,0.73,1.179547191,0.73,1.112859011,0.73,1.290475845,8.6,8.875085831,8.6,8.614164352,8.6,9.865433693,8.6,8.982471466,1.05,1.117711425,1.05,0.876054645,1.05,1.091861486,1.05,0.940750182,1.49,1.626740098,1.49,1.58346498,1.49,1.807995319,1.49,1.642409325,1.42,1.553421497,1.42,1.549761415,1.42,1.50137651,1.42,1.515320063,0.95,0.967767954,0.95,0.907393336,0.95,1.019351244,0.95,0.998794913,4.01,4.299855709,4.01,3.897070169,4.01,4.55284977,4.01,4.634493351,0.95,0.938228846,0.95,0.921246171,0.95,1.007012844,0.95,0.993160903,6.06,6.659716129,6.06,6.723519802,6.06,7.101102829,6.06,6.505908966,4.8,5.272541046,4.8,5.580989838,4.8,5.427576065,4.8,5.933572292,4.42,4.65413332,4.42,4.387294292,4.42,4.478308678,4.42,4.5693326,5.27,5.709793091,5.27,5.702188492,5.27,5.94778347,5.27,5.7470541,7.62,8.26991272,7.62,7.606743813,7.62,8.270932198,7.62,7.883495808,0.95,0.846992791,0.95,0.867026687,0.95,1.056083202,0.95,0.955460846,3.64,4.009399891,3.64,3.616070271,3.64,3.852634907,3.64,4.121030807,0.86,0.885602951,0.86,0.672875524,0.86,0.864914715,0.86,1.326699495,0.7,0.936702847,0.7,0.88589704,0.7,0.588215053,0.7,0.70404011,3.64,3.482047558,3.64,3.254698753,3.64,3.398420811,3.64,3.344112396,0.6,0.801640153,0.6,0.824656248,0.6,0.46005258,0.6,0.516122043,7.39,7.717149734,7.39,7.565813065,7.39,7.197763443,7.39,7.490473747,3.64,3.968757153,3.64,3.769925117,3.64,3.837030411,3.64,4.214630604,3.2,3.670218945,3.2,3.445249319,3.2,3.6198349,3.2,3.424530506,0.94,1.018217206,0.94,0.928578258,0.94,0.878077745,0.94,0.866242647,0.95,0.919329882,0.95,0.851955652,0.95,0.936420202,0.95,0.892330706,1.93,1.876143217,1.93,1.650572658,1.93,1.885431886,1.93,2.310374975,3.12,2.697978735,3.12,2.292897224,3.12,2.756613493,3.12,2.647926807,0.6,0.695034504,0.6,0.758430362,0.6,0.623683214,0.6,0.495355546,6.15,5.736122131,6.15,5.399499416,6.15,6.000986099,6.15,5.958699703,0.94,0.973198771,0.94,0.960245967,0.94,0.862695217,0.94,0.870824873,1.1,1.502537966,1.1,1.2966851,1.1,1.387292385,1.1,1.422228575,4.1,3.966398478,4.1,3.56992054,4.1,3.82935977,4.1,4.106532097,6.6,7.041536331,6.6,7.022193909,6.6,7.023963928,6.6,7.356001854,0.7,0.76449585,0.7,0.817321301,0.7,0.771307468,0.7,0.658798158,0.95,1.123325109,0.95,0.86363101,0.95,1.070850134,0.95,1.084360361,0.69,0.743160963,0.69,0.72323072,0.69,0.626418114,0.69,0.735450447,9.7,9.195950508,9.7,9.443110466,9.7,9.055731773,9.7,9.310339928,6.48,6.201182365,6.48,6.04791832,6.48,6.186668396,6.48,6.685908318,5.98,5.955590248,5.98,5.576885223,5.98,5.879014969,5.98,6.124237537,6.64,6.399745941,6.64,6.257727623,6.64,6.410437584,6.64,6.872250557,7.89,7.519061089,7.89,7.750408173,7.89,7.834563255,7.89,7.800043583,0.94,0.73388195,0.94,1.028718829,0.94,0.849788904,0.94,0.807104886,4.2,4.057167053,4.2,4.339288712,4.2,4.489912033,4.2,4.425394535,0.7,0.589128256,0.7,0.837819219,0.7,0.822600186,0.7,0.681000173,8.02,8.036921501,8.02,8.173347473,8.02,8.225429535,8.02,8.334773064,4.4,4.532575607,4.4,4.464251041,4.4,4.491448402,4.4,4.572237492,7.1,5.359297276,7.1,5.212090969,7.1,5.804200172,7.1,5.78686142,4.38,4.542642593,4.38,4.465809822,4.38,4.485782623,4.38,4.58252573,4.2,4.061495781,4.2,4.41822958,4.2,4.519862175,4.2,4.477368355,1.93,1.982165694,1.93,1.776323199,1.93,2.081343174,1.93,2.090883732,0.95,0.993294477,0.95,0.926452398,0.95,0.848539591,0.95,0.940304339,2.72,2.372447252,2.72,2.31526494,2.72,2.1769526,2.72,2.266974211,3.2,3.102520466,3.2,3.32065177,3.2,3.856452227,3.2,3.468459129,0.93,1.148624897,0.93,1.570441127,0.93,1.108446717,0.93,1.265180349,2.71,2.175422192,2.71,2.782229185,2.71,2.909024,2.71,2.91512084,0.84,0.932277679,0.84,0.541304469,0.84,1.051048756,0.84,0.892496407,7.89,7.871478081,7.89,7.582072258,7.89,8.366339684,7.89,7.635566711,3.64,3.798484325,3.64,3.541730404,3.64,3.724151373,3.64,4.218981743,6.47,6.017567158,6.47,5.662546158,6.47,6.088247299,6.47,5.752416611,0.77,1.108563304,0.77,1.151498079,0.77,0.766788542,0.77,0.69767803,1.04,1.072563171,1.04,1.708071113,1.04,1.095886469,1.04,1.239578724
0.84,1.09695375,0.84,1.236112833,0.84,0.758154631,0.84,1.14344883,0.76,2.729130983,0.76,3.419415474,0.76,1.766016483,0.76,1.835727692,1.42,0.768292785,1.42,1.745549321,1.42,1.205155492,1.42,0.541827917,7.89,6.560361862,7.89,5.022561073,7.89,6.553030968,7.89,6.075219631,4.01,5.061296463,4.01,4.907303333,4.01,5.827257156,4.01,5.384276867,0.95,1.359395742,0.95,0.991107464,0.95,0.971950293,0.95,1.072223306,6.06,5.77927494,6.06,6.610821724,6.06,6.693628311,6.06,6.866005898,0.95,0.315091699,0.95,0.827879429,0.95,0.92907989,0.95,1.013524532,2.16,2.109306097,2.16,2.278202534,2.16,1.934929848,2.16,2.462059259,0.95,0.959768891,0.95,1.183641315,0.95,0.998939991,0.95,0.945930064,4.36,4.41515255,4.36,4.35499239,4.36,4.471525192,4.36,4.349970341,3.12,2.815409899,3.12,2.487504721,3.12,2.90576458,3.12,2.56553936,4.01,5.15593338,4.01,4.819446087,4.01,5.701501846,4.01,5.407172203,0.82,2.678269625,0.82,1.90029037,0.82,2.110271692,0.82,2.32074523,5.73,6.620696545,5.73,6.170478821,5.73,7.325608253,5.73,6.564961433,0.95,0.924423218,0.95,0.884223342,0.95,1.087026358,0.95,0.900591969,1.63,1.992755294,1.63,1.798052669,1.63,1.588571787,1.63,1.615206957,6.6,7.534511566,6.6,7.340761662,6.6,7.41951561,6.6,7.338137627,1.42,1.455763221,1.42,1.33290112,1.42,1.734082937,1.42,1.330415726,7.89,7.322113514,7.89,7.718710899,7.89,7.776169777,7.89,8.580433846,0.6,0.594506741,0.6,0.628555894,0.6,0.865517259,0.6,0.622513175,1.1,1.697681546,1.1,1.271807551,1.1,1.169741035,1.1,1.315090656,4.02,4.162168026,4.02,3.784637213,4.02,4.179993629,4.02,4.069667339,6.47,5.234942436,6.47,5.198740959,6.47,5.82038784,6.47,5.252722263,2.16,2.235470772,2.16,2.109462738,2.16,2.070175409,2.16,2.152262926,0.95,0.93368721,0.95,1.045679927,0.95,0.931197882,0.95,1.022659779,4.36,4.359830856,4.36,4.395819187,4.36,4.460464478,4.36,4.68257618,5,6.127272606,5,6.051220894,5,6.274436951,5,6.332790852,7.62,6.942470074,7.62,6.62458992,7.62,7.05959034,7.62,7.069285393,3.64,3.555152178,3.64,3.741923809,3.64,3.900709629,3.64,4.014021873,4.38,4.470857143,4.38,4.508823395,4.38,4.465834618,4.38,4.676418781,1.3,2.498285055,1.3,2.231447697,1.3,2.109688044,1.3,1.97888732,1.88,1.751294136,1.88,1.962247491,1.88,1.850169659,1.88,1.685360432,0.95,1.060291886,0.95,0.906700015,0.95,0.949129701,0.95,0.928228617,0.75,0.796441793,0.75,0.5468539,0.75,0.639191389,0.75,0.752070189,6.8,6.899501801,6.8,6.787151814,6.8,7.145733833,6.8,7.023855686,0.6,0.861270666,0.6,0.396412164,0.6,0.681831539,0.6,0.844182551,5,6.111713409,5,5.795872688,5,6.487208366,5,6.204769611,4.85,4.660013676,4.85,4.927114964,4.85,4.528504372,4.85,4.454176426,0.95,1.001145244,0.95,0.899952292,0.95,1.030806541,0.95,1.010912418,4.52,4.433752537,4.52,4.388559341,4.52,4.46223259,4.52,4.489384651,1.63,1.61907196,1.63,1.642881513,1.63,1.845355153,1.63,1.685305595,4.85,4.649211884,4.85,4.809480667,4.85,4.663135529,4.85,4.41601038,2.8,3.238250971,2.8,3.077409029,2.8,3.463685513,2.8,3.515803099,4.38,4.600025177,4.38,4.381782055,4.38,4.470630646,4.38,4.530651569,0.95,0.95728302,0.95,1.082579255,0.95,0.948720932,0.95,1.020389318,4.31,4.672102928,4.31,4.379298687,4.31,4.475207329,4.31,4.56439209,2.8,3.240877628,2.8,2.980884552,2.8,3.457807064,2.8,3.429764986,0.93,1.02764225,0.93,1.257621646,0.93,1.023448944,0.93,1.048219681,0.88,0.930723786,0.88,0.993558288,0.88,1.114904046,0.88,0.907245576,0.7,0.76959753,0.7,0.778003216,0.7,0.62493813,0.7,0.739461482,2.71,2.63873744,2.71,2.816327333,2.71,2.773416519,2.71,2.839323282,2.72,2.245260477,2.72,2.324810982,2.72,2.350256681,2.72,2.287269354,0.9,0.884098411,0.9,0.963741899,0.9,1.229666471,0.9,0.939739466,6.15,5.953167439,6.15,5.884429455,6.15,6.214412689,6.15,5.845466137,0.95,0.975713015,0.95,0.870987415,0.95,0.948316813,0.95,0.925821364,1.49,1.823600769,1.49,1.705567241,1.49,1.817392945,1.49,1.657785416,3.2,3.666237116,3.2,3.563095331,3.2,3.575250387,3.2,3.385486603,6.15,5.917076588,6.15,5.841304302,6.15,6.160933495,6.15,5.898869514,0.95,0.912030458,0.95,0.844420433,0.95,1.01931119,0.95,1.082902431,2.16,2.312417984,2.16,2.182723761,2.16,2.273156881,2.16,2.273955822,7.39,7.677033424,7.39,7.574458122,7.39,7.21135807,7.39,7.481309891,4.36,5.603252411,4.36,5.345386028,4.36,5.390855789,4.36,5.158612728,0.95,0.856270552,0.95,0.906231999,0.95,0.964365363,0.95,0.973498762,4.32,4.522039413,4.32,4.544379234,4.32,4.485601425,4.32,4.549881935,2.8,3.318640232,2.8,3.010244608,2.8,3.603227377,2.8,3.316651344,3.64,3.93537879,3.64,3.581537008,3.64,3.828780413,3.64,4.175789833,0.95,1.007621288,0.95,0.813181996,0.95,1.064088821,0.95,1.083837986,4.75,4.949279785,4.75,4.671562195,4.75,4.891582489,4.75,5.492769241,1.3,2.363739014,1.3,1.898932815,1.3,2.053799629,1.3,2.384165049,0.84,0.911085963,0.84,1.119905353,0.84,1.051978827,0.84,0.913349271,0.95,0.985947251,0.95,0.940589786,0.95,0.934373856,0.95,0.94844538,0.77,0.80837667,0.77,0.946762919,0.77,0.941782176,0.77,0.897257984,6.06,5.996564865,6.06,5.819915771,6.06,6.27210331,6.06,6.300472736,0.84,0.973633289,0.84,0.825067401,0.84,1.047037363,0.84,0.853178382,0.95,1.021838427,0.95,0.955649257,0.95,0.982903361,0.95,0.956291854,3.6,3.505235434,3.6,3.276595592,3.6,3.448443413,3.6,3.756921291,3.37,3.546864033,3.37,2.860955,3.37,3.124598503,3.37,3.303673744,4.51,4.40367651,4.51,4.409542561,4.51,4.490019798,4.51,4.500722408,0.95,0.990484834,0.95,0.913423896,0.95,0.918939829,0.95,0.925802469,2.16,1.917404413,2.16,2.141057968,2.16,2.166387796,2.16,2.130707741,5.98,6.110984802,5.98,5.650640488,5.98,5.855528831,5.98,6.089328289,0.81,0.800196648,0.81,1.015056491,0.81,0.943830967,0.81,0.811882675,6.8,6.834973335,6.8,6.779601097,6.8,7.13398838,6.8,7.099443436,1.42,1.50703156,1.42,1.788905978,1.42,1.672355413,1.42,1.735585451,5.9,5.63304615,5.9,5.830361366,5.9,6.059682846,5.9,6.209950447,1.63,1.956222892,1.63,1.866468191,1.63,2.024684429,1.63,1.777926922,0.95,0.993597984,0.95,0.924546242,0.95,0.862792969,0.95,0.935836315,6.47,6.680226803,6.47,6.54904604,6.47,6.683210373,6.47,6.858366966,5,5.745054245,5,5.909827232,5,6.385024071,5,6.134901047,4.38,4.528288364,4.38,4.45352602,4.38,4.473085403,4.38,4.590592861,7.89,7.879024506,7.89,7.601005554,7.89,8.226918221,7.89,7.731853962,6.47,6.610224724,6.47,6.570474148,6.47,6.680339813,6.47,6.854485989,7.89,7.730207443,7.89,7.573501587,7.89,8.038067818,7.89,7.988892555,6.15,6.147032738,6.15,5.961094856,6.15,5.934017181,6.15,5.99072361,2.62,2.495433331,2.62,3.1991117,2.62,2.893380404,2.62,3.080272913,0.84,0.806477785,0.84,1.02746141,0.84,0.952537656,0.84,0.953325212,0.95,0.894815445,0.95,0.837093949,0.95,0.963831902,0.95,0.965634048,0.93,1.251401901,0.93,1.637538791,0.93,1.072645187,0.93,1.324303865,6.47,5.96795845,6.47,5.67455101,6.47,6.100375175,6.47,5.670837402
4.42,4.381426811,4.42,4.313780785,4.42,4.556860924,4.42,4.248978615,3.62,4.029110909,3.62,4.210566998,3.62,4.686347961,3.62,4.157261848,1.93,1.888825178,1.93,2.681292534,1.93,2.344764948,1.93,2.312567711,6.6,6.424888611,6.6,6.493424416,6.6,7.343233109,6.6,7.15174675,4.42,4.62755394,4.42,4.33386898,4.42,4.542555809,4.42,4.521016121,0.95,1.105711222,0.95,0.714099288,0.95,1.038561821,0.95,1.008511066,0.84,0.945766211,0.84,0.996933818,0.84,0.886757255,0.84,1.002481937,2.93,3.38811779,2.93,3.405419111,2.93,3.183074474,2.93,2.892708778,0.6,0.643597007,0.6,0.389805645,0.6,0.602744222,0.6,0.699021578,5.98,5.085198402,5.98,4.995668411,5.98,4.786267281,5.98,4.044178486,4.01,4.937944412,4.01,4.927890778,4.01,5.427100182,4.01,5.287973881,1.88,1.630652905,1.88,1.905186057,1.88,1.676519871,1.88,2.084834814,0.94,0.974532008,0.94,0.92392385,0.94,0.921002626,0.94,0.932020903,4.68,4.902787685,4.68,5.199406624,4.68,5.206108093,4.68,5.410212517,4.51,4.462532043,4.51,4.347112179,4.51,4.471598625,4.51,4.487932682,3.2,4.629033089,3.2,4.924767017,3.2,4.877510071,3.2,4.792145729,9.45,7.236602783,9.45,6.570684433,9.45,7.903098106,9.45,7.338331223,0.95,0.879549086,0.95,0.520502985,0.95,0.811689436,0.95,0.832228899,2.79,2.346822023,2.79,2.118008614,2.79,2.236043692,2.79,2.467229605,8.6,8.75169754,8.6,7.949810028,8.6,8.555179596,8.6,8.457520485,0.59,0.529520035,0.59,0.764365911,0.59,0.747036278,0.59,0.825357616,3.62,3.197607517,3.62,3.250373125,3.62,3.784139395,3.62,3.960928917,0.67,0.62169826,0.67,0.651368022,0.67,0.703324318,0.67,0.720092237,6.15,6.032081127,6.15,5.789775372,6.15,6.441405296,6.15,6.217191219,3.04,2.656525135,3.04,2.946596622,3.04,3.351794958,3.04,3.066403151,0.95,0.984161973,0.95,0.855090141,0.95,1.042729378,0.95,0.937208474,4.36,4.762626648,4.36,5.064478397,4.36,5.19220829,4.36,5.017827034,0.95,1.19530499,0.95,1.045663953,0.95,1.009320736,0.95,0.922071636,0.77,0.803453922,0.77,0.61715436,0.77,0.615701735,0.77,0.844827116,4.35,4.448574066,4.35,4.752008438,4.35,4.830891609,4.35,4.114706993,1.88,1.832479358,1.88,2.039056063,1.88,1.858881235,1.88,1.65874052,0.95,0.931911707,0.95,1.127749324,0.95,0.934815884,0.95,1.020690441,0.69,0.514763474,0.69,0.799976707,0.69,0.765925169,0.69,0.618140876,4.35,4.49874258,4.35,4.607741356,4.35,4.645673752,4.35,4.101135731,0.85,0.826888084,0.85,0.486510485,0.85,1.070741177,0.85,0.8216995,0.7,1.250956297,0.7,1.11350286,0.7,1.010833502,0.7,0.890193284,5.73,6.467442513,5.73,6.592646599,5.73,6.234327316,5.73,6.764507294,0.95,1.049570918,0.95,0.775137186,0.95,1.107262611,0.95,1.0341959,0.93,0.968643188,0.93,1.281033874,0.93,0.995047867,0.93,1.02986598,0.95,1.080543637,0.95,1.130730987,0.95,0.989120901,0.95,0.966560423,4.5,4.666389465,4.5,4.458494186,4.5,4.47131443,4.5,4.564800262,8.4,8.56890583,8.4,8.461267471,8.4,8.890815735,8.4,8.775602341,3.64,3.785084009,3.64,3.2979424,3.64,3.886431694,3.64,4.072557926,0.95,0.965176404,0.95,1.054539084,0.95,1.016889334,0.95,0.975001872,0.86,0.94275713,0.86,0.450077146,0.86,0.950188398,0.86,0.616761267,1.04,0.838874996,1.04,0.981130481,1.04,1.161173582,1.04,0.819966853,2.79,2.67645669,2.79,2.571356058,2.79,2.704988003,2.79,2.588596106,0.95,1.037859797,0.95,0.900284648,0.95,1.076266766,0.95,1.09156847,4.52,4.371301174,4.52,4.262139797,4.52,4.465860367,4.52,4.454288483,0.95,0.891340613,0.95,0.892099261,0.95,1.028973341,0.95,0.975896239,0.69,0.526125193,0.69,0.563894629,0.69,0.690458655,0.69,0.580349982,0.95,0.952910066,0.95,1.01856637,0.95,0.951873541,0.95,1.020086646,0.8,0.708477736,0.8,0.67831099,0.8,0.886485457,0.8,0.970419228,5,5.865737915,5,5.900901794,5,6.07760334,5,6.409889221,4.02,3.902709723,4.02,3.812256098,4.02,3.969126225,4.02,3.98381424,6.26,6.505643845,6.26,6.531679153,6.26,6.586060524,6.26,6.519615173,4.85,4.923117638,4.85,4.681032181,4.85,4.814237595,4.85,4.560756683,3.37,3.3153615,3.37,2.681298494,3.37,3.359280825,3.37,3.197189331,0.6,0.801640153,0.6,0.824656248,0.6,0.46005258,0.6,0.516122043,0.76,0.901903033,0.76,0.556208014,0.76,0.616132021,0.76,1.017601967,0.84,0.906723619,0.84,0.97368753,0.84,1.066059828,0.84,0.834922254,7.1,6.815438271,7.1,7.014742374,7.1,7.02511692,7.1,7.071431637,4.01,4.469762802,4.01,4.197367668,4.01,4.393084526,4.01,4.877220154,0.95,1.064283609,0.95,0.719718814,0.95,0.941062212,0.95,0.918906808,3.37,3.254522085,3.37,3.197726011,3.37,3.437052488,3.37,3.343887329,0.7,1.019993067,0.7,0.864231944,0.7,1.010781527,0.7,0.860820174,4.36,5.536095142,4.36,5.331812859,4.36,5.487898827,4.36,5.262541771,1.88,1.971354723,1.88,1.510397077,1.88,1.773539186,1.88,1.652503967,0.56,0.847311258,0.56,0.877509952,0.56,0.818445325,0.56,0.678617656,0.95,0.98651731,0.95,0.897762537,0.95,0.982585907,0.95,0.963558257,0.84,0.971534729,0.84,0.775581717,0.84,1.028673649,0.84,0.839296937,7.1,5.252967358,7.1,5.244070053,7.1,5.527866364,7.1,5.813938618,2.79,2.841531754,2.79,2.714102507,2.79,3.063598394,2.79,2.770844221,5.27,4.155535221,5.27,4.125231743,5.27,4.48055172,5.27,4.332139492,0.69,0.512099981,0.69,0.251821846,0.69,0.703305721,0.69,0.728584886,8.71,8.255887985,8.71,8.190024376,8.71,8.206676483,8.71,8.220104218,0.87,0.820489168,0.87,1.058260798,0.87,0.852890491,0.87,0.812938869,1.1,1.385035992,1.1,1.297110915,1.1,1.421111703,1.1,1.454364777,0.68,0.899755478,0.68,0.755215764,0.68,1.044065118,0.68,1.090831041,4.68,5.025863171,4.68,4.683867455,4.68,5.316965103,4.68,5.095774651,4.5,4.487090111,4.5,4.453438759,4.5,4.49565506,4.5,4.545408726,8.6,8.549919128,8.6,8.825112343,8.6,8.751933098,8.6,8.838006973,0.69,0.503880739,0.69,0.105123855,0.69,0.678990364,0.69,0.808791041,0.82,0.626828432,0.82,0.52083528,0.82,0.881308198,0.82,0.795081556,0.59,0.749857187,0.59,0.837049365,0.59,0.531382084,0.59,0.620293677,0.95,0.929305077,0.95,0.84554714,0.95,0.988222599,0.95,1.009874821,0.59,0.750586033,0.59,0.820198894,0.59,0.531061053,0.59,0.624344289,0.95,1.131376505,0.95,0.930346847,0.95,0.976687193,0.95,0.938335598,4.85,4.994102955,4.85,4.864898682,4.85,4.899256706,4.85,4.66211319,6.8,6.860894203,6.8,6.721458435,6.8,7.219029427,6.8,7.218658447,6.47,6.728204727,6.47,6.462076664,6.47,6.497589111,6.47,6.376029968,4.68,5.190514565,4.68,4.689686298,4.68,5.463082314,4.68,5.312062263,2.16,2.200357199,2.16,2.151273727,2.16,1.949320436,2.16,2.082289219,0.93,0.113949031,0.93,0.890492797,0.93,0.688761473,0.93,1.0127424,3.04,2.981673717,3.04,2.723197937,3.04,3.050314903,3.04,3.351547956,2.71,2.167448759,2.71,2.809904099,2.71,2.91446805,2.71,2.927978992,0.59,0.754552126,0.59,0.855613112,0.59,0.511496186,0.59,0.733142793,1.63,1.94496882,1.63,2.357101679,1.63,1.961043358,1.63,1.898311377,0.64,0.512017727,0.64,0.912238002,0.64,0.768660069,0.64,0.51652056,0.95,1.126242399,0.95,1.048124194,0.95,1.058741689,0.95,0.953539073
3.75,4.990701675,3.75,5.43982029,3.75,5.371240616,3.75,5.222090721,6.5,6.173251152,6.5,4.66693306,6.5,4.595507622,6.5,4.69774437,0.93,1.159008861,0.93,1.387522578,0.93,1.15584898,0.93,0.747007847,0.95,0.993471742,0.95,0.896655917,0.95,1.333991408,0.95,1.076187134,1.49,1.647359848,1.49,1.865117669,1.49,2.079004765,1.49,1.633877516,6.8,5.808756828,6.8,6.214453697,6.8,6.659674644,6.8,7.201003075,0.6,0.488341182,0.6,-0.037917517,0.6,0.50699836,0.6,0.558639944,0.82,1.10895443,0.82,1.052164078,0.82,1.152114511,0.82,1.280903578,0.6,-0.022803098,0.6,0.645165324,0.6,0.767456412,0.6,0.725728393,0.95,0.965653777,0.95,0.90032661,0.95,0.94696039,0.95,1.020740867,6.06,5.943361282,6.06,6.515936852,6.06,6.826014519,6.06,7.206589222,8.6,6.211307526,8.6,5.617113113,8.6,5.286021233,8.6,5.033185482,9.45,6.948078156,9.45,6.632063389,9.45,7.55751133,9.45,6.805123329,0.95,0.973059893,0.95,0.971365809,0.95,0.922841311,0.95,0.92354095,4.31,4.77726078,4.31,4.389050484,4.31,4.491274834,4.31,4.565792084,0.95,0.866095185,0.95,0.85769397,0.95,1.042477131,0.95,1.020223618,2.79,2.428415537,2.79,2.022394419,2.79,2.116731167,2.79,2.385564804,5,7.055828094,5,6.822912693,5,6.348050117,5,6.359025955,9.45,7.480022907,9.45,6.715275288,9.45,7.869352341,9.45,7.827421188,2.12,2.187942266,2.12,2.445762396,2.12,2.393417597,2.12,1.955459595,2.79,2.265228748,2.79,2.252067327,2.79,2.355355978,2.79,2.53762579,0.95,1.04011631,0.95,0.962758899,0.95,1.011667609,0.95,0.932567418,1.88,1.833153605,1.88,2.056598425,1.88,1.968816042,1.88,1.802230835,8,7.708426476,8,7.473483086,8,7.448534012,8,7.718820095,1.49,1.716783285,1.49,1.971399188,1.49,1.787288666,1.49,1.465904951,1.1,1.458786249,1.1,1.260354996,1.1,1.105602622,1.1,1.21007967,6.47,5.473680496,6.47,5.560100555,6.47,5.853038788,6.47,6.003025055,0.95,1.083163261,0.95,0.683936,0.95,0.965807676,0.95,0.924847245,2.72,2.439390898,2.72,2.48951292,2.72,2.110205412,2.72,2.253577232,5.9,5.187383175,5.9,5.36428833,5.9,4.504821777,5.9,4.910484314,4.01,4.285648346,4.01,4.430211067,4.01,4.561635017,4.01,4.917737961,0.95,1.331736684,0.95,0.811451793,0.95,0.958935559,0.95,0.858542442,0.77,0.763977528,0.77,0.607273936,0.77,0.574600995,0.77,0.826079071,5.27,5.348790169,5.27,5.229526997,5.27,5.446931839,5.27,5.734320164,0.87,0.928984046,0.87,0.970145583,0.87,0.941812754,0.87,0.807603538,4.7,5.430300713,4.7,5.092972755,4.7,5.152169228,4.7,5.253507614,0.73,1.037021518,0.73,0.807237983,0.73,0.944072008,0.73,0.950167477,0.9,0.862140357,0.9,1.1075629,0.9,1.111764669,0.9,0.894304752,0.69,0.524384618,0.69,0.947725177,0.69,0.874136925,0.69,0.887721062,1.3,2.437108755,1.3,2.255756855,1.3,2.047633886,1.3,2.063870907,0.7,0.510987222,0.7,0.630526304,0.7,0.7296893,0.7,0.701047242,4.7,5.210277081,4.7,5.165659904,4.7,4.955096245,4.7,5.059361458,1.63,1.675312996,1.63,1.677126408,1.63,1.860177517,1.63,1.694852591,4.35,4.378957272,4.35,4.406940937,4.35,4.330582619,4.35,4.196135521,1.88,1.75944066,1.88,1.739363551,1.88,1.920582533,1.88,1.748926878,8.4,8.757867813,8.4,8.46212101,8.4,8.827781677,8.4,8.99864006,0.85,0.740766525,0.85,0.659933805,0.85,1.085616589,0.85,0.885716856,6.1,6.323307514,6.1,6.245836735,6.1,6.302384377,6.1,6.050534248,6.47,6.676433086,6.47,6.935297489,6.47,6.654076576,6.47,6.472735405,3.62,3.066739321,3.62,2.968961716,3.62,2.818154097,3.62,3.083907366,1.93,1.912624955,1.93,1.638510585,1.93,2.046149015,1.93,2.034565687,0.95,0.91508019,0.95,0.804810405,0.95,0.948804498,0.95,1.011261702,0.75,0.728137255,0.75,0.613284945,0.75,0.907364845,0.75,0.768766999,1.49,1.843770146,1.49,1.503993988,1.49,1.769991159,1.49,1.668512583,0.86,0.9174757,0.86,0.249757379,0.86,0.95485419,0.86,0.624992549,0.76,0.883452356,0.76,0.655946612,0.76,0.650481939,0.76,0.956111252,4.1,4.104816914,4.1,3.803279161,4.1,3.957747936,4.1,4.276515007,0.97,1.029078841,0.97,1.034474492,0.97,1.291423202,0.97,1.202213764,0.73,1.158541322,0.73,1.321473241,0.73,1.247255683,0.73,1.365844011,0.95,1.05006218,0.95,0.722896934,0.95,0.926053047,0.95,0.919310212,0.59,0.520183086,0.59,0.626664042,0.59,0.718631983,0.59,0.5588184,8.6,9.045601845,8.6,9.037962914,8.6,8.925013542,8.6,9.057915688,6.48,6.289758682,6.48,6.04692173,6.48,6.210917473,6.48,6.617789268,0.95,0.918452978,0.95,0.821255565,0.95,0.957279205,0.95,1.010927796,1.42,1.767836571,1.42,1.689041615,1.42,1.749130368,1.42,1.727976561,0.95,0.919026613,0.95,0.867871046,0.95,0.931106329,0.95,0.892487764,6.15,5.865440845,6.15,5.820953369,6.15,6.106226921,6.15,6.052802086,8.4,8.59975338,8.4,8.91435051,8.4,8.455399513,8.4,8.597667694,4.52,4.346081257,4.52,4.418114185,4.52,4.479771614,4.52,4.462573528,5,5.767196655,5,5.845384598,5,6.141756058,5,6.311233521,1.63,1.903450251,1.63,1.797617197,1.63,1.9924016,1.63,1.763342142,3.75,4.122249603,3.75,3.203293562,3.75,3.708255768,3.75,4.014750004,3.95,4.441308022,3.95,4.025993347,3.95,4.508148193,3.95,4.14252758,0.97,0.776162386,0.97,0.580870748,0.97,1.38320291,0.97,1.32452631,0.75,0.638818502,0.75,0.460561603,0.75,0.664745331,0.75,0.697973907,7.39,7.474023819,7.39,7.427412033,7.39,7.450813293,7.39,7.518270969,0.8,0.777471304,0.8,0.629752517,0.8,0.914526165,0.8,1.014907122,0.95,1.049602032,0.95,0.951554656,0.95,1.032279015,0.95,0.954496324,0.6,0.507717967,0.6,0.692880511,0.6,0.662834883,0.6,0.54628104,6.1,6.104913712,6.1,6.000685692,6.1,6.613431931,6.1,6.023378849,3.75,3.926949024,3.75,3.60008359,3.75,3.82513237,3.75,3.914250851,8.71,8.540719986,8.71,8.375352859,8.71,8.460589409,8.71,8.503137589,3.6,3.48452425,3.6,3.259203911,3.6,3.435363054,3.6,3.796304226,4.8,5.253232002,4.8,5.123861313,4.8,5.664325714,4.8,5.670014381,0.68,1.016178608,0.68,0.858986497,0.68,1.16296804,0.68,1.096127987,0.95,0.985393524,0.95,0.864371657,0.95,0.844289303,0.95,0.975947201,0.84,0.89054656,0.84,0.956409335,0.84,1.002216697,0.84,0.885480583,1.1,0.944822788,1.1,0.849402308,1.1,0.830037177,1.1,1.142128706,0.86,0.77222085,0.86,0.513368011,0.86,0.920146585,0.86,0.697049081,1.88,2.062510014,1.88,2.06400156,1.88,1.747658849,1.88,1.737127542,0.94,0.834907413,0.94,1.085544467,0.94,0.920560598,0.94,0.775057256,0.97,0.853095651,0.97,1.049961209,0.97,1.527124524,0.97,1.568508625,4.43,4.409634113,4.43,4.371360302,4.43,4.460004807,4.43,4.532868385,8.6,8.537910461,8.6,8.440722466,8.6,8.788630486,8.6,8.689524651,6.06,6.678454399,6.06,6.400052071,6.06,6.416975021,6.06,6.29148674,0.95,1.11174202,0.95,1.106143832,0.95,0.967833281,0.95,0.966333568,4.1,4.078742504,4.1,3.772367001,4.1,3.987473488,4.1,4.366267204,0.95,0.929733753,0.95,0.818562865,0.95,1.028976679,0.95,1.007926464,0.67,0.673326731,0.67,0.698270679,0.67,0.686628342,0.67,0.550211906,3.18,2.944155931,3.18,3.228948593,3.18,3.046542883,3.18,3.143157721
2.72,3.008607864,2.72,3.038939476,2.72,2.714610577,2.72,2.898168564,1.63,0.743398309,1.63,2.540168285,1.63,1.153583169,1.63,1.204434395,6.64,5.329619408,6.64,4.429423809,6.64,5.899849892,6.64,6.251718998,0.93,0.764535904,0.93,0.400259942,0.93,0.186121702,0.93,0.572638214,4.51,4.188569546,4.51,4.310294151,4.51,4.494875908,4.51,4.402869701,3.12,2.694044828,3.12,4.078146935,3.12,3.013969183,3.12,2.75531292,0.84,0.945766211,0.84,0.996933818,0.84,0.886757255,0.84,1.002481937,0.95,0.84760952,0.95,0.516371489,0.95,0.726324081,0.95,0.680977464,0.7,0.700942278,0.7,0.239651561,0.7,0.71618557,0.7,1.06791234,0.56,0.607857704,0.56,0.505039036,0.56,0.641264915,0.56,0.531823933,1.49,1.843702316,1.49,1.710472822,1.49,1.640427113,1.49,1.685425997,0.95,1.009925246,0.95,0.877005458,0.95,0.939699471,0.95,1.018963933,1.93,2.863874435,1.93,2.419548988,1.93,2.12249589,1.93,2.0673666,0.97,0.495508641,0.97,0.784099162,0.97,0.343841732,0.97,0.926175237,4.36,5.3803792,4.36,4.967448235,4.36,4.728065491,4.36,4.719472885,8.6,8.497344017,8.6,7.196302891,8.6,8.520704269,8.6,8.369591713,6.47,5.394752979,6.47,5.506577492,6.47,5.892054558,6.47,5.777030468,5.1,4.923838615,5.1,5.129606247,5.1,5.189303398,5.1,5.211380005,4.36,5.30591774,4.36,4.879700661,4.36,4.871761322,4.36,4.785876274,4.8,4.759241581,4.8,5.094467163,4.8,5.36726284,4.8,5.184950352,0.73,0.909395337,0.73,0.74950397,0.73,0.789424896,0.73,0.690553546,8,7.676488876,8,7.433207989,8,7.400300026,8,7.534409523,0.67,0.62169826,0.67,0.651368022,0.67,0.703324318,0.67,0.720092237,2.71,2.495471478,2.71,3.013900518,2.71,3.388075352,2.71,2.569590092,6.15,5.910861492,6.15,6.528310299,6.15,6.510437012,6.15,6.737336159,0.95,0.978349328,0.95,0.970040202,0.95,0.930850565,0.95,0.923149049,6.15,5.823124886,6.15,6.335884094,6.15,6.58487606,6.15,6.722518444,0.7,1.385514975,0.7,1.264383197,0.7,1.090283155,0.7,0.934194744,4.31,4.590864658,4.31,4.56155777,4.31,4.474122047,4.31,4.737014771,0.95,1.073362708,0.95,1.065941691,0.95,1.021295071,0.95,0.932725072,3.37,3.4985888,3.37,3.596334696,3.37,3.680272818,3.37,3.691764355,0.95,1.002246261,0.95,1.012111425,0.95,1.00135386,0.95,0.931379259,6.47,6.567110538,6.47,6.460290432,6.47,6.650642395,6.47,6.767390251,0.86,1.445096493,0.86,0.889002085,0.86,0.938288212,0.86,1.175533772,0.6,0.880363941,0.6,0.362001508,0.6,0.686420083,0.6,0.841479182,6.06,6.38574028,6.06,6.028024197,6.06,6.227673531,6.06,6.61000967,0.67,0.762054086,0.67,0.670355201,0.67,0.734731436,0.67,0.77537179,4.68,5.003959656,4.68,4.71865654,4.68,4.901721001,4.68,5.169997215,6.15,6.342104435,6.15,6.258987427,6.15,6.703784943,6.15,6.288545609,0.95,0.990159512,0.95,0.889783978,0.95,1.020237088,0.95,1.01022613,6.64,6.404626846,6.64,6.543208599,6.64,6.311980247,6.64,6.367809772,0.95,1.141700864,0.95,0.877540827,0.95,0.980931759,0.95,0.940618098,4.5,4.669249535,4.5,4.427891254,4.5,4.471351624,4.5,4.551634312,1.88,1.707703829,1.88,1.666456342,1.88,1.900698423,1.88,1.719882011,6.15,6.316306591,6.15,6.338258743,6.15,6.633750916,6.15,6.089208603,3.37,3.107924461,3.37,2.834362745,3.37,3.320233107,3.37,3.057071686,6.47,6.716467381,6.47,7.024971485,6.47,6.549354553,6.47,6.488265991,0.95,0.955221176,0.95,0.910063148,0.95,1.020530462,0.95,0.995000899,0.59,0.486842841,0.59,0.639478326,0.59,0.622618735,0.59,0.685447752,4.8,5.272541046,4.8,5.580989838,4.8,5.427576065,4.8,5.933572292,0.86,0.924564838,0.86,0.3877922,0.86,0.951580286,0.86,0.620454609,0.95,0.917138577,0.95,1.074502468,0.95,1.113083363,0.95,0.988569021,4.36,5.41879797,4.36,5.268928051,4.36,5.273301125,4.36,5.015071869,0.95,0.964578509,0.95,0.95676887,0.95,0.946753383,0.95,0.921885967,4.39,4.595637321,4.39,4.515843391,4.39,4.479894638,4.39,4.558637619,2.93,2.635736227,2.93,3.020083189,2.93,3.121615648,2.93,3.43302536,6.15,5.922477722,6.15,5.846392632,6.15,6.170514107,6.15,5.860385895,8.39,8.267418861,8.39,8.548125267,8.39,8.132658958,8.39,8.42894268,4.02,3.849241734,4.02,3.804211855,4.02,3.955613852,4.02,4.029557228,9.7,9.413371086,9.7,9.289408684,9.7,9.058048248,9.7,9.290558815,1.93,1.87287426,1.93,1.709046483,1.93,1.886079788,1.93,2.327280283,0.93,0.260235876,0.93,0.68070519,0.93,0.787566721,0.93,0.51081413,0.6,0.733897924,0.6,0.786012292,0.6,0.90245688,0.6,1.359565258,0.95,0.926187515,0.95,0.871013045,0.95,0.979466677,0.95,1.015172005,2.16,2.367037296,2.16,2.158513308,2.16,2.294789076,2.16,2.228381157,0.95,1.013889074,0.95,0.910441279,0.95,0.961816311,0.95,0.926099598,0.8,0.71858716,0.8,0.579006314,0.8,0.826617658,0.8,1.195515394,7.94,5.385817528,7.94,5.376921177,7.94,5.826231003,7.94,6.071756363,4.01,4.354379654,4.01,4.065735817,4.01,4.292222023,4.01,4.823968887,8,7.675497055,8,7.68256712,8,7.561501503,8,7.91211319,5.73,6.066775322,5.73,6.148534298,5.73,6.327506065,5.73,6.422681332,1.04,1.244705319,1.04,1.022708893,1.04,1.064162493,1.04,0.955153823,0.7,0.949306011,0.7,0.504836679,0.7,0.898954272,0.7,1.140219688,5.9,5.395143986,5.9,5.7213974,5.9,5.636283875,5.9,5.774449825,0.68,0.833998442,0.68,0.686032653,0.68,0.964796662,0.68,1.132243752,6.26,6.380740166,6.26,6.286785126,6.26,6.460755348,6.26,6.440029144,0.86,0.873464108,0.86,0.449908584,0.86,0.982937515,0.86,0.668640792,0.95,0.933982015,0.95,0.8407529,0.95,0.990026712,0.95,1.012968063,4.43,4.402160645,4.43,4.408579826,4.43,4.489942551,4.43,4.499940395,3.2,4.076780319,3.2,3.748944998,3.2,4.606300354,3.2,4.344613075,0.7,0.831968307,0.7,0.566477895,0.7,0.884530902,0.7,1.046056032,0.95,0.927869201,0.95,0.740989089,0.95,1.011582136,0.95,1.029362917,4.01,4.171275616,4.01,3.873701811,4.01,4.140119553,4.01,4.63862896,0.95,1.031468391,0.95,0.70382154,0.95,1.05715394,0.95,0.981286108,0.7,0.629099607,0.7,0.849877715,0.7,0.83122921,0.7,0.683968484,0.95,1.110981703,0.95,0.890032172,0.95,0.973644972,0.95,0.939318299,4.75,4.693075657,4.75,4.366959572,4.75,4.638941765,4.75,5.336812973,6.12,6.118209839,6.12,5.791433334,6.12,6.454368591,6.12,6.18462801,0.87,0.873488426,0.87,1.126265407,0.87,0.920787811,0.87,0.759646237,0.95,0.944416404,0.95,0.912584901,0.95,0.950053811,0.95,0.954306424,0.75,0.499115199,0.75,0.489745945,0.75,0.623883724,0.75,0.722908199,7.44,7.552184105,7.44,7.645107269,7.44,7.802824974,7.44,7.895561218,6.06,6.684867859,6.06,6.394481182,6.06,6.417035103,6.06,6.308693886,0.95,0.984884739,0.95,0.776255727,0.95,0.820504904,0.95,1.029845595,0.7,0.801807165,0.7,0.927420378,0.7,0.894736826,0.7,0.717207849,7.94,5.851946831,7.94,6.045035839,7.94,6.490584373,7.94,6.164471149,4.5,4.453133583,4.5,4.398533821,4.5,4.450802803,4.5,4.57298708,7.44,7.352626324,7.44,7.789534569,7.44,7.73703289,7.44,7.739018917,1.93,2.128616095,1.93,1.903841376,1.93,2.290326357,1.93,2.148775101,2.71,2.16792798,2.71,2.88629365,2.71,2.942376375,2.71,2.97044301
1.63,1.58214426,1.63,1.978106856,1.63,1.346209288,1.63,2.127153873,0.95,0.805482626,0.95,0.520630836,0.95,0.580448687,0.95,0.847879291,4.31,4.633398056,4.31,4.319348335,4.31,4.563708305,4.31,4.443837166,4.8,5.171628475,4.8,5.441997528,4.8,5.61619091,4.8,6.022657394,9.45,5.974279404,9.45,5.777884483,9.45,6.942502022,9.45,6.358311653,7.94,5.110491753,7.94,4.803403854,7.94,5.733110428,7.94,6.068620682,4.52,4.266342163,4.52,4.336350441,4.52,4.482803345,4.52,4.343411922,2.62,2.652178764,2.62,3.324697018,2.62,2.89376092,2.62,2.735093832,1.88,2.40251708,1.88,2.274804831,1.88,2.17155695,1.88,1.98670578,0.93,1.138183713,0.93,0.530347466,0.93,0.330734968,0.93,0.669738889,2.16,2.125550508,2.16,2.122830629,2.16,1.774930716,2.16,2.393340111,0.7,1.430386066,0.7,1.104272723,0.7,1.320516348,0.7,1.533750534,0.75,0.563632011,0.75,0.544033408,0.75,0.58007884,0.75,0.665173769,1.63,1.518381715,1.63,1.917282939,1.63,1.652299523,1.63,1.965631485,6.48,6.38335228,6.48,5.527550697,6.48,6.402651787,6.48,6.548101425,0.95,1.076909781,0.95,0.823411107,0.95,1.033044815,0.95,0.92936188,0.73,1.572239399,0.73,1.343977332,0.73,1.709965348,0.73,1.300112247,5.1,4.518850327,5.1,4.092452049,5.1,4.91274929,5.1,5.129000664,1.49,1.779142022,1.49,1.726971149,1.49,1.561854124,1.49,1.463430405,6.5,6.00620079,6.5,5.762944698,6.5,5.847366333,6.5,6.949426651,7.62,7.300992012,7.62,6.772226334,7.62,7.451260567,7.62,7.645773411,3.2,4.421814919,3.2,4.524127483,3.2,4.824443817,3.2,4.889252663,0.84,0.949820161,0.84,0.732959151,0.84,0.769436598,0.84,0.719506621,0.95,0.959261298,0.95,0.890165806,0.95,0.971107006,0.95,0.904073238,6.47,6.771309853,6.47,6.459183216,6.47,7.00702095,6.47,6.627276897,0.95,0.948535085,0.95,0.793663859,0.95,0.937665343,0.95,1.013053417,0.73,1.6512326,0.73,1.4205091,0.73,1.400627017,0.73,1.282266974,8.02,7.799086571,8.02,8.785895348,8.02,8.990700722,8.02,8.786202431,6.06,6.162871361,6.06,6.651324749,6.06,7.270050049,6.06,6.932414055,5.27,4.349678516,5.27,4.179646492,5.27,4.460995674,5.27,4.810526848,0.69,0.525252342,0.69,0.754866481,0.69,0.723979473,0.69,0.61090517,7.39,7.53030777,7.39,7.500351906,7.39,7.633072853,7.39,7.670300484,0.85,0.848119736,0.85,0.478535026,0.85,1.069537163,0.85,0.83511579,1.04,1.028104901,1.04,1.054008484,1.04,1.102784872,1.04,1.111428976,4.02,4.266281605,4.02,4.260919094,4.02,4.139410973,4.02,4.162497997,0.95,0.833618283,0.95,1.025977969,0.95,1.112085581,0.95,0.984420836,4.02,4.299862862,4.02,4.221153736,4.02,4.135727882,4.02,4.264469624,0.95,1.046700954,0.95,0.904270053,0.95,0.949321628,0.95,0.927788377,4.4,4.480741978,4.4,4.412958145,4.4,4.462953568,4.4,4.526792049,0.95,0.920364141,0.95,0.79302299,0.95,0.941879034,0.95,1.011789441,0.84,1.058595657,0.84,0.782919288,0.84,0.970935345,0.84,0.940502286,0.95,0.992863894,0.95,0.901402831,0.95,1.010079622,0.95,1.006384134,4.42,4.706051826,4.42,4.452820778,4.42,4.474378586,4.42,4.582904816,8.4,8.672759056,8.4,8.473814964,8.4,8.872997284,8.4,8.903001785,0.69,0.528675556,0.69,0.905213237,0.69,0.803297281,0.69,0.706222475,0.95,1.070914745,0.95,0.902629972,0.95,0.988253355,0.95,0.922010243,0.6,0.779425859,0.6,0.584991813,0.6,0.940361202,0.6,0.88003248,0.95,0.887641788,0.95,0.994558334,0.95,0.954333663,0.95,0.953864276,0.86,0.93188858,0.86,0.437508911,0.86,0.951702595,0.86,0.619741976,1.1,1.67948091,1.1,1.416558623,1.1,1.358496547,1.1,1.07451582,2.72,2.220828295,2.72,2.29550004,2.72,2.351477385,2.72,2.221711397,0.95,0.870004654,0.95,0.87987268,0.95,1.042864084,0.95,0.965694308,0.77,0.826879859,0.77,0.792007983,0.77,0.720519125,0.77,0.885421336,9.7,9.623143196,9.7,9.094175339,9.7,9.190720558,9.7,9.433124542,1.93,1.831387281,1.93,1.657767892,1.93,1.94448781,1.93,2.142538786,6.8,7.017746449,6.8,7.361158371,6.8,7.040794373,6.8,6.910936832,2.72,2.376230478,2.72,2.303591251,2.72,2.363865376,2.72,2.422554493,0.95,0.915899754,0.95,0.812567592,0.95,0.952887774,0.95,1.011075497,4.75,5.065694809,4.75,4.703711987,4.75,4.990096092,4.75,5.464746952,0.95,0.962025762,0.95,0.987543225,0.95,0.959323645,0.95,1.088657141,0.6,0.684230328,0.6,0.862518668,0.6,0.906063378,0.6,1.333007574,0.95,0.976533413,0.95,0.878103256,0.95,0.952398658,0.95,0.92563504,0.75,0.699643135,0.75,0.691191554,0.75,0.779882431,0.75,0.744018495,0.95,0.998959064,0.95,0.936383247,0.95,0.991901278,0.95,0.928864479,2.79,2.882139444,2.79,2.78542161,2.79,3.076408863,2.79,2.861949921,0.95,0.886672974,0.95,0.922615767,0.95,1.061344624,0.95,0.940918982,3.64,3.93537879,3.64,3.581537008,3.64,3.828780413,3.64,4.175789833,2.8,3.338742971,2.8,3.034470081,2.8,3.589432478,2.8,3.319307566,4.01,4.354379654,4.01,4.065735817,4.01,4.292222023,4.01,4.823968887,8,7.675497055,8,7.68256712,8,7.561501503,8,7.91211319,2.72,2.346562386,2.72,2.270629168,2.72,2.499762535,2.72,2.318234205,8,7.654504776,8,7.648451805,8,7.579854012,8,7.870223999,0.77,0.80837667,0.77,0.946762919,0.77,0.941782176,0.77,0.897257984,0.95,0.692881465,0.95,0.8827281,0.95,1.083588839,0.95,0.879694581,1.42,1.571577311,1.42,1.735521913,1.42,1.804500818,1.42,1.728100538,0.95,1.064200997,0.95,0.94936502,0.95,0.970765829,0.95,0.948355556,4.88,4.911928654,4.88,4.75383091,4.88,5.106566429,4.88,4.651571274,0.95,1.156672239,0.95,1.033036709,0.95,1.016173601,0.95,1.026370525,3.64,3.78763938,3.64,3.506405592,3.64,3.722445726,3.64,4.064421654,0.95,1.10295248,0.95,0.707016826,0.95,1.033114195,0.95,1.019261122,6.15,6.122030735,6.15,5.92209959,6.15,5.934437752,6.15,6.111183167,5.1,5.294179916,5.1,5.038692951,5.1,5.603208542,5.1,5.377258301,0.69,0.899963856,0.69,0.820059657,0.69,0.617020607,0.69,0.739057243,5.27,4.256046772,5.27,4.143993378,5.27,4.510960579,5.27,4.345423698,1.05,1.038905859,1.05,0.943128943,1.05,1.124791384,1.05,0.838953793,0.95,1.023769259,0.95,0.961022973,0.95,0.978335142,0.95,0.922118127,0.7,0.776470661,0.7,0.672864318,0.7,0.89155674,0.7,1.141663074,1.3,2.261300087,1.3,1.888876796,1.3,1.914323568,1.3,2.592922688,0.94,0.827350855,0.94,1.073901057,0.94,0.859688044,0.94,0.769286811,0.95,1.230576754,0.95,0.904190898,0.95,1.039637327,0.95,0.943670928,4.75,4.627918243,4.75,4.299833298,4.75,4.599209785,4.75,5.324950695,5.1,5.533793449,5.1,5.02230978,5.1,5.336194992,5.1,5.324417591,0.67,0.694563627,0.67,0.657187343,0.67,0.757173061,0.67,0.707253039,1.49,1.844816208,1.49,2.071763277,1.49,1.658265471,1.49,1.60787034,0.7,0.957078695,0.7,0.83142221,0.7,1.053062916,0.7,1.383412004,0.95,0.648171425,0.95,0.850803852,0.95,1.139360189,0.95,1.148637056,4.31,4.482766151,4.31,4.418741226,4.31,4.45259285,4.31,4.589404106,0.9,1.00837183,0.9,0.847945571,0.9,1.134921074,0.9,1.789414406,4.02,3.913557768,4.02,3.963172674,4.02,3.74228406,4.02,4.149559498,0.95,0.995743752,0.95,0.932224035,0.95,0.802268267,0.95,0.954163373
7.62,4.909584045,7.62,5.265973568,7.62,6.423936844,7.62,6.198924065,0.95,1.089169741,0.95,0.329804778,0.95,0.569932103,0.95,0.877416193,1.93,1.888825178,1.93,2.681292534,1.93,2.344764948,1.93,2.312567711,5.1,4.335303783,5.1,4.918987751,5.1,5.694984436,5.1,6.161123276,0.69,0.591927052,0.69,0.851329684,0.69,0.743354082,0.69,0.711960673,1.3,2.695053339,1.3,2.561395884,1.3,3.079610109,1.3,2.575324059,0.69,0.600295544,0.69,0.788084924,0.69,0.768328786,0.69,0.822493017,1.49,1.574072838,1.49,1.532267809,1.49,1.38911581,1.49,1.627091408,4.75,4.219957829,4.75,4.444390297,4.75,4.760810852,4.75,4.701968193,8.4,7.528198719,8.4,7.059282303,8.4,8.043446541,8.4,8.355717659,3.95,3.577005386,3.95,3.434371233,3.95,3.144389153,3.95,3.492178917,0.6,0.575887918,0.6,0.639646292,0.6,0.814480543,0.6,0.568446755,4.1,5.159891605,4.1,5.201899052,4.1,5.447393417,4.1,4.936527729,8.4,7.617221832,8.4,7.791348457,8.4,8.484303474,8.4,8.676065445,6.64,6.336182594,6.64,5.479593277,6.64,6.362922668,6.64,6.512572289,2.12,1.734517574,2.12,2.304579735,2.12,2.114956379,2.12,1.643572092,0.94,0.9654001,0.94,0.894246936,0.94,0.868916273,0.94,0.945985198,8.4,7.891903877,8.4,8.07749939,8.4,8.476191521,8.4,8.62959671,0.7,0.610360146,0.7,0.718279898,0.7,0.739002585,0.7,0.791958392,0.7,1.495173454,0.7,1.240341544,0.7,1.307876825,0.7,1.032155752,2.72,2.411378145,2.72,2.181655407,2.72,2.354965925,2.72,2.465018749,9.7,8.163520813,9.7,8.819207191,9.7,8.607380867,9.7,9.444080353,3.6,3.157180071,3.6,3.169855833,3.6,3.133838892,3.6,3.243093014,2.8,3.445470333,2.8,3.831938267,2.8,3.587862253,2.8,3.839146852,3.6,3.124355078,3.6,3.269665003,3.6,3.276979446,3.6,3.443368912,6.12,5.623831749,6.12,5.540368557,6.12,6.163918495,6.12,6.230025768,0.75,0.796913743,0.75,0.503022552,0.75,0.441965342,0.75,0.71612215,1.1,1.075119734,1.1,1.086488605,1.1,1.529524446,1.1,1.117007971,1.42,1.740367174,1.42,1.51618576,1.42,1.500438929,1.42,1.467535973,6.8,6.474681854,6.8,6.90708971,6.8,7.028155327,6.8,7.135956287,6.47,6.544068336,6.47,6.377585411,6.47,6.689944267,6.47,6.653831482,8.02,7.698476791,8.02,8.346310616,8.02,9.048760414,8.02,8.824154854,9.45,8.130293846,9.45,7.720939159,9.45,8.230082512,9.45,8.790091515,0.95,0.841612339,0.95,1.086639762,0.95,1.101336002,0.95,1.00630784,3.75,4.175440311,3.75,4.196070671,3.75,4.046933174,3.75,4.072561741,6.1,6.251261711,6.1,6.080356598,6.1,6.301158905,6.1,6.395641327,0.93,0.936862946,0.93,1.26597631,0.93,0.990868688,0.93,1.027597189,0.76,0.697874427,0.76,0.476399273,0.76,0.703045011,0.76,0.752226293,0.93,0.968643188,0.93,1.281033874,0.93,0.995047867,0.93,1.02986598,7.94,5.584758759,7.94,5.376465321,7.94,5.865409851,7.94,5.786102772,0.85,0.75824523,0.85,0.553397179,0.85,1.117634296,0.85,0.807645082,3.37,3.106081247,3.37,2.950323105,3.37,3.245326281,3.37,3.140888691,0.94,0.894909739,0.94,0.881794333,0.94,0.85227704,0.94,0.811516583,3.62,3.080131769,3.62,2.906815767,3.62,2.801405907,3.62,2.924558163,4.02,4.037494183,4.02,3.901706457,4.02,4.085494041,4.02,4.183686256,7.89,7.83705616,7.89,7.561374664,7.89,7.87584877,7.89,8.234624863,0.73,1.304962516,0.73,1.276922464,0.73,1.130197883,0.73,1.294929028,5.1,5.35716629,5.1,5.443413734,5.1,5.300748825,5.1,5.114287376,6.47,6.264616013,6.47,6.295131683,6.47,6.654971123,6.47,6.10853672,0.95,0.993618965,0.95,0.924824953,0.95,0.99241066,0.95,0.901801586,3.64,4.013676643,3.64,3.486691713,3.64,3.899809599,3.64,4.100058079,0.95,0.948314786,0.95,1.004954219,0.95,0.952865362,0.95,1.01607275,4.5,4.564090729,4.5,4.432085037,4.5,4.476830482,4.5,4.540532589,3.62,3.068252802,3.62,2.932266712,3.62,2.886987925,3.62,3.073925972,1.42,1.610282421,1.42,1.666720033,1.42,1.598756552,1.42,1.753607035,6.8,7.017746925,6.8,7.361158848,6.8,7.040795326,6.8,6.910936356,6.06,6.545893669,6.06,6.439546585,6.06,6.788235664,6.06,6.361163139,9.7,9.530812263,9.7,9.252614975,9.7,9.136138916,9.7,9.378076553,2.72,2.411097288,2.72,2.294937611,2.72,2.378693819,2.72,2.403446913,6.47,5.934114456,6.47,5.915882587,6.47,6.327223778,6.47,6.094950676,0.93,1.046041012,0.93,1.211637378,0.93,1.091038227,0.93,1.078185797,0.9,1.022927642,0.9,0.928723454,0.9,1.226356983,0.9,1.051581264,6.47,6.6328578,6.47,6.701198578,6.47,6.664463997,6.47,6.661912441,0.95,1.03491199,0.95,0.866409063,0.95,1.043922782,0.95,0.976488531,7.62,6.36678791,7.62,6.436583996,7.62,6.439813614,7.62,6.513987064,4.7,4.617990971,4.7,4.949421883,4.7,4.96119976,4.7,4.58744812,1.05,1.034837961,1.05,1.23471725,1.05,1.137188435,1.05,0.974290848,0.95,1.094920158,0.95,0.716540217,0.95,0.961135387,0.95,0.918503881,0.56,0.847311258,0.56,0.877509952,0.56,0.818445325,0.56,0.678617656,7.39,7.554254055,7.39,7.492484093,7.39,7.319846153,7.39,7.482570171,4.85,5.003956318,4.85,4.651514053,4.85,5.004272461,4.85,4.68779707,8.02,7.905953407,8.02,8.368243217,8.02,8.11135006,8.02,8.216833115,7.62,7.796765327,7.62,7.534002781,7.62,7.804284096,7.62,8.469846725,5.1,4.388387203,5.1,4.289255619,5.1,4.833003044,5.1,4.745591164,0.81,0.849036872,0.81,0.966143489,0.81,0.941066742,0.81,0.854363501,6.06,6.005487442,6.06,5.794954777,6.06,6.243057251,6.06,6.249717712,5.73,6.037195206,5.73,6.063722134,5.73,6.310222626,5.73,6.303250313,8,7.61466074,8,7.572048187,8,7.655890465,8,7.763960361,1.88,1.824504375,1.88,1.842395782,1.88,2.018666506,1.88,1.771537781,0.95,0.950367451,0.95,1.070133448,0.95,0.942088366,0.95,1.015361071,4.75,4.75644207,4.75,4.434835434,4.75,4.689857483,4.75,5.313029289,9.7,9.149105072,9.7,9.310729027,9.7,9.131178856,9.7,9.356326103,0.59,0.723835945,0.59,0.842011333,0.59,0.559144676,0.59,0.613902986,0.95,1.001635909,0.95,0.919825554,0.95,0.91322875,0.95,0.92521131,0.94,0.82127142,0.94,1.050610423,0.94,0.842238665,0.94,0.785865247,3.18,2.968604326,3.18,2.880971193,3.18,2.995528936,3.18,2.852763891,2.72,2.252944469,2.72,2.301501513,2.72,2.238780737,2.72,2.27207303,3.62,3.081099749,3.62,2.702620745,3.62,3.111409426,3.62,3.370959759,4.51,4.415524006,4.51,4.377869606,4.51,4.472189903,4.51,4.520109177,2.12,1.93443203,2.12,2.050467253,2.12,2.272352457,2.12,2.226392746,3.37,3.36742115,3.37,3.218583345,3.37,3.287843227,3.37,3.376243114,0.95,0.934720755,0.95,0.648484111,0.95,0.957300186,0.95,0.942309856,6.15,6.198710442,6.15,5.955528259,6.15,5.934077263,6.15,6.00793457,0.95,0.606958628,0.95,0.789848924,0.95,1.115024686,0.95,1.117525101,7.62,7.740645409,7.62,7.480879784,7.62,7.8285923,7.62,8.208420753,8,7.643291473,8,7.520442009,8,7.946927071,8,7.530715942,4.4,4.520864487,4.4,4.444724083,4.4,4.454893112,4.4,4.610512733,3.62,3.003945827,3.62,2.881579161,3.62,3.019745111,3.62,3.480698586,2.16,2.36790204,2.16,2.265935183,2.16,1.943168402,2.16,1.839790583,0.95,0.812005043,0.95,0.635267138,0.95,1.097267628,0.95,0.84815222
4.85,4.382128239,4.85,4.871220112,4.85,4.932084084,4.85,5.07844162,,,,,,,,,3.75,4.34251833,3.75,5.764838219,3.75,5.14774704,3.75,5.337711811,,,,,,,,,7.62,5.964175701,7.62,5.81159544,7.62,7.11280632,7.62,6.398886681,,,,,,,,,2.72,2.744920492,2.72,2.788683176,2.72,2.445069075,2.72,2.626718998,,,,,,,,,0.81,0.893319547,0.81,0.948932528,0.81,1.093761444,0.81,0.918389559,,,,,,,,,1.05,1.253342867,1.05,0.945111632,1.05,1.287572384,1.05,0.996812522,,,,,,,,,6.64,5.948384285,6.64,5.625141144,6.64,6.323030472,6.64,6.134765625,,,,,,,,,4.01,5.236254692,4.01,4.692232609,4.01,5.156807899,4.01,4.821343422,,,,,,,,,6.47,6.95681572,6.47,6.315069675,6.47,7.361487389,6.47,7.032668114,,,,,,,,,7.62,8.004804611,7.62,6.752729893,7.62,7.761814117,7.62,8.262858391,,,,,,,,,4.43,4.393023491,4.43,4.350616455,4.43,4.464896202,4.43,4.600775242,,,,,,,,,6.15,6.081335068,6.15,6.561127186,6.15,6.628371239,6.15,6.857602119,,,,,,,,,6.64,6.192344666,6.64,5.522727966,6.64,6.235138893,6.64,6.37982893,,,,,,,,,0.7,0.649928331,0.7,0.507475495,0.7,1.107062578,0.7,0.958247364,,,,,,,,,0.7,0.758713841,0.7,0.485713691,0.7,1.090437293,0.7,0.931668103,,,,,,,,,0.86,0.871716022,0.86,0.448921889,0.86,0.988890111,0.86,0.645258129,,,,,,,,,4.1,4.294138432,4.1,4.497250557,4.1,4.70735836,4.1,4.591905117,,,,,,,,,3.04,2.932347059,3.04,2.714701414,3.04,3.006117582,3.04,2.932439804,,,,,,,,,0.93,0.936862946,0.93,1.26597631,0.93,0.990868688,0.93,1.027597189,,,,,,,,,0.68,0.839452624,0.68,0.427518994,0.68,0.72614795,0.68,0.844870627,,,,,,,,,1.88,1.749428868,1.88,1.769996524,1.88,1.912828326,1.88,1.790925503,,,,,,,,,4.1,4.208122253,4.1,3.753020048,4.1,4.344315529,4.1,4.304945469,,,,,,,,,0.84,0.980319977,0.84,0.81185472,0.84,0.983963728,0.84,0.933937252,,,,,,,,,0.93,1.025519371,0.93,1.273700833,0.93,1.016767859,0.93,1.043614626,,,,,,,,,0.87,0.941319346,0.87,0.930225253,0.87,0.913857698,0.87,0.824552894,,,,,,,,,4.75,4.957824707,4.75,4.577296257,4.75,5.138648987,4.75,5.334267616,,,,,,,,,2.79,2.727015257,2.79,2.60011363,2.79,2.811359644,2.79,2.560453415,,,,,,,,,6.15,5.953167439,6.15,5.884429455,6.15,6.214412689,6.15,5.845466137,,,,,,,,,0.59,0.516704559,0.59,0.631927371,0.59,0.656865597,0.59,0.554227769,,,,,,,,,0.93,1.042030573,0.93,1.188331246,0.93,1.077481866,0.93,1.072801828,,,,,,,,,6.47,6.678664207,6.47,6.703402996,6.47,6.638290405,6.47,6.611245632,,,,,,,,,9.45,9.090629578,9.45,9.339996338,9.45,9.300462723,9.45,9.111206055,,,,,,,,,1.49,1.933598995,1.49,1.710595846,1.49,1.900780916,1.49,1.699244738,,,,,,,,,1.93,1.871042132,1.93,1.638147593,1.93,1.885110378,1.93,2.237177134,,,,,,,,,0.7,0.909137487,0.7,0.47401318,0.7,0.90616703,0.7,1.187302589,,,,,,,,,9.45,9.114983559,9.45,9.536763191,9.45,9.53115654,9.45,9.479367256,,,,,,,,,0.73,1.191148639,0.73,1.371359229,0.73,1.413404584,0.73,1.349828482,,,,,,,,,5.73,5.980293751,5.73,6.076400757,5.73,6.330698013,5.73,6.336928368,,,,,,,,,1.93,1.855075955,1.93,1.66974628,1.93,1.94343102,1.93,2.116127729,,,,,,,,,3.75,3.943199158,3.75,3.575336695,3.75,3.817636251,3.75,3.915751934,,,,,,,,,6.47,6.567745686,6.47,6.397634983,6.47,6.457642555,6.47,6.437005043,,,,,,,,,4.02,4.065698624,4.02,3.788570166,4.02,3.931251526,4.02,4.084668636,,,,,,,,,6.47,6.618214607,6.47,6.408777714,6.47,6.457522392,6.47,6.402589798,,,,,,,,,4.39,4.525709629,4.39,4.454263687,4.39,4.484759331,4.39,4.573144913,,,,,,,,,0.7,0.704413652,0.7,0.880896926,0.7,0.856631994,0.7,0.697265327,,,,,,,,,3.04,2.941072464,3.04,2.689353466,3.04,2.990051031,3.04,3.284359932,,,,,,,,,0.73,1.319396615,0.73,1.488486648,0.73,1.16862905,0.73,1.375835657,,,,,,,,,4.02,3.937198877,4.02,3.904314518,4.02,3.777404308,4.02,4.110839844,,,,,,,,,0.75,0.464071244,0.75,0.520347476,0.75,0.550230265,0.75,0.569024384,,,,,,,,,6.48,6.152722836,6.48,5.745764732,6.48,6.090466499,6.48,6.505507469,,,,,,,,
0.67,0.46300897,0.67,0.519057155,0.67,0.503968716,0.67,0.678283572,,,,,,,,,0.69,0.205623955,0.69,0.298314422,0.69,0.816644669,0.69,0.721678376,,,,,,,,,6.47,5.979223728,6.47,5.784626484,6.47,6.980838776,6.47,6.366426468,,,,,,,,,0.8,1.150100827,0.8,1.005333066,0.8,0.802106082,0.8,0.7298702,,,,,,,,,0.69,0.599601269,0.69,0.664892733,0.69,0.77307266,0.69,0.862675726,,,,,,,,,3.04,2.983431101,3.04,3.341605663,3.04,3.077112913,3.04,2.953626156,,,,,,,,,7.62,7.379889488,7.62,6.636890411,7.62,7.642371178,7.62,7.428018093,,,,,,,,,0.86,0.623123169,0.86,0.554605961,0.86,0.938863397,0.86,0.875485778,,,,,,,,,2.16,2.193843603,2.16,1.914514899,2.16,1.925464392,2.16,1.971470594,,,,,,,,,1.05,1.228183031,1.05,0.844498515,1.05,1.1039083,1.05,0.884167135,,,,,,,,,1.63,1.776759148,1.63,1.86759007,1.63,1.756570697,1.63,1.685159922,,,,,,,,,1.93,1.889912248,1.93,2.14101696,1.93,2.626224756,1.93,2.084969759,,,,,,,,,0.59,0.504855871,0.59,0.669784904,0.59,0.725396156,0.59,0.828534067,,,,,,,,,0.94,0.938581586,0.94,0.843994975,0.94,0.889123201,0.94,0.997025967,,,,,,,,,6.64,6.353000641,6.64,5.74312067,6.64,6.347416878,6.64,6.48438406,,,,,,,,,0.7,0.841644287,0.7,0.470558733,0.7,1.068333864,0.7,0.877263665,,,,,,,,,6.48,6.278514385,6.48,5.968403816,6.48,6.221583366,6.48,6.5486269,,,,,,,,,0.94,0.901847363,0.94,0.948049426,0.94,0.909627199,0.94,0.80940038,,,,,,,,,1.63,1.594436884,1.63,1.756357789,1.63,1.788427234,1.63,1.690521955,,,,,,,,,1.49,1.579189897,1.49,1.671706557,1.49,1.77306819,1.49,1.700878143,,,,,,,,,6.15,6.408004761,6.15,6.427974701,6.15,6.713387489,6.15,6.434252262,,,,,,,,,7.62,6.86580658,7.62,7.226449966,7.62,6.409438133,7.62,6.585522175,,,,,,,,,4.43,4.498699188,4.43,4.350621223,4.43,4.466846466,4.43,4.49156332,,,,,,,,,5.73,6.508663177,5.73,6.76255703,5.73,6.34076786,5.73,6.289674759,,,,,,,,,4.02,4.011338711,4.02,3.84743762,4.02,4.016922474,4.02,4.038099766,,,,,,,,,6.48,6.28955698,6.48,6.121605873,6.48,6.373476982,6.48,6.224449158,,,,,,,,,3.95,4.345135689,3.95,4.263609886,3.95,4.414798737,3.95,4.095076084,,,,,,,,,9.45,9.119263649,9.45,9.251708984,9.45,9.210587502,9.45,8.875437737,,,,,,,,,1.42,1.570718884,1.42,1.668424726,1.42,1.625622153,1.42,1.745537519,,,,,,,,,0.69,0.652518511,0.69,0.863515258,0.69,0.697790384,0.69,0.728248179,,,,,,,,,2.72,2.445964098,2.72,2.28628397,2.72,2.393522501,2.72,2.384339333,,,,,,,,,3.04,2.825826645,3.04,2.640443087,3.04,2.839739561,3.04,3.23156476,,,,,,,,,0.6,0.723531008,0.6,0.778576255,0.6,0.584781587,0.6,0.492386758,,,,,,,,,1.88,2.015779972,1.88,1.825282812,1.88,2.060048103,1.88,1.812597275,,,,,,,,,4.32,4.512922764,4.32,4.523973465,4.32,4.488095284,4.32,4.548567772,,,,,,,,,1.49,1.814907432,1.49,1.714773297,1.49,1.894544601,1.49,1.675035477,,,,,,,,,0.81,0.892905235,0.81,0.953566432,0.81,0.939156771,0.81,0.864984095,,,,,,,,,0.73,1.166811585,0.73,1.383418202,0.73,1.388605952,0.73,1.352797747,,,,,,,,,4.31,4.484071255,4.31,4.469573975,4.31,4.492555618,4.31,4.540467262,,,,,,,,,4.36,5.503279686,4.36,5.34931612,4.36,5.651585579,4.36,5.301896095,,,,,,,,,3.6,3.477443933,3.6,3.254903316,3.6,3.429781675,3.6,3.772662401,,,,,,,,,0.84,0.924837351,0.84,1.024788737,0.84,1.057440281,0.84,0.768389404,,,,,,,,,6.06,6.618214607,6.06,6.408777714,6.06,6.457522392,6.06,6.402589798,,,,,,,,,0.7,0.776470661,0.7,0.672864318,0.7,0.89155674,0.7,1.141663074,,,,,,,,,0.77,0.827960968,0.77,1.068081498,0.77,0.787106097,0.77,0.947498262,,,,,,,,,6.47,6.728204727,6.47,6.462076664,6.47,6.497589111,6.47,6.376029968,,,,,,,,,4.85,5.048036098,4.85,4.928435802,4.85,4.86128521,4.85,4.706285954,,,,,,,,,0.93,1.182326078,0.93,1.59233129,0.93,1.096196651,0.93,1.293894649,,,,,,,,,2.79,2.986532927,2.79,2.941964626,2.79,2.886218548,2.79,3.003336191,,,,,,,,,0.7,1.045269966,0.7,0.910702109,0.7,1.149984598,0.7,1.504287958,,,,,,,,
6.15,5.651906013,6.15,6.609954834,6.15,6.889256477,6.15,6.192527294,,,,,,,,,4.1,4.100250721,4.1,4.832769394,4.1,4.720570564,4.1,5.422411919,,,,,,,,,1.42,1.00182271,1.42,1.738129735,1.42,1.287506819,1.42,0.910116196,,,,,,,,,3.6,2.892318249,3.6,3.129750252,3.6,2.950560808,3.6,3.61862421,,,,,,,,,6.15,5.534991264,6.15,6.265016079,6.15,6.530550003,6.15,7.068292141,,,,,,,,,3.75,4.412847042,3.75,4.701474667,3.75,4.822859764,3.75,4.494243145,,,,,,,,,5.73,6.564368248,5.73,6.281504154,5.73,7.228265762,5.73,6.395754814,,,,,,,,,4.88,5.769695282,4.88,5.389025688,4.88,5.435138702,4.88,5.184690475,,,,,,,,,0.8,0.880406141,0.8,0.744241655,0.8,1.048640013,0.8,0.684358478,,,,,,,,,0.68,0.603608489,0.68,0.560183406,0.68,0.865305066,0.68,0.566643655,,,,,,,,,0.69,0.601258039,0.69,0.652629614,0.69,0.615975142,0.69,0.462785661,,,,,,,,,4.5,4.466694355,4.5,4.418418884,4.5,4.468716621,4.5,4.639342785,,,,,,,,,4.36,4.795677185,4.36,4.998067379,4.36,5.357608795,4.36,5.075973511,,,,,,,,,0.69,0.524611473,0.69,0.708160758,0.69,0.573698759,0.69,0.516880095,,,,,,,,,5.73,6.47144413,5.73,6.256093025,5.73,6.617079735,5.73,6.478034496,,,,,,,,,6.06,6.185451031,6.06,6.520685196,6.06,7.199001312,6.06,6.728601933,,,,,,,,,6.47,6.567110538,6.47,6.460290432,6.47,6.650642395,6.47,6.767390251,,,,,,,,,0.84,0.936850309,0.84,0.791987777,0.84,0.914389372,0.84,0.950358272,,,,,,,,,4.75,4.56845665,4.75,4.883854866,4.75,4.798563957,4.75,5.173812866,,,,,,,,,4.02,4.207773209,4.02,4.109553337,4.02,4.141753197,4.02,4.36644268,,,,,,,,,3.04,3.120185614,3.04,2.464370012,3.04,2.969082832,3.04,2.860408783,,,,,,,,,4.31,4.696851254,4.31,4.446588516,4.31,4.473620415,4.31,4.575087547,,,,,,,,,0.7,0.605334997,0.7,0.672734618,0.7,0.677868247,0.7,0.688441455,,,,,,,,,6.48,6.337405205,6.48,6.184947968,6.48,6.215099335,6.48,6.174971581,,,,,,,,,0.85,0.737782955,0.85,0.697649002,0.85,1.046360493,0.85,0.932318509,,,,,,,,,1.63,1.767357945,1.63,1.700135589,1.63,1.87331605,1.63,1.680565596,,,,,,,,,4.02,3.929443598,4.02,3.816282034,4.02,3.975881338,4.02,3.960943699,,,,,,,,,5.73,6.383157253,5.73,6.447597027,5.73,6.340916634,5.73,6.260653019,,,,,,,,,0.77,0.768999696,0.77,0.822683275,0.77,0.775416315,0.77,0.844072998,,,,,,,,,6.47,6.649430752,6.47,6.705605507,6.47,6.612117767,6.47,6.560577393,,,,,,,,,0.69,0.646163464,0.69,0.892589927,0.69,0.691162109,0.69,0.778176844,,,,,,,,,0.7,0.858407021,0.7,0.621123195,0.7,0.924541354,0.7,1.303130627,,,,,,,,,3.04,2.822585821,3.04,2.614541769,3.04,2.839416265,3.04,3.246315002,,,,,,,,,0.84,0.91123271,0.84,1.136826396,0.84,1.056041002,0.84,0.871548176,,,,,,,,,7.62,7.877151489,7.62,7.550188541,7.62,7.858469009,7.62,8.598110199,,,,,,,,,0.68,0.871749163,0.68,0.616850257,0.68,0.904078126,0.68,1.208016634,,,,,,,,,0.87,0.911778688,0.87,1.034967303,0.87,0.855569124,0.87,0.834179461,,,,,,,,,0.93,1.046686172,0.93,1.373428702,0.93,1.191443443,0.93,1.120542526,,,,,,,,,0.85,0.921578884,0.85,0.56459558,0.85,0.914410532,0.85,1.119668007,,,,,,,,,0.93,1.04493928,0.93,1.42006433,0.93,1.196099162,0.93,1.132867575,,,,,,,,,0.81,0.71565485,0.81,1.002948642,0.81,0.943546057,0.81,0.822502911,,,,,,,,,1.63,1.909008503,1.63,1.849257827,1.63,2.015567541,1.63,1.759075403,,,,,,,,,6.47,6.667970181,6.47,6.527617931,6.47,6.686081886,6.47,6.862248898,,,,,,,,,9.45,9.341658592,9.45,9.663305283,9.45,9.775960922,9.45,9.682623863,,,,,,,,,0.85,0.861805439,0.85,0.747842669,0.85,0.966728806,0.85,1.23889637,,,,,,,,,6.15,6.248203754,6.15,5.949959278,6.15,5.934138298,6.15,6.02514267,,,,,,,,,5.73,6.107664585,5.73,6.009094715,5.73,6.130309105,5.73,6.102300644,,,,,,,,,6.47,6.767024517,6.47,6.473213196,6.47,6.497467995,6.47,6.341613293,,,,,,,,,3.37,3.389527082,3.37,3.367680788,3.37,3.256730795,3.37,3.470010281,,,,,,,,,1.63,2.106723309,1.63,2.054466009,1.63,2.060178041,1.63,2.043988943,,,,,,,,
2.72,3.008607626,2.72,3.038939476,2.72,2.714612246,2.72,2.898168564,,,,,,,,,0.6,0.584053755,0.6,0.18374595,0.6,0.653628469,0.6,0.557210684,,,,,,,,,4.88,5.262809753,4.88,5.659455776,4.88,5.792334557,4.88,6.174789429,,,,,,,,,3.37,3.652995348,3.37,3.860576153,3.37,3.659146786,3.37,3.792615891,,,,,,,,,4.01,5.00297451,4.01,4.96571207,4.01,5.37565136,4.01,5.086596966,,,,,,,,,0.81,0.931694746,0.81,0.929150462,0.81,1.008056402,0.81,0.940832913,,,,,,,,,4.51,4.497807026,4.51,4.379995823,4.51,4.474588394,4.51,4.453753471,,,,,,,,,3.75,3.991528511,3.75,4.558625698,3.75,4.491170883,3.75,4.275458336,,,,,,,,,6.06,6.749782562,6.06,6.697229385,6.06,7.549687386,6.06,6.688876629,,,,,,,,,4.01,4.871839523,4.01,4.423197746,4.01,4.648204803,4.01,4.480154514,,,,,,,,,3.64,3.771294594,3.64,3.659257412,3.64,3.440887451,3.64,3.511049032,,,,,,,,,0.69,0.71597898,0.69,0.61864078,0.69,0.719797611,0.69,0.802719474,,,,,,,,,4.02,4.045794964,4.02,3.786197186,4.02,4.346182823,4.02,4.113234997,,,,,,,,,0.69,0.563548088,0.69,0.678608298,0.69,0.663755417,0.69,0.698012471,,,,,,,,,3.04,2.687645912,3.04,3.073506117,3.04,3.192471981,3.04,3.119205475,,,,,,,,,2.79,2.619435072,2.79,2.893658161,2.79,2.610038996,2.79,2.444780588,,,,,,,,,3.6,3.301790476,3.6,3.285695076,3.6,3.527982235,3.6,3.708299875,,,,,,,,,0.69,0.52925992,0.69,0.677481532,0.69,0.612964869,0.69,0.707497895,,,,,,,,,0.73,1.037020922,0.73,0.807239413,0.73,0.944072247,0.73,0.950167477,,,,,,,,,6.47,6.233094215,6.47,6.1399436,6.47,6.577817917,6.47,6.127155781,,,,,,,,,6.48,6.197646141,6.48,6.375135422,6.48,6.129901886,6.48,6.215208054,,,,,,,,,0.84,0.995560646,0.84,0.795285344,0.84,0.9592821,0.84,0.790399015,,,,,,,,,2.16,2.121946573,2.16,2.179244518,2.16,2.288566351,2.16,2.05775857,,,,,,,,,1.05,1.093913317,1.05,0.879384398,1.05,1.09173727,1.05,0.979392529,,,,,,,,,0.6,0.625774503,0.6,0.66059494,0.6,0.537704587,0.6,0.62908119,,,,,,,,,4.4,4.451483727,4.4,4.322349548,4.4,4.470740318,4.4,4.491156578,,,,,,,,,5.73,6.388557911,5.73,6.493533611,5.73,6.351219177,5.73,6.243083477,,,,,,,,,4.75,5.047238827,4.75,4.640504837,4.75,5.062696457,4.75,5.417294502,,,,,,,,,1.63,1.880453706,1.63,1.758115053,1.63,1.897637606,1.63,1.711410999,,,,,,,,,0.73,0.907413244,0.73,0.903590083,0.73,0.9906497,0.73,0.800767481,,,,,,,,,0.68,0.684230328,0.68,0.862518668,0.68,0.906063437,0.68,1.333007813,,,,,,,,,6.48,6.289759636,6.48,6.0469203,6.48,6.210918427,6.48,6.617790699,,,,,,,,,5.73,6.267148495,5.73,6.305371284,5.73,6.314759254,5.73,6.388169289,,,,,,,,,0.59,0.547428131,0.59,0.687664866,0.59,0.831593871,0.59,0.568629682,,,,,,,,,0.67,0.685136318,0.67,0.702514529,0.67,0.850573301,0.67,0.722397447,,,,,,,,,4.32,4.509881973,4.32,4.513018608,4.32,4.489419937,4.32,4.548692226,,,,,,,,,0.7,0.764494419,0.7,0.817320704,0.7,0.771307468,0.7,0.658798397,,,,,,,,,1.05,1.037697315,1.05,1.141063571,1.05,1.132983923,1.05,1.061737061,,,,,,,,,0.94,0.787066698,0.94,1.004962802,0.94,0.850843191,0.94,0.828344882,,,,,,,,,0.69,0.509178638,0.69,0.124029972,0.69,0.692014456,0.69,0.798488975,,,,,,,,,1.88,1.881913662,1.88,1.847555161,1.88,2.019153357,1.88,1.767147064,,,,,,,,,0.84,0.924835682,0.84,1.02478683,0.84,1.057439566,0.84,0.768388927,,,,,,,,,4.52,4.38090086,4.52,4.368019104,4.52,4.482926369,4.52,4.49406147,,,,,,,,,4.02,4.011057377,4.02,3.814676523,4.02,3.913890362,4.02,4.066145897,,,,,,,,,1.93,1.982166529,1.93,1.776323199,1.93,2.081342936,1.93,2.09088397,,,,,,,,,3.75,3.850129843,3.75,3.728510857,3.75,3.731643438,3.75,3.935725212,,,,,,,,,4.02,3.957879543,4.02,3.884246349,4.02,3.81356144,4.02,4.102396965,,,,,,,,,2.79,2.976210833,2.79,2.889146805,2.79,2.893874168,2.79,2.975365162,,,,,,,,,6.47,6.578023434,6.47,6.563527107,6.47,6.738181114,6.47,6.88566494,,,,,,,,,6.64,6.479969025,6.64,6.099162102,6.64,6.44942379,6.64,6.768932343,,,,,,,,
4.01,5.549576283,4.01,4.707841873,4.01,5.795767784,4.01,5.309780121,,,,,,,,,3.37,3.135116816,3.37,4.324557781,3.37,4.256728172,3.37,4.60235405,,,,,,,,,0.64,0.263260335,0.64,0.610207438,0.64,0.584770679,0.64,0.652353644,,,,,,,,,7.62,6.264865875,7.62,6.20238781,7.62,7.0659132,7.62,7.063005447,,,,,,,,,2.72,2.82978034,2.72,2.80972147,2.72,2.546990156,2.72,2.959208965,,,,,,,,,0.6,0.702571869,0.6,0.387458891,0.6,0.63718617,0.6,0.735440373,,,,,,,,,0.87,0.979614377,0.87,0.938848853,0.87,0.924116135,0.87,0.911195338,,,,,,,,,4.88,5.769694805,4.88,5.389026165,4.88,5.435137749,4.88,5.184690952,,,,,,,,,0.68,0.627311587,0.68,0.505578935,0.68,0.886348367,0.68,0.595531166,,,,,,,,,4.02,4.316558838,4.02,3.937153578,4.02,4.001545906,4.02,3.905988216,,,,,,,,,0.68,0.594507217,0.68,0.628555715,0.68,0.865517259,0.68,0.622513413,,,,,,,,,0.86,0.852163196,0.86,0.50072217,0.86,0.992400527,0.86,0.719493687,,,,,,,,,3.95,3.612342119,3.95,3.769114256,3.95,3.758482218,3.95,4.035181046,,,,,,,,,7.62,7.918157578,7.62,7.256015778,7.62,8.237558365,7.62,8.524608612,,,,,,,,,6.48,6.307094574,6.48,5.696595669,6.48,6.303795815,6.48,6.43265152,,,,,,,,,0.77,0.783643723,0.77,0.610907435,0.77,0.576375008,0.77,0.818998516,,,,,,,,,0.81,0.856226325,0.81,0.893857837,0.81,0.847429991,0.81,0.824783027,,,,,,,,,6.48,6.194480419,6.48,6.162464142,6.48,6.161506653,6.48,6.408046722,,,,,,,,,9.45,8.373342514,9.45,8.033198357,9.45,8.422392845,9.45,9.180704117,,,,,,,,,4.38,4.590818405,4.38,4.453753948,4.38,4.468251228,4.38,4.557815552,,,,,,,,,4.01,4.314094543,4.01,4.017166615,4.01,4.417322159,4.01,4.774973392,,,,,,,,,0.93,1.025053263,0.93,1.279744506,0.93,1.005073905,0.93,1.035961151,,,,,,,,,2.79,2.671922684,2.79,2.582682371,2.79,2.707361937,2.79,2.609596491,,,,,,,,,4.36,5.400365353,4.36,5.38427639,4.36,5.281461716,4.36,5.082324982,,,,,,,,,6.06,6.659716606,6.06,6.723520279,6.06,7.101101875,6.06,6.505908966,,,,,,,,,9.45,9.130065918,9.45,9.275362015,9.45,9.243106842,9.45,8.840304375,,,,,,,,,0.93,1.031884909,0.93,1.128000617,0.93,1.037731171,0.93,1.057429433,,,,,,,,,3.04,2.74938488,3.04,2.335477114,3.04,2.947658062,3.04,2.983527184,,,,,,,,,0.73,1.198104739,0.73,1.319772363,0.73,1.220390439,0.73,1.373913527,,,,,,,,,1.05,1.046169043,1.05,1.05773437,1.05,1.12005949,1.05,0.923219383,,,,,,,,,3.37,3.23976779,3.37,3.176874399,3.37,3.38449192,3.37,3.198127747,,,,,,,,,0.6,0.733898878,0.6,0.786013126,0.6,0.902456641,0.6,1.3595649,,,,,,,,,6.64,6.442921638,6.64,6.225802898,6.64,6.379540443,6.64,6.932011604,,,,,,,,,6.06,6.378441811,6.06,6.348206043,6.06,6.671694756,6.06,6.429796219,,,,,,,,,0.94,0.973198295,0.94,0.960246921,0.94,0.862694502,0.94,0.870824754,,,,,,,,,6.06,6.4779706,6.06,6.370984077,6.06,6.686849594,6.06,6.530323982,,,,,,,,,3.37,3.304022551,3.37,3.11453414,3.37,3.462650537,3.37,3.340639353,,,,,,,,,2.72,2.248158216,2.72,2.277487993,2.72,2.444652319,2.72,2.305774927,,,,,,,,,0.85,0.921578646,0.85,0.56459558,0.85,0.91441071,0.85,1.119667768,,,,,,,,,0.75,0.634322882,0.75,0.449511379,0.75,0.64765954,0.75,0.682721555,,,,,,,,,5.73,6.150997639,5.73,6.038367748,5.73,6.264951706,5.73,6.235893726,,,,,,,,,0.6,0.977372169,0.6,0.824398398,0.6,1.123335123,0.6,1.094423771,,,,,,,,,0.75,0.553514957,0.75,0.469625324,0.75,0.648106098,0.75,0.70368129,,,,,,,,,0.6,0.543523908,0.6,0.765274167,0.6,0.725854754,0.6,0.583913505,,,,,,,,,0.93,1.108056784,0.93,1.528084159,0.93,1.133896828,0.93,1.203553677,,,,,,,,,9.45,9.40625,9.45,9.656722069,9.45,9.776855469,9.45,9.678742409,,,,,,,,,0.85,0.94999814,0.85,0.827123046,0.85,1.047480702,0.85,1.359771013,,,,,,,,,4.85,5.077343941,4.85,4.962536812,4.85,4.861533165,4.85,4.731099606,,,,,,,,,0.69,0.498959512,0.69,0.201069683,0.69,0.62561059,0.69,0.705561638,,,,,,,,,0.84,0.930554628,0.84,0.375673145,0.84,1.041891098,0.84,0.943952203,,,,,,,,
0.73,0.955969274,0.73,0.995968223,0.73,0.978586674,0.73,0.97834605,,,,,,,,,0.8,1.195241809,0.8,0.529800057,0.8,1.226162434,0.8,0.582061112,,,,,,,,,0.86,0.724500895,0.86,0.744061291,0.86,0.765770078,0.86,1.139282227,,,,,,,,,0.77,-0.111299664,0.77,0.88775301,0.77,0.978489637,0.77,0.761946559,,,,,,,,,4.01,5.00297451,4.01,4.96571207,4.01,5.37565136,4.01,5.086596966,,,,,,,,,0.8,0.895706296,0.8,0.878530383,0.8,0.75753063,0.8,0.789142609,,,,,,,,,0.69,0.587246656,0.69,0.51466167,0.69,0.753031492,0.69,0.576813042,,,,,,,,,0.94,1.020509124,0.94,0.908669353,0.94,0.8899405,0.94,0.93939656,,,,,,,,,3.95,3.60573411,3.95,3.641609907,3.95,3.314893484,3.95,3.753232956,,,,,,,,,0.94,0.979023337,0.94,0.882873416,0.94,0.884692192,0.94,0.94968611,,,,,,,,,0.67,0.617149711,0.67,0.6346277,0.67,0.667283297,0.67,0.710741997,,,,,,,,,6.47,6.803888321,6.47,6.650836468,6.47,6.914961815,6.47,6.642094612,,,,,,,,,0.69,0.545170069,0.69,0.709044993,0.69,0.565525293,0.69,0.482886851,,,,,,,,,1.93,1.952091455,1.93,2.290078163,1.93,2.548130274,1.93,2.060247421,,,,,,,,,7.62,7.951104641,7.62,7.368813038,7.62,8.247924805,7.62,8.402897835,,,,,,,,,4.02,4.061810493,4.02,3.998399019,4.02,4.253635406,4.02,4.033210278,,,,,,,,,6.15,6.109223366,6.15,6.060342312,6.15,6.62206459,6.15,6.219005108,,,,,,,,,0.77,0.758137703,0.77,0.608867526,0.77,0.578173816,0.77,0.855765045,,,,,,,,,4.1,4.294647694,4.1,4.06653595,4.1,4.49104023,4.1,4.434474468,,,,,,,,,4.75,4.615440369,4.75,4.767372131,4.75,4.826962471,4.75,5.160402298,,,,,,,,,0.94,0.894515634,0.94,0.882535815,0.94,0.86091876,0.94,0.80672729,,,,,,,,,6.06,6.85544014,6.06,7.013616562,6.06,7.309542656,6.06,6.828440666,,,,,,,,,6.64,6.514252186,6.64,6.404653549,6.64,6.368777275,6.64,6.340987206,,,,,,,,,4.02,4.024898529,4.02,3.874573469,4.02,4.051208496,4.02,4.110892773,,,,,,,,,4.36,5.394964218,4.36,5.32545805,4.36,5.309977531,4.36,5.038322449,,,,,,,,,1.88,1.821368337,1.88,1.750052333,1.88,1.937580585,1.88,1.73150897,,,,,,,,,0.6,0.74488163,0.6,0.721268058,0.6,0.935599446,0.6,1.009159803,,,,,,,,,6.48,6.307965755,6.48,6.069307327,6.48,6.286670685,6.48,6.324793816,,,,,,,,,4.01,4.475650311,4.01,4.007630825,4.01,4.506254196,4.01,4.700210571,,,,,,,,,0.56,0.975034416,0.56,0.948132634,0.56,0.648625731,0.56,0.677678883,,,,,,,,,3.64,3.968757868,3.64,3.76992178,3.64,3.837029219,3.64,4.214631557,,,,,,,,,0.56,0.921731591,0.56,0.929438353,0.56,0.730440676,0.56,0.658672869,,,,,,,,,2.72,2.50494051,2.72,2.268974781,2.72,2.423179626,2.72,2.34612298,,,,,,,,,0.64,0.472409934,0.64,0.478801101,0.64,0.608597279,0.64,0.513198555,,,,,,,,,0.81,0.980640411,0.81,0.928409457,0.81,0.935340643,0.81,0.886224329,,,,,,,,,4.39,4.503814697,4.39,4.509171009,4.39,4.489115715,4.39,4.545565128,,,,,,,,,1.42,1.61000514,1.42,1.723464847,1.42,1.829298496,1.42,1.725133419,,,,,,,,,1.42,1.571577191,1.42,1.735522032,1.42,1.804500341,1.42,1.728102207,,,,,,,,,6.06,6.620133877,6.06,6.454579353,6.06,6.578501701,6.06,6.546611786,,,,,,,,,0.86,0.854471684,0.86,0.459694237,0.86,0.969526947,0.86,0.672467053,,,,,,,,,0.86,0.837294102,0.86,0.470155567,0.86,0.958866179,0.86,0.677072227,,,,,,,,,0.94,0.843973875,0.94,1.039429545,0.94,0.845203161,0.94,0.796484888,,,,,,,,,6.47,6.618216038,6.47,6.408777237,6.47,6.457522392,6.47,6.402590752,,,,,,,,,1.88,1.956223249,1.88,1.86646688,1.88,2.024683952,1.88,1.777926683,,,,,,,,,0.7,0.704414487,0.7,0.880894423,0.7,0.856632113,0.7,0.697264135,,,,,,,,,0.87,0.862009168,0.87,1.13697803,0.87,0.978413343,0.87,0.765453279,,,,,,,,,1.49,1.836616635,1.49,1.743850112,1.49,1.863281727,1.49,1.694829941,,,,,,,,,0.7,0.957078457,0.7,0.83142364,0.7,1.053062916,0.7,1.383411407,,,,,,,,,2.16,2.310494661,2.16,2.203759909,2.16,1.939797878,2.16,1.934479952,,,,,,,,,4.85,5.121249199,4.85,5.010509491,4.85,4.9028759,4.85,4.735185146,,,,,,,,
